AX1- 1b mag compass orientation (IGRF corrected)
      0  71.1  93.0   0.0   0.0   1.0
NRM    298.3  49.9 298.3  49.9 2.16E-03 000.8 209.0  25.6 0.815605 1.117481 2.679900 hargrave 2019-09-13 16:58:18 
TT 100 294.7  47.0 294.7  47.0 2.06E-03 001.5 213.2  25.6 1.713495 4.394221 2.986964 hargrave 2019-09-20 12:26:23 
TT 150 296.6  48.5 296.6  48.5 2.00E-03 003.4 211.0  25.6 4.434303 10.64861 2.739675 hargrave 2019-09-20 19:15:16 
TT 200 292.8  44.7 292.8  44.7 1.94E-03 004.7 216.2  25.8 7.830936 13.84445 2.523119 hargrave 2019-09-21 15:07:06 
TT 250 294.1  46.0 294.1  46.0 1.89E-03 001.9 214.4  25.8 2.102599 4.602302 3.685918 hargrave 2019-09-22 12:44:46 
TT 300 297.4  48.1 297.4  48.1 1.82E-03 002.4 211.0  26.3 4.167145 5.955662 3.076857 hargrave 2019-09-22 18:38:53 
TT 350 290.3  42.8 290.3  42.8 1.76E-03 003.2 219.0  25.3 5.320266 8.050485 1.369335 hargrave 2019-09-27 18:24:28 
TT 400 291.7  44.1 291.7  44.1 1.62E-03 002.3 217.1  25.5 2.723750 5.316631 2.626056 hargrave 2019-09-28 14:14:48 
TT 450 291.6  43.9 291.6  43.9 1.36E-03 001.6 217.4  25.5 0.531670 2.504593 2.833601 hargrave 2019-09-29 12:08:54 
TT 475 289.5  41.7 289.5  41.7 1.22E-03 001.3 220.4  25.3 0.492816 1.211550 2.353544 hargrave 2019-09-29 17:50:48 
TT 500 290.3  41.9 290.3  41.9 1.03E-03 004.5 219.8  25.8 5.487340 5.949996 0.608663 hargrave 2019-10-04 15:42:10 
TT 520 293.0  45.2 293.0  45.2 7.40E-04 003.6 215.6  25.6 2.850578 3.627130 0.435205 hargrave 2019-10-05 18:08:35 
TT 540 293.0  44.4 293.0  44.4 3.44E-04 000.9 216.3  26.1 0.354006 0.348501 0.220125 hargrave 2019-10-06 15:14:04 
TT 545 291.5  43.7 291.5  43.7 2.45E-04 002.8 217.7  25.6 0.768409 0.910583 0.120314 hargrave 2019-10-14 11:33:37 
TT 550 293.7  45.2 293.7  45.2 1.72E-04 000.9 215.2  26.1 0.060135 0.197544 0.209182 hargrave 2019-10-14 17:56:19 
TT 555 291.1  43.3 291.1  43.3 1.21E-04 001.3 218.1  25.5 0.143464 0.230027 0.124421 hargrave 2019-10-19 16:28:28 
TT 560 294.8  46.2 294.8  46.2 1.03E-04 001.9 213.9  26.1 0.101448 0.273483 0.203545 hargrave 2019-10-20 13:49:19 
TT 565 294.7  45.2 294.7  45.2 7.65E-05 003.2 214.8  26.6 0.156013 0.334516 0.222144 hargrave 2019-10-21 08:34:17 
TT 568 297.2  44.2 297.2  44.2 6.25E-05 004.0 214.5  28.6 0.165213 0.350519 0.202074 hargrave 2019-10-21 15:19:17 
TT 570 289.5  42.1 289.5  42.1 5.27E-05 001.1 220.0  25.2 0.049308 0.046717 0.088074 hargrave 2019-10-25 11:42:49 
