AX1- 5b sun compass orientation
      0  97.5  81.0   0.0   0.0   1.0
NRM    292.1  40.9 292.1  40.9 6.85E-04 001.9 229.8  16.9 1.588229 1.561206 0.598845 hargrave 2019-09-13 17:05:42 
TT 100 291.9  42.1 291.9  42.1 6.82E-04 003.4 228.6  16.7 2.995094 2.763421 0.468936 hargrave 2019-09-20 12:31:41 
TT 150 291.9  45.1 291.9  45.1 6.73E-04 003.1 225.5  16.5 2.582135 2.620063 0.452509 hargrave 2019-09-20 19:20:30 
TT 200 291.4  39.5 291.4  39.5 6.61E-04 000.9 231.3  16.4 0.709721 0.698576 0.411136 hargrave 2019-09-21 15:12:27 
TT 250 291.6  40.1 291.6  40.1 6.44E-04 000.8 230.7  16.5 0.634087 0.559166 0.449613 hargrave 2019-09-22 12:50:03 
TT 300 291.9  38.6 291.9  38.6 6.20E-04 003.5 232.3  16.8 3.079075 2.130060 0.363127 hargrave 2019-09-22 18:44:55 
TT 350 291.1  41.1 291.1  41.1 5.94E-04 001.0 229.7  16.1 0.746039 0.488905 0.513010 hargrave 2019-09-27 18:29:10 
TT 400 291.2  36.8 291.2  36.8 5.45E-04 001.8 234.1  16.3 1.364556 1.077559 0.196744 hargrave 2019-09-28 14:20:40 
TT 450 291.5  36.0 291.5  36.0 4.31E-04 000.5 235.0  16.6 0.210805 0.185794 0.317607 hargrave 2019-09-29 12:13:34 
TT 475 291.7  39.2 291.7  39.2 3.67E-04 003.0 231.6  16.6 1.500485 1.224461 0.201774 hargrave 2019-09-29 17:55:30 
TT 500 292.7  40.4 292.7  40.4 3.24E-04 001.4 230.4  17.4 0.537370 0.226418 0.509839 hargrave 2019-10-04 15:48:02 
TT 520 292.9  40.3 292.9  40.3 2.37E-04 003.3 230.4  17.5 0.925627 0.952945 0.349443 hargrave 2019-10-05 18:14:26 
TT 540 292.4  38.6 292.4  38.6 1.20E-04 001.2 232.2  17.2 0.184347 0.077113 0.162517 hargrave 2019-10-06 15:19:55 
TT 545 292.4  38.7 292.4  38.7 8.17E-05 001.1 232.2  17.2 0.124864 0.073414 0.086243 hargrave 2019-10-14 11:39:31 
TT 550 291.3  38.7 291.3  38.7 5.23E-05 002.2 232.2  16.4 0.174039 0.124789 0.034125 hargrave 2019-10-14 18:02:12 
TT 555 293.2  36.7 293.2  36.7 3.36E-05 002.9 234.3  17.9 0.147871 0.106730 0.023010 hargrave 2019-10-19 16:34:21 
TT 560 292.1  38.3 292.1  38.3 2.48E-05 002.0 232.6  17.0 0.061744 0.084591 0.038281 hargrave 2019-10-20 13:55:10 
TT 565 293.3  39.4 293.3  39.4 1.52E-05 005.4 231.4  17.9 0.113369 0.095580 0.027394 hargrave 2019-10-21 08:40:07 
TT 568 293.1  41.4 293.1  41.4 1.35E-05 003.9 229.3  17.6 0.063413 0.062947 0.037585 hargrave 2019-10-21 15:25:10 
TT 570 293.5  34.1 293.5  34.1 1.03E-05 003.3 237.0  18.3 0.046502 0.040999 0.012346 hargrave 2019-10-25 11:48:44 
