AX1- 6b sun compass orientation
      0  80.5  90.0   0.0   0.0   1.0
NRM    297.7  41.3 297.7  41.3 2.40E-04 002.8 222.2  27.0 0.618231 0.926567 0.430422 hargrave 2019-09-13 17:07:26 
TT 100 298.8  42.4 298.8  42.4 2.40E-04 001.4 220.7  27.2 0.244103 0.143876 0.499825 hargrave 2019-09-20 12:33:07 
TT 150 296.8  40.1 296.8  40.1 2.37E-04 002.9 223.8  26.9 0.889597 0.678963 0.472984 hargrave 2019-09-20 19:21:55 
TT 200 293.6  34.0 293.6  34.0 2.33E-04 001.5 231.2  26.9 0.423701 0.146906 0.443632 hargrave 2019-09-21 15:13:53 
TT 250 296.4  39.1 296.4  39.1 2.26E-04 002.5 224.9  27.0 0.710418 0.344294 0.615274 hargrave 2019-09-22 12:51:29 
TT 300 295.7  37.8 295.7  37.8 2.17E-04 003.3 226.5  27.1 0.631613 0.925365 0.536965 hargrave 2019-09-22 18:46:25 
TT 350 295.0  38.2 295.0  38.2 2.05E-04 002.2 226.3  26.4 0.347638 0.628896 0.359032 hargrave 2019-09-27 18:30:17 
TT 400 293.4  35.1 293.4  35.1 1.80E-04 003.0 230.1  26.4 0.532787 0.687129 0.386346 hargrave 2019-09-28 14:22:04 
TT 450 293.8  38.2 293.8  38.2 1.28E-04 002.3 226.7  25.5 0.211680 0.350818 0.329902 hargrave 2019-09-29 12:14:40 
TT 475 292.8  38.4 292.8  38.4 1.05E-04 002.9 226.8  24.8 0.123485 0.461336 0.272559 hargrave 2019-09-29 17:56:38 
TT 500 294.2  40.3 294.2  40.3 8.66E-05 002.9 224.4  25.0 0.268018 0.317017 0.121161 hargrave 2019-10-04 15:49:26 
TT 520 293.1  37.7 293.1  37.7 5.60E-05 003.3 227.5  25.3 0.218588 0.223535 0.098010 hargrave 2019-10-05 18:15:49 
TT 540 294.4  39.8 294.4  39.8 2.54E-05 005.8 224.9  25.3 0.175275 0.190797 0.055278 hargrave 2019-10-06 15:21:18 
TT 545 293.2  38.1 293.2  38.1 1.87E-05 005.5 227.0  25.1 0.120488 0.133582 0.048245 hargrave 2019-10-14 11:41:01 
TT 550 293.6  40.6 293.6  40.6 1.20E-05 006.0 224.4  24.5 0.078660 0.098793 0.047951 hargrave 2019-10-14 18:03:39 
TT 555 293.2  33.8 293.2  33.8 7.52E-06 006.8 231.5  26.7 0.062959 0.074913 0.020543 hargrave 2019-10-19 16:35:44 
TT 560 301.8  37.9 301.8  37.9 4.59E-06 006.6 223.9  31.4 0.027830 0.041755 0.018287 hargrave 2019-10-20 13:57:27 
TT 565 320.5  34.3 320.5  34.3 2.33E-06 008.2 216.3  45.6 0.018872 0.026085 0.013534 hargrave 2019-10-21 08:41:31 
TT 565 317.3  33.8 317.3  33.8 2.35E-06 007.4 219.3  44.0 0.010673 0.025603 0.014078 hargrave 2019-10-21 10:17:41 
TT 568 317.0  38.9 317.0  38.9 2.64E-06 011.4 214.4  40.5 0.026599 0.042668 0.020761 hargrave 2019-10-21 15:26:35 
TT 570 279.4  21.2 279.4  21.2 1.65E-06 011.2 247.7  17.6 0.017108 0.021869 0.019329 hargrave 2019-10-25 11:50:09 
