AX1- 4b sun compass orientation
      0  97.8  77.0   0.0   0.0   1.0
NRM    295.6  43.3 295.6  43.3 1.04E-03 002.2 228.2  21.8 0.434509 2.138829 3.315618 hargrave 2019-09-13 17:03:08 
TT 100 295.7  47.0 295.7  47.0 1.03E-03 004.7 224.3  21.6 4.560022 6.507138 2.972195 hargrave 2019-09-20 12:30:17 
TT 150 295.2  46.8 295.2  46.8 1.02E-03 001.9 224.5  21.3 0.495389 2.030505 2.742822 hargrave 2019-09-20 19:19:08 
TT 200 294.8  40.5 294.8  40.5 1.01E-03 002.2 231.3  21.2 2.480983 0.836731 2.869226 hargrave 2019-09-21 15:11:00 
TT 250 294.9  43.3 294.9  43.3 9.82E-04 002.3 228.3  21.2 1.435794 2.769147 2.482419 hargrave 2019-09-22 12:48:40 
TT 300 295.0  42.6 295.0  42.6 9.50E-04 001.9 229.0  21.4 2.264235 0.586223 2.224949 hargrave 2019-09-22 18:43:31 
TT 350 294.0  41.2 294.0  41.2 9.09E-04 003.0 230.5  20.6 2.239081 3.151422 2.763697 hargrave 2019-09-27 18:28:03 
TT 400 294.3  44.1 294.3  44.1 8.47E-04 002.8 227.5  20.8 3.251094 1.926952 1.883369 hargrave 2019-09-28 14:19:17 
TT 450 294.7  45.6 294.7  45.6 7.03E-04 001.4 225.9  21.0 1.046319 0.167492 1.356060 hargrave 2019-09-29 12:12:27 
TT 475 294.1  44.6 294.1  44.6 6.12E-04 001.6 226.9  20.7 0.391027 1.007517 1.400535 hargrave 2019-09-29 17:54:23 
TT 500 294.9  43.0 294.9  43.0 5.42E-04 002.5 228.6  21.3 1.219839 0.296718 1.992601 hargrave 2019-10-04 15:46:38 
TT 520 294.9  40.1 294.9  40.1 4.04E-04 002.4 231.7  21.4 0.847972 0.315756 1.478512 hargrave 2019-10-05 18:13:03 
TT 540 295.9  44.5 295.9  44.5 2.00E-04 003.1 226.9  21.9 0.778494 0.248947 0.731673 hargrave 2019-10-06 15:18:32 
TT 545 296.9  43.6 296.9  43.6 1.36E-04 002.1 227.9  22.7 0.207348 0.165755 0.436388 hargrave 2019-10-14 11:38:06 
TT 550 298.0  42.6 298.0  42.6 8.68E-05 001.8 228.9  23.6 0.139945 0.120299 0.223499 hargrave 2019-10-14 18:00:47 
TT 555 296.1  44.5 296.1  44.5 5.67E-05 003.6 227.0  22.1 0.294681 0.158894 0.146564 hargrave 2019-10-19 16:32:56 
TT 560 298.4  41.2 298.4  41.2 3.93E-05 001.6 230.4  24.0 0.082931 0.078478 0.068993 hargrave 2019-10-20 13:53:47 
TT 565 292.5  39.8 292.5  39.8 2.37E-05 003.5 232.0  19.5 0.131053 0.096742 0.021861 hargrave 2019-10-21 08:38:44 
TT 568 291.4  48.2 291.4  48.2 2.24E-05 004.4 223.1  18.7 0.130844 0.125377 0.033631 hargrave 2019-10-21 15:23:46 
TT 570 285.5  40.8 285.5  40.8 1.83E-05 004.0 230.7  14.2 0.100384 0.094347 0.023142 hargrave 2019-10-25 11:47:20 
