AX1- 3b sun compass orientation
      0  98.1  84.0   0.0   0.0   1.0
NRM    295.0  48.3 295.0  48.3 1.25E-03 002.0 221.3  15.7 2.960844 3.012969 1.351825 hargrave 2019-09-13 17:01:26 
TT 100 294.5  47.1 294.5  47.1 1.25E-03 003.6 222.7  15.6 5.588029 5.500326 1.465333 hargrave 2019-09-20 12:28:56 
TT 150 293.7  44.6 293.7  44.6 1.24E-03 001.7 225.3  15.3 2.699955 2.134864 1.499097 hargrave 2019-09-20 19:17:49 
TT 200 293.4  43.1 293.4  43.1 1.21E-03 002.7 226.8  15.2 4.163849 3.568405 1.285039 hargrave 2019-09-21 15:09:40 
TT 250 293.1  42.2 293.1  42.2 1.18E-03 002.3 227.8  15.1 3.531557 2.576598 1.887359 hargrave 2019-09-22 12:47:20 
TT 300 293.1  41.9 293.1  41.9 1.15E-03 001.1 228.2  15.1 0.710276 1.218199 1.816673 hargrave 2019-09-22 18:42:12 
TT 350 291.9  42.0 291.9  42.0 1.11E-03 002.8 228.1  14.2 4.134079 3.281601 1.016853 hargrave 2019-09-27 18:26:54 
TT 400 292.0  43.6 292.0  43.6 1.05E-03 002.8 226.5  14.2 3.764217 2.939961 1.813270 hargrave 2019-09-28 14:17:50 
TT 450 292.2  45.5 292.2  45.5 9.02E-04 004.8 224.5  14.1 4.826288 5.581761 1.848491 hargrave 2019-09-29 12:11:19 
TT 475 291.2  41.6 291.2  41.6 8.12E-04 001.5 228.5  13.8 1.347906 0.788468 1.396133 hargrave 2019-09-29 17:53:14 
TT 500 292.1  43.7 292.1  43.7 7.13E-04 000.9 226.4  14.3 0.760185 0.663701 0.473522 hargrave 2019-10-04 15:45:12 
TT 520 291.5  43.0 291.5  43.0 5.26E-04 000.7 227.1  13.9 0.324809 0.438734 0.321003 hargrave 2019-10-05 18:11:37 
TT 540 292.7  45.5 292.7  45.5 2.62E-04 001.3 224.4  14.5 0.357499 0.487213 0.159881 hargrave 2019-10-06 15:17:06 
TT 545 292.6  46.3 292.6  46.3 1.85E-04 002.9 223.7  14.4 0.651659 0.672790 0.116964 hargrave 2019-10-14 11:36:40 
TT 550 294.0  44.7 294.0  44.7 1.28E-04 003.1 225.2  15.5 0.463253 0.501435 0.161266 hargrave 2019-10-14 17:59:21 
TT 555 292.3  43.5 292.3  43.5 9.13E-05 004.0 226.6  14.4 0.463471 0.433633 0.114636 hargrave 2019-10-19 16:31:30 
TT 560 298.3  46.9 298.3  46.9 7.15E-05 002.3 222.4  18.1 0.148711 0.213395 0.134524 hargrave 2019-10-20 13:52:21 
TT 565 292.3  40.9 292.3  40.9 5.40E-05 005.0 229.2  14.6 0.348084 0.311856 0.123017 hargrave 2019-10-21 08:37:18 
TT 568 291.3  43.9 291.3  43.9 4.89E-05 005.0 226.2  13.7 0.273257 0.300428 0.146560 hargrave 2019-10-21 15:22:19 
TT 570 288.7  41.4 288.7  41.4 4.03E-05 001.8 228.9  11.9 0.082633 0.069776 0.073879 hargrave 2019-10-25 11:45:53 
