AX1- 7b sun compass orientation
      0 100.7  86.0   0.0   0.0   1.0
NRM    296.1  52.4 296.1  52.4 8.78E-04 002.1 217.1  12.5 2.002934 1.627680 1.914373 hargrave 2019-09-13 17:09:14 
TT 100 295.6  51.1 295.6  51.1 8.67E-04 001.7 218.4  12.5 1.483108 1.246647 1.595836 hargrave 2019-09-20 12:35:15 
TT 150 294.8  47.6 294.8  47.6 8.45E-04 003.6 222.0  12.4 3.659916 3.651659 1.356085 hargrave 2019-09-20 19:24:02 
TT 200 294.1  44.3 294.1  44.3 8.20E-04 005.1 225.5  12.4 5.287303 4.844620 1.297233 hargrave 2019-09-21 15:15:20 
TT 250 294.3  45.5 294.3  45.5 7.99E-04 003.0 224.2  12.4 2.981360 2.693224 1.093829 hargrave 2019-09-22 12:52:56 
TT 300 294.6  46.1 294.6  46.1 7.68E-04 001.0 223.5  12.5 0.876775 0.575829 0.953086 hargrave 2019-09-22 18:47:51 
TT 350 293.0  43.0 293.0  43.0 7.37E-04 002.2 226.8  11.7 2.247040 1.217351 1.370450 hargrave 2019-09-27 18:31:24 
TT 400 293.7  44.8 293.7  44.8 6.83E-04 001.3 225.0  12.0 1.265462 0.759872 0.728262 hargrave 2019-09-28 14:23:30 
TT 450 294.7  47.3 294.7  47.3 5.51E-04 002.8 222.3  12.4 1.959346 1.740941 0.571581 hargrave 2019-09-29 12:15:47 
TT 475 294.4  46.2 294.4  46.2 4.68E-04 003.6 223.5  12.4 2.129573 2.028559 0.561909 hargrave 2019-09-29 17:57:45 
TT 500 295.4  45.3 295.4  45.3 4.01E-04 004.5 224.3  13.2 2.301192 1.833760 1.184240 hargrave 2019-10-04 15:50:51 
TT 520 294.8  45.2 294.8  45.2 2.66E-04 004.5 224.5  12.7 1.523834 1.235637 0.745000 hargrave 2019-10-05 18:17:12 
TT 540 296.4  46.1 296.4  46.1 1.30E-04 003.2 223.4  13.7 0.522717 0.358086 0.377590 hargrave 2019-10-06 15:22:43 
TT 545 297.7  48.2 297.7  48.2 9.45E-05 003.2 221.1  14.3 0.360810 0.279405 0.266350 hargrave 2019-10-14 11:42:27 
TT 550 293.4  47.1 293.4  47.1 6.39E-05 003.0 222.7  11.6 0.218519 0.219085 0.127808 hargrave 2019-10-14 18:05:04 
TT 555 295.9  48.2 295.9  48.2 3.85E-05 009.0 221.4  13.1 0.404508 0.451230 0.076889 hargrave 2019-10-19 16:37:09 
TT 555 295.6  48.2 295.6  48.2 3.90E-05 004.5 221.4  12.9 0.216609 0.203649 0.069744 hargrave 2019-10-19 18:09:12 
TT 560 298.6  50.1 298.6  50.1 2.93E-05 006.4 219.0  14.5 0.229596 0.240200 0.035118 hargrave 2019-10-20 13:58:55 
TT 565 304.7  52.1 304.7  52.1 2.17E-05 005.4 216.1  17.7 0.146352 0.151056 0.013150 hargrave 2019-10-21 08:42:54 
TT 568 288.5  51.5 288.5  51.5 2.00E-05 007.0 218.5  08.0 0.159903 0.188925 0.031502 hargrave 2019-10-21 15:28:04 
TT 570 301.6  60.8 301.6  60.8 1.30E-05 004.3 208.0  13.6 0.061893 0.083107 0.007796 hargrave 2019-10-25 11:51:35 
