AX1- 8b sun compass orientation
      0 124.7  87.0   0.0   0.0   1.0
NRM    299.3  48.6 299.3  48.6 1.68E-04 002.8 221.2 -01.3 0.571717 0.589078 0.096394 hargrave 2019-09-13 17:10:58 
TT 100 299.3  44.8 299.3  44.8 1.66E-04 001.0 225.0 -01.7 0.274600 0.132845 0.078111 hargrave 2019-09-20 12:36:42 
TT 150 298.8  46.1 298.8  46.1 1.66E-04 002.3 223.6 -01.9 0.570727 0.389068 0.099210 hargrave 2019-09-20 19:25:24 
TT 200 299.0  45.2 299.0  45.2 1.61E-04 005.9 224.6 -01.9 1.185245 1.197381 0.117808 hargrave 2019-09-21 15:16:43 
TT 250 299.2  45.1 299.2  45.1 1.58E-04 001.0 224.7 -01.8 0.186861 0.196212 0.110503 hargrave 2019-09-22 12:54:19 
TT 300 299.7  44.8 299.7  44.8 1.48E-04 000.6 225.0 -01.4 0.167324 0.118847 0.126794 hargrave 2019-09-22 18:49:15 
TT 350 298.0  47.5 298.0  47.5 1.38E-04 002.3 222.2 -02.3 0.279985 0.512157 0.102497 hargrave 2019-09-27 18:32:34 
TT 400 298.9  44.1 298.9  44.1 1.15E-04 002.2 225.7 -02.1 0.317513 0.297290 0.036868 hargrave 2019-09-28 14:24:56 
TT 450 298.7  42.6 298.7  42.6 6.74E-05 000.9 227.1 -02.4 0.149231 0.118301 0.052913 hargrave 2019-09-29 12:16:55 
TT 475 298.5  47.1 298.5  47.1 5.20E-05 002.5 222.6 -02.0 0.168269 0.152564 0.045650 hargrave 2019-09-29 17:58:54 
TT 500 299.5  46.5 299.5  46.5 4.21E-05 001.8 223.3 -01.4 0.075231 0.092821 0.067496 hargrave 2019-10-04 15:52:17 
TT 520 300.3  49.3 300.3  49.3 2.94E-05 001.6 220.6 -00.6 0.051516 0.066708 0.038247 hargrave 2019-10-05 18:18:38 
TT 540 302.1  45.6 302.1  45.6 1.55E-05 001.3 224.3  00.4 0.031079 0.029585 0.016558 hargrave 2019-10-06 15:24:09 
TT 545 300.7  49.4 300.7  49.4 1.07E-05 002.6 220.5 -00.3 0.054110 0.047215 0.013018 hargrave 2019-10-14 11:43:53 
TT 550 299.1  46.6 299.1  46.6 7.41E-06 003.8 223.2 -01.6 0.050549 0.047799 0.019433 hargrave 2019-10-14 18:06:30 
TT 555 299.4  59.3 299.4  59.3 3.89E-06 004.5 210.6 -00.1 0.026519 0.033003 0.002071 hargrave 2019-10-19 16:39:23 
TT 560 306.7  41.7 306.7  41.7 2.49E-06 002.3 228.4  03.5 0.006485 0.006168 0.006419 hargrave 2019-10-20 14:01:09 
TT 565 299.6  34.4 299.6  34.4 2.70E-06 008.1 235.4 -02.5 0.030884 0.038515 0.006960 hargrave 2019-10-21 08:44:19 
TT 565 299.0  33.8 299.0  33.8 2.70E-06 002.7 235.9 -03.0 0.008859 0.008613 0.007644 hargrave 2019-10-21 10:19:11 
TT 568 290.2  63.1 290.2  63.1 1.98E-06 006.8 206.0 -03.8 0.011503 0.019409 0.008108 hargrave 2019-10-21 15:30:19 
TT 570 354.4  85.1 354.4  85.1 1.01E-06 009.0 183.2  06.7 0.006524 0.014819 0.005758 hargrave 2019-10-25 11:53:02 
