AX1- 2b mag compass orientation (IGRF corrected)
      0 102.1  82.0   0.0   0.0   1.0
NRM    288.0  46.2 288.0  46.2 1.26E-03 000.8 224.3  09.9 1.066115 1.264948 0.726491 hargrave 2019-09-13 16:59:52 
TT 100 287.9  42.1 287.9  42.1 1.25E-03 000.8 228.5  09.7 1.198937 0.920476 0.823562 hargrave 2019-09-20 12:27:40 
TT 150 287.5  40.1 287.5  40.1 1.23E-03 001.0 230.4  09.3 1.665579 1.155140 0.802362 hargrave 2019-09-20 19:16:33 
TT 200 287.3  43.4 287.3  43.4 1.20E-03 000.4 227.2  09.3 0.609455 0.596839 0.535846 hargrave 2019-09-21 15:08:23 
TT 250 287.6  37.1 287.6  37.1 1.17E-03 000.9 233.6  09.2 0.979579 0.791287 1.267565 hargrave 2019-09-22 12:46:03 
TT 300 287.7  40.3 287.7  40.3 1.14E-03 002.8 230.3  09.4 4.194083 3.411387 1.150310 hargrave 2019-09-22 18:40:52 
TT 350 286.6  38.2 286.6  38.2 1.10E-03 001.0 232.4  08.5 1.445753 1.405591 0.402921 hargrave 2019-09-27 18:25:43 
TT 400 287.1  39.3 287.1  39.3 1.03E-03 000.5 231.3  08.9 0.296763 0.413842 0.777054 hargrave 2019-09-28 14:16:21 
TT 450 287.7  40.1 287.7  40.1 8.67E-04 002.8 230.5  09.4 3.048938 2.742959 0.971883 hargrave 2019-09-29 12:10:08 
TT 475 287.8  38.9 287.8  38.9 7.74E-04 002.6 231.7  09.4 2.697448 2.187928 0.817033 hargrave 2019-09-29 17:52:03 
TT 500 288.8  39.4 288.8  39.4 6.75E-04 002.4 231.3  10.2 2.353847 1.538790 0.706918 hargrave 2019-10-04 15:43:42 
TT 520 288.8  39.5 288.8  39.5 5.01E-04 001.4 231.1  10.3 0.737742 0.828256 0.507032 hargrave 2019-10-05 18:10:07 
TT 540 290.0  35.2 290.0  35.2 2.33E-04 001.5 235.6  11.0 0.446969 0.388595 0.194603 hargrave 2019-10-06 15:15:36 
TT 545 289.5  42.5 289.5  42.5 1.58E-04 002.8 228.1  10.9 0.602547 0.473271 0.133096 hargrave 2019-10-14 11:35:10 
TT 550 290.6  37.2 290.6  37.2 9.96E-05 001.9 233.5  11.6 0.267640 0.225194 0.064683 hargrave 2019-10-14 17:57:52 
TT 555 288.7  36.6 288.7  36.6 6.40E-05 005.5 234.1  10.0 0.520291 0.336409 0.045756 hargrave 2019-10-19 16:30:01 
TT 560 290.3  39.8 290.3  39.8 4.84E-05 001.3 230.9  11.4 0.084587 0.069961 0.091576 hargrave 2019-10-20 13:50:52 
TT 565 293.0  35.7 293.0  35.7 3.15E-05 003.6 235.1  13.5 0.176383 0.122810 0.083015 hargrave 2019-10-21 08:35:49 
TT 568 296.7  41.4 296.7  41.4 2.36E-05 005.0 229.1  16.2 0.140968 0.140243 0.087557 hargrave 2019-10-21 15:20:50 
TT 570 288.5  36.0 288.5  36.0 2.13E-05 003.8 234.7  09.8 0.119117 0.094933 0.048076 hargrave 2019-10-25 11:44:22 
