AX10- 1b sun compass orientation
      0  92.2  35.0   0.0   0.0   1.0
NRM    284.9  27.9 284.9  27.9 1.76E-04 001.8 262.8  29.6 0.535955 0.098629 0.091408 hargrave 2019-09-13 18:20:23 
TT 100 283.8  28.4 283.8  28.4 1.76E-04 000.9 261.5  29.4 0.244039 0.151657 0.064859 hargrave 2019-09-20 13:50:46 
TT 150 285.0  27.0 285.0  27.0 1.75E-04 001.4 263.6  29.0 0.391853 0.158531 0.106862 hargrave 2019-09-21 10:31:18 
TT 200 284.2  27.3 284.2  27.3 1.74E-04 001.2 262.7  28.8 0.339981 0.158862 0.089147 hargrave 2019-09-21 16:14:01 
TT 250 283.2  28.2 283.2  28.2 1.71E-04 000.7 261.3  28.9 0.159223 0.083950 0.128298 hargrave 2019-09-22 13:50:36 
TT 300 287.3  25.2 287.3  25.2 1.64E-04 001.0 266.6  28.9 0.243220 0.174820 0.076144 hargrave 2019-09-23 08:19:12 
TT 350 283.4  26.9 283.4  26.9 1.56E-04 001.1 262.4  28.0 0.280699 0.166615 0.037355 hargrave 2019-09-27 21:39:23 
TT 400 282.8  27.6 282.8  27.6 1.47E-04 001.7 261.4  28.2 0.431568 0.088609 0.050554 hargrave 2019-09-28 15:53:54 
TT 450 282.0  27.6 282.0  27.6 1.37E-04 001.4 260.8  27.8 0.331941 0.100335 0.078001 hargrave 2019-09-29 13:20:25 
TT 475 282.6  27.3 282.6  27.3 1.26E-04 001.0 261.5  27.9 0.218354 0.072419 0.054148 hargrave 2019-09-29 18:59:56 
TT 500 283.0  28.1 283.0  28.1 1.21E-04 001.1 261.2  28.7 0.214489 0.080200 0.068191 hargrave 2019-10-04 17:06:11 
TT 520 283.9  27.6 283.9  27.6 1.12E-04 000.6 262.2  28.8 0.054779 0.092355 0.067708 hargrave 2019-10-05 19:28:51 
TT 540 281.2  29.5 281.2  29.5 9.80E-05 002.0 258.8  28.7 0.325332 0.085155 0.060042 hargrave 2019-10-06 16:36:07 
TT 545 281.7  29.6 281.7  29.6 9.35E-05 003.6 259.0  29.2 0.583445 0.119070 0.060994 hargrave 2019-10-14 12:55:28 
TT 550 284.4  28.2 284.4  28.2 8.83E-05 002.4 262.2  29.6 0.357469 0.102336 0.049969 hargrave 2019-10-14 19:17:43 
TT 555 281.2  29.4 281.2  29.4 8.24E-05 002.2 258.8  28.7 0.306183 0.099122 0.046058 hargrave 2019-10-19 17:50:32 
TT 560 282.3  29.4 282.3  29.4 7.43E-05 004.1 259.7  29.3 0.514540 0.128621 0.049610 hargrave 2019-10-20 15:12:24 
TT 565 283.7  26.9 283.7  26.9 3.68E-05 002.5 262.6  28.2 0.144481 0.065078 0.037969 hargrave 2019-10-21 09:55:42 
TT 568 286.0  24.9 286.0  24.9 3.52E-05 002.8 265.8  28.0 0.159888 0.060871 0.031182 hargrave 2019-10-21 16:42:45 
TT 570 281.7  23.8 281.7  23.8 2.18E-05 004.6 263.1  24.7 0.168058 0.062162 0.026943 hargrave 2019-10-25 13:04:59 
TT 572 282.9  23.6 282.9  23.6 1.54E-05 006.1 264.3  25.2 0.160498 0.038472 0.022115 hargrave 2019-10-25 20:03:25 
TT 575 283.0  24.7 283.0  24.7 1.01E-05 004.5 263.6  26.1 0.078149 0.038034 0.006407 hargrave 2019-11-01 12:46:15 
TT 577 280.6  29.3 280.6  29.3 8.60E-06 003.4 258.4  28.3 0.050309 0.013840 0.006080 hargrave 2019-11-01 18:39:02 
TT 579 281.7  29.7 281.7  29.7 7.28E-06 002.0 259.0  29.3 0.024538 0.007284 0.005790 hargrave 2019-11-02 16:46:51 
TT 581 287.8  22.7 287.8  22.7 6.50E-06 002.3 268.8  27.3 0.025908 0.005259 0.004861 hargrave 2019-11-03 15:07:16 
TT 585 284.8  24.9 284.8  24.9 5.64E-06 002.2 264.8  27.3 0.021333 0.003205 0.004191 hargrave 2019-11-04 09:32:42 
TT 600 281.3  08.2 281.3  08.2 3.99E-06 001.7 272.7  11.9 0.011432 0.005087 0.002728 hargrave 2019-11-15 12:59:10 
TT 615 274.3  21.8 274.3  21.8 1.84E-06 008.4 258.7  18.9 0.026442 0.006462 0.001741 hargrave 2019-11-15 19:21:53 
TT 615 278.1  18.0 278.1  18.0 1.84E-06 004.0 264.2  18.0 0.012627 0.003142 0.001646 hargrave 2019-11-15 21:58:38 
TT 630 266.0  55.7 266.0  55.7 9.58E-07 004.6 226.9  39.9 0.005810 0.004978 0.001297 hargrave 2019-11-16 14:42:36 
TT 645 295.9 -05.8 295.9 -05.8 5.15E-07 003.4 293.0  08.4 0.003166 0.001117 0.001383 hargrave 2019-11-23 14:40:43 
TT 660 283.0  06.4 283.0  06.4 8.04E-07 004.9 275.1  11.4 0.006961 0.001354 0.000531 hargrave 2019-11-24 11:16:00 
TT 675 337.3  11.4 337.3  11.4 2.13E-07 005.5 326.1  42.2 0.001858 0.000720 0.001033 hargrave 2019-12-01 18:00:46 
TT 685 291.7 -01.5 291.7 -01.5 3.85E-07 004.1 287.0  09.8 0.002472 0.000961 0.001430 hargrave 2019-12-02 18:20:18 
