AX10- 2b sun compass orientation
      0  93.4  35.0   0.0   0.0   1.0
NRM    286.5  27.1 286.5  27.1 1.78E-04 003.2 263.7  29.3 0.991491 0.107002 0.125627 hargrave 2019-09-13 18:21:53 
TT 100 281.1  30.8 281.1  30.8 1.78E-04 004.2 256.8  29.0 1.265191 0.336024 0.090000 hargrave 2019-09-20 13:52:00 
TT 150 286.9  25.7 286.9  25.7 1.78E-04 000.9 265.0  28.4 0.237013 0.118117 0.120147 hargrave 2019-09-21 10:32:32 
TT 200 282.9  28.7 282.9  28.7 1.76E-04 004.0 259.8  28.4 1.191120 0.280320 0.126416 hargrave 2019-09-21 16:15:15 
TT 250 283.4  28.4 283.4  28.4 1.72E-04 003.9 260.3  28.4 1.138305 0.197353 0.165270 hargrave 2019-09-22 13:51:50 
TT 300 283.2  28.6 283.2  28.6 1.66E-04 004.0 260.0  28.6 1.153142 0.185264 0.117311 hargrave 2019-09-23 08:20:25 
TT 350 288.7  24.0 288.7  24.0 1.54E-04 012.7 267.7  28.1 3.471368 0.234429 0.173616 hargrave 2019-09-27 21:40:47 
TT 350 283.7  26.6 283.7  26.6 1.58E-04 002.8 261.9  27.3 0.763752 0.150672 0.094404 hargrave 2019-09-27 22:33:34 
TT 400 282.0  28.1 282.0  28.1 1.48E-04 002.6 259.5  27.5 0.661649 0.090819 0.060338 hargrave 2019-09-28 15:55:18 
TT 450 283.4  26.6 283.4  26.6 1.40E-04 001.4 261.6  27.2 0.316668 0.064338 0.128314 hargrave 2019-09-29 13:21:49 
TT 475 283.0  27.1 283.0  27.1 1.30E-04 000.8 261.0  27.3 0.117768 0.161915 0.093529 hargrave 2019-09-29 19:01:19 
TT 500 283.1  28.0 283.1  28.0 1.24E-04 000.6 260.4  28.0 0.062424 0.085649 0.090703 hargrave 2019-10-04 17:07:53 
TT 520 282.5  28.4 282.5  28.4 1.14E-04 001.3 259.7  28.0 0.216880 0.109373 0.087667 hargrave 2019-10-05 19:30:34 
TT 540 282.7  28.5 282.7  28.5 9.76E-05 001.3 259.7  28.2 0.192106 0.085736 0.073588 hargrave 2019-10-06 16:37:49 
TT 545 282.1  29.4 282.1  29.4 9.09E-05 002.1 258.6  28.5 0.320069 0.090604 0.057925 hargrave 2019-10-14 12:57:11 
TT 550 279.5  31.3 279.5  31.3 8.52E-05 001.1 255.3  28.5 0.109922 0.102146 0.073097 hargrave 2019-10-14 19:19:25 
TT 555 281.0  29.6 281.0  29.6 7.74E-05 001.1 257.7  28.0 0.119206 0.099376 0.055398 hargrave 2019-10-19 17:52:14 
TT 560 281.5  29.1 281.5  29.1 6.94E-05 001.2 258.3  28.0 0.095017 0.108441 0.073417 hargrave 2019-10-20 15:14:06 
TT 565 282.3  27.3 282.3  27.3 2.72E-05 002.3 260.3  27.0 0.083572 0.081175 0.043587 hargrave 2019-10-21 09:57:24 
TT 568 281.9  26.7 281.9  26.7 2.55E-05 001.8 260.4  26.4 0.045687 0.075891 0.042757 hargrave 2019-10-21 16:44:26 
TT 570 279.9  24.1 279.9  24.1 1.11E-05 003.0 260.6  23.3 0.041312 0.038843 0.033291 hargrave 2019-10-25 13:06:42 
TT 572 285.2  29.2 285.2  29.2 8.57E-06 004.4 261.1  30.1 0.023844 0.015358 0.065617 hargrave 2019-10-25 20:07:17 
TT 575 281.0  23.4 281.0  23.4 5.46E-06 001.8 261.9  23.3 0.015351 0.010982 0.004041 hargrave 2019-11-01 12:49:22 
TT 577 287.1  23.9 287.1  23.9 5.13E-06 001.6 266.5  27.2 0.007908 0.011124 0.008616 hargrave 2019-11-01 18:42:40 
TT 579 286.3  29.0 286.3  29.0 4.12E-06 002.6 262.1  30.6 0.015387 0.010592 0.006931 hargrave 2019-11-02 16:51:14 
TT 581 281.9  32.6 281.9  32.6 2.86E-06 004.1 256.1  30.9 0.015534 0.011487 0.007503 hargrave 2019-11-03 15:09:38 
TT 585 279.7  35.7 279.7  35.7 2.65E-06 002.7 252.0  32.0 0.005330 0.007806 0.008889 hargrave 2019-11-04 09:35:04 
TT 600 279.6  31.6 279.6  31.6 2.03E-06 002.6 255.1  28.8 0.005949 0.009082 0.002185 hargrave 2019-11-15 13:02:47 
TT 615 277.7  44.6 277.7  44.6 1.52E-06 004.9 243.2  37.3 0.005168 0.012975 0.003332 hargrave 2019-11-15 19:24:40 
TT 630 303.0  68.0 303.0  68.0 5.28E-07 011.5 220.5  60.0 0.001283 0.009497 0.005066 hargrave 2019-11-16 14:47:00 
TT 630 291.7  65.3 291.7  65.3 5.23E-07 005.9 223.9  55.0 0.001105 0.004352 0.003159 hargrave 2019-11-16 15:06:25 
TT 645 274.2  23.8 274.2  23.8 8.58E-07 003.9 256.5  19.8 0.005373 0.006082 0.002165 hargrave 2019-11-23 14:43:37 
TT 660 242.1  36.3 242.1  36.3 6.22E-07 005.7 225.3  14.2 0.002404 0.004582 0.003874 hargrave 2019-11-24 11:18:49 
TT 675 004.5 -10.1 004.5 -10.1 5.62E-07 008.4 001.2  24.9 0.001404 0.008095 0.001993 hargrave 2019-12-01 18:03:36 
TT 685 327.1  01.0 327.1  01.0 7.69E-07 003.3 317.7  28.4 0.004926 0.003833 0.001333 hargrave 2019-12-02 18:21:50 
