AX10- 3b sun compass orientation
      0  95.4  37.0   0.0   0.0   1.0
NRM    291.6  22.3 291.6  22.3 2.57E-04 001.9 268.6  27.3 0.806918 0.166046 0.248299 hargrave 2019-09-13 18:23:38 
TT 100 290.6  22.6 290.6  22.6 2.58E-04 000.8 267.6  27.0 0.302939 0.133285 0.183421 hargrave 2019-09-20 13:53:28 
TT 150 294.1  19.2 294.1  19.2 2.57E-04 000.6 272.8  26.4 0.148501 0.159013 0.199012 hargrave 2019-09-21 10:33:59 
TT 200 291.5  21.1 291.5  21.1 2.55E-04 001.5 269.3  26.3 0.608024 0.217952 0.244011 hargrave 2019-09-21 16:16:42 
TT 250 290.1  22.3 290.1  22.3 2.50E-04 006.6 267.4  26.4 2.882976 0.200136 0.279462 hargrave 2019-09-22 13:53:17 
TT 300 292.8  20.0 292.8  20.0 2.42E-04 006.3 271.1  26.2 2.652609 0.181105 0.197937 hargrave 2019-09-23 08:21:56 
TT 350 290.1  20.8 290.1  20.8 2.33E-04 001.5 268.5  25.3 0.603801 0.095632 0.103769 hargrave 2019-09-27 21:42:08 
TT 400 290.0  21.2 290.0  21.2 2.20E-04 001.9 268.1  25.4 0.706292 0.048352 0.112927 hargrave 2019-09-28 15:56:39 
TT 450 291.3  19.8 291.3  19.8 2.06E-04 001.3 270.1  25.2 0.421832 0.101033 0.146986 hargrave 2019-09-29 13:23:10 
TT 475 289.8  20.9 289.8  20.9 1.90E-04 000.5 268.1  25.1 0.097110 0.067383 0.123073 hargrave 2019-09-29 19:02:40 
TT 500 290.3  21.9 290.3  21.9 1.82E-04 001.4 267.8  26.1 0.408880 0.085990 0.142796 hargrave 2019-10-04 17:09:31 
TT 520 289.2  22.5 289.2  22.5 1.71E-04 001.0 266.5  26.0 0.235434 0.078471 0.149414 hargrave 2019-10-05 19:32:11 
TT 540 287.8  23.6 287.8  23.6 1.52E-04 001.2 264.6  26.0 0.270221 0.102753 0.135393 hargrave 2019-10-06 16:39:27 
TT 545 289.1  23.2 289.1  23.2 1.43E-04 001.2 266.0  26.5 0.264094 0.105016 0.106218 hargrave 2019-10-14 12:58:50 
TT 550 288.4  23.6 288.4  23.6 1.36E-04 000.7 265.1  26.4 0.076117 0.134610 0.121404 hargrave 2019-10-14 19:21:02 
TT 555 287.4  24.1 287.4  24.1 1.28E-04 001.5 263.9  26.2 0.298861 0.134171 0.112660 hargrave 2019-10-19 17:53:53 
TT 560 288.2  24.1 288.2  24.1 1.17E-04 001.3 264.6  26.6 0.223614 0.133575 0.117318 hargrave 2019-10-20 15:15:45 
TT 565 289.1  22.2 289.1  22.2 7.37E-05 001.5 266.7  25.7 0.134593 0.112696 0.093420 hargrave 2019-10-21 09:59:02 
TT 568 289.4  21.4 289.4  21.4 5.38E-05 005.6 267.4  25.3 0.517789 0.096066 0.086241 hargrave 2019-10-21 16:46:04 
TT 570 289.1  20.4 289.1  20.4 3.20E-05 003.6 268.0  24.3 0.194718 0.042157 0.021559 hargrave 2019-10-25 13:08:21 
TT 572 287.2  19.7 287.2  19.7 1.90E-05 005.1 266.9  22.6 0.168129 0.029572 0.029666 hargrave 2019-10-25 20:08:54 
TT 575 285.2  25.8 285.2  25.8 1.37E-05 002.0 261.1  26.1 0.042577 0.021805 0.015765 hargrave 2019-11-01 12:51:49 
TT 577 288.7  19.7 288.7  19.7 1.07E-05 001.4 268.1  23.5 0.022926 0.016255 0.010110 hargrave 2019-11-01 18:44:17 
TT 579 288.9  18.0 288.9  18.0 9.20E-06 001.3 269.4  22.4 0.015618 0.012914 0.012790 hargrave 2019-11-02 16:52:51 
TT 581 283.6  24.3 283.6  24.3 7.38E-06 001.7 260.9  24.0 0.019209 0.010596 0.009877 hargrave 2019-11-03 15:10:59 
TT 585 292.4  15.0 292.4  15.0 7.35E-06 002.7 274.3  22.1 0.033555 0.006631 0.005751 hargrave 2019-11-04 09:36:26 
TT 600 283.2  18.5 283.2  18.5 5.02E-06 001.4 264.7  19.4 0.008984 0.006853 0.007781 hargrave 2019-11-15 13:04:25 
TT 615 280.6  26.8 280.6  26.8 2.17E-06 008.3 257.0  24.1 0.029939 0.010504 0.004242 hargrave 2019-11-15 19:26:17 
TT 615 281.4  24.8 281.4  24.8 2.20E-06 005.0 258.9  23.1 0.018088 0.005804 0.003796 hargrave 2019-11-15 22:00:24 
TT 630 192.7  38.5 192.7  38.5 6.67E-07 006.4 185.7  01.7 0.002297 0.006291 0.003976 hargrave 2019-11-16 14:48:38 
TT 645 242.8  49.6 242.8  49.6 7.35E-07 009.5 216.5  23.4 0.005890 0.010640 0.002382 hargrave 2019-11-23 14:45:16 
TT 645 247.6  46.0 247.6  46.0 7.55E-07 005.3 221.6  22.3 0.004380 0.005308 0.001727 hargrave 2019-11-23 15:00:44 
TT 660 355.0  61.7 355.0  61.7 4.62E-07 002.2 208.5  79.7 0.000470 0.001696 0.000324 hargrave 2019-11-24 11:20:27 
TT 675 036.1 -09.6 036.1 -09.6 7.48E-08 005.9 032.9  22.1 0.000777 0.000785 0.000212 hargrave 2019-12-01 18:05:13 
TT 685 335.2 -36.1 335.2 -36.1 2.16E-07 002.4 336.0 -02.9 0.000870 0.000858 0.000451 hargrave 2019-12-02 18:23:19 
