AX11- 1b sun compass orientation
      0   5.7  68.0   0.0   0.0   1.0
NRM    280.3  25.8 280.3  25.8 4.91E-04 000.5 132.8  84.3 0.272289 0.292826 0.092160 hargrave 2019-09-13 18:27:13 
TT 100 279.6  26.0 279.6  26.0 4.93E-04 000.8 138.9  84.7 0.510386 0.522697 0.125294 hargrave 2019-09-20 13:56:59 
TT 150 279.4  25.9 279.4  25.9 4.89E-04 000.7 139.2  84.8 0.498360 0.374701 0.158093 hargrave 2019-09-21 12:22:32 
TT 200 279.6  25.9 279.6  25.9 4.87E-04 000.9 137.9  84.7 0.707652 0.393520 0.226549 hargrave 2019-09-21 18:01:53 
TT 250 279.7  25.5 279.7  25.5 4.83E-04 000.8 134.9  84.9 0.527406 0.352187 0.216974 hargrave 2019-09-22 15:19:43 
TT 300 279.4  25.0 279.4  25.0 4.78E-04 000.6 132.5  85.4 0.370349 0.276980 0.128468 hargrave 2019-09-27 13:22:42 
TT 350 278.2  24.9 278.2  24.9 4.70E-04 000.8 142.0  86.2 0.536611 0.401129 0.187861 hargrave 2019-09-28 10:37:17 
TT 400 278.9  25.3 278.9  25.3 4.55E-04 000.9 138.5  85.6 0.677308 0.319365 0.106971 hargrave 2019-09-28 17:34:48 
TT 450 278.3  25.2 278.3  25.2 4.33E-04 000.9 143.7  86.0 0.568440 0.302304 0.069823 hargrave 2019-09-29 15:10:39 
TT 475 279.0  24.9 279.0  24.9 4.18E-04 000.9 134.1  85.8 0.608311 0.226779 0.079964 hargrave 2019-10-04 12:31:02 
TT 500 279.2  24.9 279.2  24.9 3.91E-04 000.9 132.1  85.7 0.578226 0.205490 0.140814 hargrave 2019-10-04 19:02:26 
TT 520 279.3  24.9 279.3  24.9 3.49E-04 000.9 132.5  85.6 0.492284 0.180928 0.138629 hargrave 2019-10-06 11:53:30 
TT 540 281.1  25.1 281.1  25.1 2.57E-04 000.7 123.3  84.1 0.263173 0.165664 0.099987 hargrave 2019-10-06 18:17:50 
TT 545 282.0  25.3 282.0  25.3 2.26E-04 000.5 120.8  83.4 0.163424 0.129418 0.109611 hargrave 2019-10-14 14:47:13 
TT 550 282.3  25.5 282.3  25.5 1.89E-04 000.6 121.7  83.0 0.154511 0.129834 0.049243 hargrave 2019-10-19 13:20:25 
TT 555 283.1  26.2 283.1  26.2 1.56E-04 000.6 123.3  82.0 0.114309 0.110008 0.069240 hargrave 2019-10-20 10:28:05 
TT 560 284.2  26.4 284.2  26.4 1.07E-04 001.2 121.0  81.1 0.188740 0.125896 0.038073 hargrave 2019-10-20 17:08:55 
TT 565 285.4  25.9 285.4  25.9 7.38E-05 002.1 115.3  80.3 0.260802 0.092349 0.028575 hargrave 2019-10-21 12:12:10 
TT 568 283.6  26.2 283.6  26.2 6.82E-05 002.1 121.9  81.6 0.241468 0.052520 0.018798 hargrave 2019-10-21 18:53:25 
TT 570 283.5  25.4 283.5  25.4 5.37E-05 000.7 117.0  82.1 0.046421 0.045964 0.015466 hargrave 2019-10-25 15:45:44 
TT 575 283.1  26.3 283.1  26.3 4.89E-05 000.6 124.2  82.0 0.038061 0.036795 0.027204 hargrave 2019-10-26 10:15:24 
TT 577 285.8  26.7 285.8  26.7 3.44E-05 001.7 118.8  79.6 0.086858 0.050690 0.012879 hargrave 2019-11-01 14:33:05 
TT 579 285.1  25.8 285.1  25.8 3.25E-05 001.5 116.0  80.6 0.082823 0.026923 0.009859 hargrave 2019-11-02 12:20:38 
TT 581 283.2  25.4 283.2  25.4 2.84E-05 002.1 117.7  82.3 0.103038 0.016582 0.012614 hargrave 2019-11-03 10:40:31 
TT 585 282.9  27.2 282.9  27.2 2.75E-05 001.3 130.1  81.6 0.061377 0.018492 0.013523 hargrave 2019-11-03 17:00:25 
TT 600 284.0  24.6 284.0  24.6 2.30E-05 002.1 110.3  82.0 0.083034 0.013152 0.014890 hargrave 2019-11-15 15:11:45 
TT 615 285.0  26.3 285.0  26.3 2.01E-05 002.2 118.7  80.5 0.075127 0.012599 0.014281 hargrave 2019-11-16 10:13:55 
TT 630 285.3  24.8 285.3  24.8 1.81E-05 002.1 109.4  80.7 0.066193 0.010969 0.006508 hargrave 2019-11-16 16:45:33 
TT 645 285.7  25.1 285.7  25.1 1.19E-05 001.0 110.8  80.3 0.016626 0.013718 0.003018 hargrave 2019-11-23 16:37:34 
TT 660 289.2  22.6 289.2  22.6 8.52E-06 000.8 095.5  77.5 0.008870 0.007148 0.002836 hargrave 2019-12-01 14:06:49 
TT 675 295.6  37.3 295.6  37.3 2.01E-06 002.5 136.1  67.1 0.004902 0.007343 0.001099 hargrave 2019-12-02 12:35:59 
TT 685 208.9  38.8 208.9  38.8 7.26E-07 003.5 236.9  31.3 0.003584 0.002549 0.001581 hargrave 2019-12-06 14:56:49 
