AX11- 9b sun compass orientation
      0  11.2  81.0   0.0   0.0   1.0
NRM    283.5  26.3 283.5  26.3 3.71E-04 001.3 173.1  72.5 0.597890 0.617294 0.128733 hargrave 2019-09-13 18:38:05 
TT 100 285.0  26.1 285.0  26.1 3.71E-04 001.5 168.5  72.5 0.418510 0.863935 0.130538 hargrave 2019-09-20 14:18:10 
TT 150 282.0  26.1 282.0  26.1 3.68E-04 002.2 177.6  72.9 0.438211 1.325215 0.125465 hargrave 2019-09-21 12:32:01 
TT 200 284.4  25.7 284.4  25.7 3.65E-04 003.0 170.1  73.0 0.556947 1.863348 0.133356 hargrave 2019-09-21 18:12:02 
TT 250 284.1  25.8 284.1  25.8 3.62E-04 001.9 171.0  73.0 0.336722 1.164634 0.096581 hargrave 2019-09-22 15:30:53 
TT 300 283.6  25.9 283.6  25.9 3.55E-04 001.5 172.6  72.9 0.314879 0.840019 0.185078 hargrave 2019-09-27 13:34:30 
TT 350 283.0  25.5 283.0  25.5 3.47E-04 003.0 174.2  73.4 0.582772 1.708771 0.142694 hargrave 2019-09-28 10:45:40 
TT 400 282.8  25.8 282.8  25.8 3.38E-04 000.9 174.9  73.1 0.162487 0.505282 0.079661 hargrave 2019-09-28 17:44:19 
TT 450 283.2  25.6 283.2  25.6 3.21E-04 000.7 173.7  73.3 0.243447 0.313888 0.072018 hargrave 2019-09-29 15:18:43 
TT 475 284.1  25.4 284.1  25.4 3.13E-04 002.9 170.8  73.4 1.048469 1.169171 0.209270 hargrave 2019-10-04 12:41:11 
TT 500 284.9  25.4 284.9  25.4 2.96E-04 002.4 168.4  73.2 0.987309 0.728417 0.205978 hargrave 2019-10-04 19:12:28 
TT 520 284.5  25.3 284.5  25.3 2.71E-04 004.1 169.5  73.4 1.030238 1.616841 0.180836 hargrave 2019-10-06 12:03:33 
TT 540 285.5  25.2 285.5  25.2 2.28E-04 002.2 166.4  73.3 0.659810 0.541624 0.137260 hargrave 2019-10-06 18:27:47 
TT 545 286.1  25.0 286.1  25.0 2.05E-04 001.6 164.4  73.4 0.466643 0.348984 0.096074 hargrave 2019-10-14 14:57:38 
TT 550 285.1  24.9 285.1  24.9 1.79E-04 002.3 167.5  73.7 0.410466 0.588412 0.056344 hargrave 2019-10-19 13:30:37 
TT 555 285.9  24.9 285.9  24.9 1.54E-04 001.2 164.7  73.5 0.228159 0.222660 0.059800 hargrave 2019-10-20 10:38:13 
TT 560 285.1  25.2 285.1  25.2 1.24E-04 001.6 167.5  73.4 0.124270 0.314781 0.053079 hargrave 2019-10-20 17:19:01 
TT 565 285.4  25.2 285.4  25.2 1.08E-04 001.8 166.6  73.3 0.092089 0.319499 0.066995 hargrave 2019-10-21 12:22:15 
TT 568 284.7  25.5 284.7  25.5 9.64E-05 000.9 168.9  73.1 0.115089 0.070618 0.062212 hargrave 2019-10-21 19:03:24 
TT 570 283.7  26.1 283.7  26.1 8.64E-05 001.7 172.5  72.7 0.165458 0.189378 0.040408 hargrave 2019-10-25 15:55:47 
TT 575 284.1  27.1 284.1  27.1 7.12E-05 001.7 171.8  71.7 0.204289 0.053498 0.041328 hargrave 2019-10-26 10:26:17 
TT 577 284.2  27.4 284.2  27.4 6.37E-05 000.9 171.7  71.4 0.086933 0.036310 0.038714 hargrave 2019-11-01 14:43:13 
TT 579 286.1  27.3 286.1  27.3 5.99E-05 001.0 166.5  71.1 0.085965 0.043235 0.041313 hargrave 2019-11-02 12:30:46 
TT 581 283.9  27.4 283.9  27.4 5.72E-05 001.2 172.6  71.4 0.089507 0.061404 0.046051 hargrave 2019-11-03 10:50:41 
TT 585 281.9  27.0 281.9  27.0 5.53E-05 002.2 177.9  72.0 0.108170 0.180896 0.035251 hargrave 2019-11-03 17:08:34 
TT 600 285.2  28.2 285.2  28.2 5.01E-05 001.3 169.3  70.5 0.067653 0.084892 0.052029 hargrave 2019-11-15 15:21:51 
TT 615 282.3  27.9 282.3  27.9 4.54E-05 001.0 177.1  71.0 0.061079 0.039240 0.045994 hargrave 2019-11-16 10:24:00 
TT 630 284.0  26.7 284.0  26.7 3.94E-05 001.6 171.8  72.1 0.052552 0.092992 0.044801 hargrave 2019-11-16 16:55:36 
TT 645 281.1  26.8 281.1  26.8 2.30E-05 000.7 180.4  72.2 0.022864 0.020754 0.022729 hargrave 2019-11-23 16:47:44 
TT 660 281.6  27.4 281.6  27.4 1.46E-05 001.8 179.0  71.6 0.017344 0.043812 0.012837 hargrave 2019-12-01 14:17:02 
TT 675 275.6  28.1 275.6  28.1 2.78E-06 001.6 194.8  70.1 0.005946 0.005290 0.001361 hargrave 2019-12-02 12:46:13 
TT 685 295.2 -16.0 295.2 -16.0 8.63E-07 002.1 029.2  61.4 0.001043 0.002122 0.002765 hargrave 2019-12-06 15:06:56 
