AX11- 8b sun compass orientation
      0  21.8  86.0   0.0   0.0   1.0
NRM    284.3  22.6 284.3  22.6 3.24E-04 000.9 200.6  70.0 0.246041 0.419662 0.088667 hargrave 2019-09-13 18:36:35 
TT 100 287.3  23.2 287.3  23.2 3.25E-04 001.2 192.3  70.3 0.409959 0.587442 0.031216 hargrave 2019-09-20 14:16:48 
TT 150 284.3  22.4 284.3  22.4 3.23E-04 001.1 200.9  70.3 0.373987 0.511593 0.107930 hargrave 2019-09-21 12:30:39 
TT 200 285.1  22.4 285.1  22.4 3.20E-04 001.2 199.0  70.5 0.448363 0.487513 0.137786 hargrave 2019-09-21 18:10:40 
TT 250 285.6  22.5 285.6  22.5 3.17E-04 001.7 197.3  70.5 0.501184 0.788908 0.152115 hargrave 2019-09-22 15:29:25 
TT 300 284.9  21.9 284.9  21.9 3.12E-04 002.3 200.0  70.9 0.537359 1.123541 0.118936 hargrave 2019-09-27 13:32:47 
TT 350 282.3  21.1 282.3  21.1 3.06E-04 001.7 207.6  70.6 0.360960 0.835336 0.094277 hargrave 2019-09-28 10:44:27 
TT 400 283.2  21.4 283.2  21.4 2.97E-04 001.7 204.8  70.7 0.676546 0.533316 0.147841 hargrave 2019-09-28 17:43:09 
TT 450 283.9  21.5 283.9  21.5 2.82E-04 001.0 203.0  70.8 0.450993 0.208297 0.099501 hargrave 2019-09-29 15:17:34 
TT 475 284.7  21.0 284.7  21.0 2.77E-04 002.7 201.4  71.6 0.130519 1.306735 0.123502 hargrave 2019-10-04 12:39:44 
TT 500 285.3  21.4 285.3  21.4 2.62E-04 001.2 199.4  71.5 0.378867 0.374843 0.132972 hargrave 2019-10-04 19:11:02 
TT 520 284.7  20.9 284.7  20.9 2.40E-04 001.6 201.6  71.8 0.215399 0.649074 0.121730 hargrave 2019-10-06 12:02:07 
TT 540 285.3  22.1 285.3  22.1 2.02E-04 000.9 198.8  70.9 0.262379 0.169174 0.085953 hargrave 2019-10-06 18:26:22 
TT 545 285.1  22.1 285.1  22.1 1.86E-04 001.1 199.2  70.8 0.101079 0.328716 0.067327 hargrave 2019-10-14 14:56:10 
TT 550 285.3  22.2 285.3  22.2 1.69E-04 001.4 198.6  70.7 0.087510 0.397173 0.039226 hargrave 2019-10-19 13:29:10 
TT 555 285.4  22.4 285.4  22.4 1.54E-04 000.5 198.0  70.5 0.081070 0.105831 0.054496 hargrave 2019-10-20 10:36:47 
TT 560 284.8  22.5 284.8  22.5 1.32E-04 000.9 199.5  70.3 0.154976 0.100119 0.082631 hargrave 2019-10-20 17:17:36 
TT 565 283.9  22.3 283.9  22.3 1.17E-04 001.9 202.1  70.2 0.328649 0.201307 0.104831 hargrave 2019-10-21 12:20:49 
TT 568 283.8  21.6 283.8  21.6 1.08E-04 001.2 203.2  70.8 0.179032 0.117473 0.083518 hargrave 2019-10-21 19:01:58 
TT 570 281.9  21.5 281.9  21.5 9.92E-05 000.6 207.9  70.1 0.058674 0.079412 0.034617 hargrave 2019-10-25 15:54:21 
TT 575 283.1  21.5 283.1  21.5 8.68E-05 001.1 205.0  70.6 0.135788 0.079655 0.049247 hargrave 2019-10-26 10:24:50 
TT 577 284.2  21.1 284.2  21.1 7.71E-05 001.1 202.8  71.3 0.081664 0.105905 0.054973 hargrave 2019-11-01 14:41:47 
TT 579 284.2  21.5 284.2  21.5 7.45E-05 001.4 202.4  71.0 0.158357 0.061077 0.065617 hargrave 2019-11-02 12:29:20 
TT 581 284.7  21.1 284.7  21.1 7.22E-05 001.4 201.3  71.5 0.147806 0.063191 0.065514 hargrave 2019-11-03 10:49:15 
TT 585 282.0  20.9 282.0  20.9 7.02E-05 001.5 208.6  70.6 0.151005 0.097848 0.052726 hargrave 2019-11-03 17:07:26 
TT 600 281.9  20.3 281.9  20.3 6.47E-05 001.4 209.6  71.0 0.119967 0.085995 0.066451 hargrave 2019-11-15 15:20:25 
TT 615 281.4  22.8 281.4  22.8 5.98E-05 003.4 207.2  68.7 0.371278 0.037587 0.068916 hargrave 2019-11-16 10:22:34 
TT 630 284.2  22.3 284.2  22.3 5.17E-05 001.6 201.3  70.3 0.128428 0.053544 0.051688 hargrave 2019-11-16 16:54:09 
TT 645 278.4  21.2 278.4  21.2 2.90E-05 000.7 216.0  68.4 0.022452 0.024588 0.030071 hargrave 2019-11-23 16:46:17 
TT 660 277.9  19.8 277.9  19.8 1.91E-05 000.7 219.5  69.2 0.019761 0.013940 0.017496 hargrave 2019-12-01 14:15:35 
TT 675 271.9  13.8 271.9  13.8 5.67E-06 000.7 242.2  68.1 0.004182 0.005890 0.002722 hargrave 2019-12-02 12:44:46 
TT 685 283.4  76.9 283.4  76.9 1.48E-06 001.8 182.0  17.0 0.003019 0.004559 0.001136 hargrave 2019-12-06 15:05:30 
