AX11- 5b sun compass orientation
      0  19.5  81.0   0.0   0.0   1.0
NRM    279.3  28.7 279.3  28.7 3.46E-04 000.8 204.6  68.1 0.275433 0.403978 0.095039 hargrave 2019-09-13 18:32:21 
TT 100 277.6  28.1 277.6  28.1 3.48E-04 001.2 208.9  67.9 0.372351 0.615506 0.072746 hargrave 2019-09-20 14:08:32 
TT 150 277.9  28.1 277.9  28.1 3.46E-04 001.0 208.3  68.0 0.482278 0.339082 0.172502 hargrave 2019-09-21 12:26:24 
TT 200 278.7  28.4 278.7  28.4 3.44E-04 000.9 206.3  68.1 0.466022 0.230035 0.207413 hargrave 2019-09-21 18:06:27 
TT 250 277.7  28.2 277.7  28.2 3.41E-04 000.8 208.5  67.8 0.353333 0.286522 0.233077 hargrave 2019-09-22 15:23:40 
TT 300 277.1  27.5 277.1  27.5 3.35E-04 000.9 210.7  68.1 0.359832 0.379879 0.137168 hargrave 2019-09-27 13:27:33 
TT 350 276.2  27.4 276.2  27.4 3.30E-04 000.8 212.7  67.7 0.286501 0.386533 0.115186 hargrave 2019-09-28 10:40:59 
TT 400 278.8  28.8 278.8  28.8 3.19E-04 001.1 205.5  67.8 0.550395 0.196868 0.191922 hargrave 2019-09-28 17:39:05 
TT 450 277.3  28.3 277.3  28.3 3.01E-04 001.0 209.1  67.6 0.342367 0.334495 0.178225 hargrave 2019-09-29 15:14:13 
TT 475 277.4  27.7 277.4  27.7 2.91E-04 002.2 209.8  68.1 0.840848 0.717544 0.139456 hargrave 2019-10-04 12:35:31 
TT 500 277.3  28.0 277.3  28.0 2.71E-04 002.8 209.6  67.8 0.950616 0.925578 0.124108 hargrave 2019-10-04 19:06:53 
TT 520 276.7  27.4 276.7  27.4 2.45E-04 000.8 211.6  68.0 0.311869 0.174457 0.107519 hargrave 2019-10-06 11:57:58 
TT 540 279.4  28.5 279.4  28.5 1.91E-04 002.4 204.8  68.3 0.536681 0.600284 0.082274 hargrave 2019-10-06 18:22:15 
TT 545 280.1  28.3 280.1  28.3 1.69E-04 000.6 203.5  68.7 0.112098 0.122485 0.074674 hargrave 2019-10-14 14:51:53 
TT 550 281.2  28.8 281.2  28.8 1.42E-04 001.9 200.3  68.7 0.287681 0.374524 0.053116 hargrave 2019-10-19 13:24:57 
TT 555 280.6  27.9 280.6  27.9 1.22E-04 002.4 202.7  69.4 0.171079 0.468791 0.059526 hargrave 2019-10-20 10:32:33 
TT 560 282.6  27.9 282.6  27.9 8.15E-05 002.3 198.1  70.0 0.079568 0.316774 0.068571 hargrave 2019-10-20 17:13:24 
TT 565 282.9  27.7 282.9  27.7 5.96E-05 001.8 197.5  70.3 0.105004 0.141394 0.065084 hargrave 2019-10-21 12:16:37 
TT 568 282.8  27.7 282.8  27.7 5.37E-05 003.2 197.8  70.2 0.082064 0.281853 0.049995 hargrave 2019-10-21 18:57:49 
TT 570 281.4  27.8 281.4  27.8 4.25E-05 002.1 201.1  69.8 0.069516 0.138736 0.019130 hargrave 2019-10-25 15:50:11 
TT 575 280.8  27.7 280.8  27.7 3.84E-05 001.7 202.7  69.6 0.078405 0.084694 0.015469 hargrave 2019-10-26 10:19:53 
TT 577 283.5  28.5 283.5  28.5 2.73E-05 002.3 195.3  69.7 0.020751 0.106249 0.041490 hargrave 2019-11-01 14:37:33 
TT 579 284.4  28.8 284.4  28.8 2.49E-05 001.9 192.8  69.6 0.032123 0.069816 0.042954 hargrave 2019-11-02 12:25:06 
TT 581 282.8  29.7 282.8  29.7 2.23E-05 002.7 196.0  68.4 0.021911 0.100949 0.029600 hargrave 2019-11-03 10:45:00 
TT 585 282.3  29.3 282.3  29.3 2.13E-05 001.4 197.3  68.6 0.035341 0.030911 0.030382 hargrave 2019-11-03 17:04:04 
TT 600 284.4  28.4 284.4  28.4 1.70E-05 003.0 193.3  70.0 0.019495 0.083885 0.028932 hargrave 2019-11-15 15:16:11 
TT 615 283.3  26.8 283.3  26.8 1.49E-05 001.9 197.4  71.2 0.027998 0.032615 0.029383 hargrave 2019-11-16 10:18:22 
TT 630 284.7  25.7 284.7  25.7 1.27E-05 001.9 194.5  72.7 0.022045 0.033643 0.011573 hargrave 2019-11-16 16:50:00 
TT 645 285.9  27.8 285.9  27.8 7.67E-06 000.9 189.7  70.9 0.006404 0.010193 0.003343 hargrave 2019-11-23 16:42:04 
TT 660 291.7  22.3 291.7  22.3 4.88E-06 001.5 171.1  76.6 0.004408 0.011634 0.004177 hargrave 2019-12-01 14:11:18 
TT 675 264.8  36.6 264.8  36.6 1.25E-06 003.4 215.2  54.4 0.003876 0.006453 0.000935 hargrave 2019-12-02 12:40:29 
TT 685 315.6  22.7 315.6  22.7 7.89E-07 003.4 121.8  61.5 0.002941 0.003834 0.000779 hargrave 2019-12-06 15:01:17 
