AX11- 6b sun compass orientation
      0  16.4  83.0   0.0   0.0   1.0
NRM    283.2  24.0 283.2  24.0 3.67E-04 000.7 190.0  72.7 0.300957 0.348082 0.132165 hargrave 2019-09-13 18:33:44 
TT 100 282.7  24.5 282.7  24.5 3.65E-04 001.8 190.9  72.1 0.883033 0.646501 0.513362 hargrave 2019-09-20 14:12:21 
TT 150 281.7  23.5 281.7  23.5 3.66E-04 001.2 194.9  72.9 0.336907 0.678621 0.184475 hargrave 2019-09-21 12:27:47 
TT 200 283.7  23.6 283.7  23.6 3.63E-04 001.6 188.4  73.2 0.476622 0.881275 0.256603 hargrave 2019-09-21 18:07:50 
TT 250 281.6  23.3 281.6  23.3 3.62E-04 001.2 195.3  73.0 0.586570 0.359001 0.265152 hargrave 2019-09-22 15:25:04 
TT 300 281.4  22.9 281.4  22.9 3.55E-04 001.1 196.3  73.4 0.262903 0.591617 0.170145 hargrave 2019-09-27 13:29:16 
TT 350 281.4  23.1 281.4  23.1 3.49E-04 002.3 196.0  73.2 0.266274 1.368825 0.147364 hargrave 2019-09-28 10:42:06 
TT 400 282.1  23.4 282.1  23.4 3.40E-04 002.2 193.6  73.0 0.534697 1.152087 0.234417 hargrave 2019-09-28 17:40:54 
TT 450 281.4  23.2 281.4  23.2 3.25E-04 001.8 196.2  73.1 0.527562 0.819600 0.219662 hargrave 2019-09-29 15:15:20 
TT 475 282.5  23.3 282.5  23.3 3.17E-04 001.8 192.4  73.3 0.499387 0.875384 0.095367 hargrave 2019-10-04 12:36:55 
TT 500 282.2  23.3 282.2  23.3 3.00E-04 001.1 193.6  73.2 0.413064 0.384433 0.132914 hargrave 2019-10-04 19:08:15 
TT 520 282.5  23.4 282.5  23.4 2.71E-04 001.5 192.5  73.2 0.400510 0.568786 0.138299 hargrave 2019-10-06 11:59:21 
TT 540 282.8  23.1 282.8  23.1 2.10E-04 001.9 191.9  73.5 0.305868 0.638514 0.105552 hargrave 2019-10-06 18:23:37 
TT 545 283.4  22.9 283.4  22.9 1.86E-04 001.6 189.9  73.9 0.190880 0.492403 0.114573 hargrave 2019-10-14 14:53:19 
TT 550 283.0  22.7 283.0  22.7 1.59E-04 001.0 191.4  74.0 0.155697 0.218991 0.053731 hargrave 2019-10-19 13:26:22 
TT 555 282.9  21.9 282.9  21.9 1.38E-04 001.6 192.3  74.7 0.119233 0.369240 0.090175 hargrave 2019-10-20 10:33:57 
TT 560 283.2  21.7 283.2  21.7 1.01E-04 002.3 191.5  75.0 0.133313 0.386116 0.077730 hargrave 2019-10-20 17:14:46 
TT 565 283.9  22.7 283.9  22.7 7.90E-05 002.2 188.6  74.1 0.194873 0.217886 0.088101 hargrave 2019-10-21 12:18:00 
TT 568 283.6  23.0 283.6  23.0 7.22E-05 003.2 189.4  73.8 0.182993 0.354451 0.068537 hargrave 2019-10-21 18:59:12 
TT 570 280.5  22.5 280.5  22.5 5.86E-05 002.8 199.4  73.5 0.075579 0.275804 0.030948 hargrave 2019-10-25 15:51:34 
TT 575 280.8  24.0 280.8  24.0 5.15E-05 002.0 197.1  72.2 0.077884 0.161811 0.017766 hargrave 2019-10-26 10:21:16 
TT 577 284.4  24.7 284.4  24.7 3.79E-05 002.6 185.9  72.2 0.054962 0.160305 0.045666 hargrave 2019-11-01 14:38:59 
TT 579 283.9  26.2 283.9  26.2 3.50E-05 002.5 186.9  70.7 0.068347 0.132931 0.045925 hargrave 2019-11-02 12:26:31 
TT 581 282.3  25.4 282.3  25.4 3.20E-05 003.4 191.4  71.2 0.055504 0.179025 0.043467 hargrave 2019-11-03 10:46:25 
TT 585 281.8  24.8 281.8  24.8 3.05E-05 002.9 193.3  71.7 0.063351 0.137049 0.043722 hargrave 2019-11-03 17:05:11 
TT 600 282.6  27.0 282.6  27.0 2.71E-05 004.0 189.8  69.7 0.055033 0.174381 0.055969 hargrave 2019-11-15 15:17:36 
TT 615 281.8  25.4 281.8  25.4 2.36E-05 002.8 193.0  71.1 0.052702 0.091326 0.049789 hargrave 2019-11-16 10:19:47 
TT 630 281.3  25.9 281.3  25.9 2.20E-05 003.5 193.9  70.4 0.043581 0.121221 0.034276 hargrave 2019-11-16 16:51:25 
TT 645 275.4  29.7 275.4  29.7 1.25E-05 001.0 203.0  65.0 0.018660 0.010891 0.008659 hargrave 2019-11-23 16:43:28 
TT 660 278.1  30.3 278.1  30.3 9.08E-06 002.7 197.4  65.5 0.009899 0.040770 0.007471 hargrave 2019-12-01 14:12:44 
TT 675 277.4  39.1 277.4  39.1 2.95E-06 004.6 192.9  56.9 0.005976 0.023025 0.002658 hargrave 2019-12-02 12:41:54 
TT 685 240.3  05.7 240.3  05.7 1.30E-06 003.1 268.9  44.2 0.005750 0.002972 0.002909 hargrave 2019-12-06 15:02:41 
