AX11- 7b sun compass orientation
      0  16.8  80.0   0.0   0.0   1.0
NRM    285.2  21.1 285.2  21.1 3.09E-04 000.6 187.8  78.8 0.259341 0.184672 0.081068 hargrave 2019-09-13 18:35:09 
TT 100 284.9  21.4 284.9  21.4 3.06E-04 001.5 188.7  78.4 0.587762 0.524350 0.417655 hargrave 2019-09-20 14:14:24 
TT 150 285.3  21.1 285.3  21.1 3.08E-04 001.1 187.3  78.9 0.352911 0.434474 0.110227 hargrave 2019-09-21 12:29:12 
TT 200 285.2  20.6 285.2  20.6 3.06E-04 001.4 187.9  79.3 0.528645 0.494644 0.170301 hargrave 2019-09-21 18:09:15 
TT 250 284.8  20.7 284.8  20.7 3.03E-04 001.3 190.1  79.2 0.547504 0.434111 0.159257 hargrave 2019-09-22 15:27:14 
TT 300 285.2  20.2 285.2  20.2 2.96E-04 001.1 188.2  79.7 0.317017 0.489708 0.097100 hargrave 2019-09-27 13:31:01 
TT 350 284.2  20.2 284.2  20.2 2.88E-04 001.2 193.4  79.5 0.384868 0.435854 0.114608 hargrave 2019-09-28 10:43:13 
TT 400 283.2  19.9 283.2  19.9 2.79E-04 001.4 198.9  79.5 0.639747 0.146341 0.159561 hargrave 2019-09-28 17:42:01 
TT 450 284.9  19.8 284.9  19.8 2.65E-04 001.6 190.6  80.0 0.592246 0.427692 0.074601 hargrave 2019-09-29 15:16:27 
TT 475 284.6  19.6 284.6  19.6 2.59E-04 001.2 192.4  80.2 0.176354 0.529326 0.057556 hargrave 2019-10-04 12:38:19 
TT 500 285.2  20.1 285.2  20.1 2.44E-04 001.0 188.5  79.8 0.257841 0.316007 0.099708 hargrave 2019-10-04 19:09:38 
TT 520 284.9  20.5 284.9  20.5 2.19E-04 000.9 189.6  79.3 0.256205 0.228694 0.097167 hargrave 2019-10-06 12:00:44 
TT 540 287.5  20.4 287.5  20.4 1.79E-04 000.7 176.5  79.6 0.180026 0.150282 0.073166 hargrave 2019-10-06 18:24:58 
TT 545 287.8  20.4 287.8  20.4 1.61E-04 000.9 174.9  79.6 0.114093 0.220328 0.081007 hargrave 2019-10-14 14:54:45 
TT 550 289.4  20.5 289.4  20.5 1.44E-04 000.7 167.0  79.2 0.117122 0.114962 0.048667 hargrave 2019-10-19 13:27:45 
TT 555 290.6  20.8 290.6  20.8 1.30E-04 000.8 161.6  78.6 0.156251 0.090734 0.073145 hargrave 2019-10-20 10:35:23 
TT 560 291.2  20.4 291.2  20.4 1.09E-04 001.5 158.2  78.7 0.245263 0.120005 0.069476 hargrave 2019-10-20 17:16:12 
TT 565 291.3  20.2 291.3  20.2 9.70E-05 001.8 157.6  78.9 0.265018 0.120491 0.076142 hargrave 2019-10-21 12:19:23 
TT 568 291.1  20.1 291.1  20.1 9.20E-05 002.3 158.2  79.1 0.339304 0.113695 0.076447 hargrave 2019-10-21 19:00:34 
TT 570 288.8  20.4 288.8  20.4 8.24E-05 001.1 170.0  79.4 0.078627 0.126622 0.262928 hargrave 2019-10-25 15:52:58 
TT 575 289.4  20.2 289.4  20.2 7.39E-05 000.6 166.4  79.5 0.055398 0.049786 0.016145 hargrave 2019-10-26 10:22:40 
TT 577 292.3  19.4 292.3  19.4 6.62E-05 001.5 151.0  79.2 0.161699 0.045784 0.041230 hargrave 2019-11-01 14:40:22 
TT 579 291.3  20.4 291.3  20.4 6.48E-05 001.8 158.0  78.7 0.197040 0.042968 0.056022 hargrave 2019-11-02 12:27:55 
TT 581 291.1  20.3 291.1  20.3 6.09E-05 002.1 158.7  78.9 0.210045 0.048496 0.064044 hargrave 2019-11-03 10:47:50 
TT 585 290.6  19.8 290.6  19.8 6.11E-05 002.0 159.8  79.5 0.206058 0.038773 0.057484 hargrave 2019-11-03 17:06:19 
TT 600 291.8  19.5 291.8  19.5 5.53E-05 002.5 153.4  79.3 0.227141 0.045060 0.059287 hargrave 2019-11-15 15:18:59 
TT 615 291.6  19.9 291.6  19.9 4.97E-05 002.2 155.6  79.1 0.183046 0.036270 0.048507 hargrave 2019-11-16 10:21:11 
TT 630 291.4  19.2 291.4  19.2 4.56E-05 002.5 154.5  79.8 0.190110 0.039165 0.053043 hargrave 2019-11-16 16:52:46 
TT 645 288.4  22.5 288.4  22.5 3.08E-05 001.3 173.4  77.4 0.051475 0.045629 0.016377 hargrave 2019-11-23 16:44:52 
TT 660 291.6  21.4 291.6  21.4 2.11E-05 001.2 158.8  77.7 0.039079 0.015212 0.014645 hargrave 2019-12-01 14:14:10 
TT 675 290.2  31.2 290.2  31.2 4.18E-06 001.7 172.0  68.6 0.007169 0.009294 0.003208 hargrave 2019-12-02 12:43:20 
TT 685 259.8  07.5 259.8  07.5 7.46E-07 002.4 273.1  63.2 0.002970 0.000973 0.000463 hargrave 2019-12-06 15:04:05 
