AX11- 2b sun compass orientation
      0  25.7  86.0   0.0   0.0   1.0
NRM    279.3  22.2 279.3  22.2 4.53E-04 000.6 219.7  65.9 0.328337 0.283621 0.130510 hargrave 2019-09-13 18:29:32 
TT 100 277.1  19.8 277.1  19.8 4.54E-04 001.5 227.3  65.9 0.868058 0.840461 0.099720 hargrave 2019-09-20 13:59:21 
TT 150 276.4  19.4 276.4  19.4 4.53E-04 000.8 229.2  65.6 0.397665 0.491631 0.202781 hargrave 2019-09-21 12:23:48 
TT 200 277.1  20.2 277.1  20.2 4.52E-04 001.0 226.7  65.6 0.358190 0.719120 0.174883 hargrave 2019-09-21 18:03:10 
TT 250 277.5  20.4 277.5  20.4 4.47E-04 000.7 225.7  65.9 0.292748 0.384416 0.263582 hargrave 2019-09-22 15:21:01 
TT 300 277.0  19.1 277.0  19.1 4.40E-04 000.7 228.8  66.3 0.358273 0.367830 0.160490 hargrave 2019-09-27 13:24:18 
TT 350 277.1  20.6 277.1  20.6 4.31E-04 001.8 225.8  65.4 0.964401 0.939678 0.136883 hargrave 2019-09-28 10:38:32 
TT 400 276.3  19.6 276.3  19.6 4.17E-04 001.1 229.0  65.5 0.500855 0.579436 0.236174 hargrave 2019-09-28 17:36:45 
TT 450 275.6  18.5 275.6  18.5 3.95E-04 002.2 232.0  65.6 0.805543 1.266993 0.223437 hargrave 2019-09-29 15:11:53 
TT 475 278.3  20.2 278.3  20.2 3.82E-04 002.9 225.0  66.5 1.658940 0.974089 0.181816 hargrave 2019-10-04 12:32:35 
TT 500 277.1  18.7 277.1  18.7 3.57E-04 004.3 229.5  66.6 2.259310 1.429826 0.161188 hargrave 2019-10-04 19:03:58 
TT 520 277.6  19.3 277.6  19.3 3.25E-04 004.9 227.6  66.7 2.251223 1.592131 0.153798 hargrave 2019-10-06 11:55:03 
TT 540 279.3  20.8 279.3  20.8 2.55E-04 003.0 222.2  66.9 1.112440 0.747169 0.143720 hargrave 2019-10-06 18:19:22 
TT 545 278.7  19.7 278.7  19.7 2.28E-04 002.2 225.2  67.2 0.731761 0.502799 0.122621 hargrave 2019-10-14 14:48:50 
TT 550 279.1  19.9 279.1  19.9 1.93E-04 002.4 224.1  67.3 0.722865 0.387202 0.093817 hargrave 2019-10-19 13:21:58 
TT 555 279.4  20.1 279.4  20.1 1.64E-04 002.0 223.2  67.4 0.433228 0.375914 0.084892 hargrave 2019-10-20 10:29:37 
TT 560 280.6  21.4 280.6  21.4 1.12E-04 003.6 219.0  67.3 0.395922 0.584106 0.065864 hargrave 2019-10-20 17:10:28 
TT 565 281.0  23.2 281.0  23.2 7.95E-05 002.5 215.2  66.1 0.113240 0.315590 0.074601 hargrave 2019-10-21 12:13:42 
TT 568 280.1  23.0 280.1  23.0 7.20E-05 002.6 217.0  65.7 0.129449 0.298936 0.056248 hargrave 2019-10-21 18:54:57 
TT 570 278.3  22.5 278.3  22.5 5.52E-05 002.9 220.8  65.0 0.195655 0.200460 0.016582 hargrave 2019-10-25 15:47:16 
TT 575 278.2  22.4 278.2  22.4 5.07E-05 003.9 221.2  65.0 0.272462 0.207518 0.015925 hargrave 2019-10-26 10:16:57 
TT 577 279.1  24.0 279.1  24.0 3.42E-05 004.2 217.1  64.4 0.135634 0.211378 0.036874 hargrave 2019-11-01 14:34:38 
TT 579 279.5  24.1 279.5  24.1 3.25E-05 002.6 216.3  64.6 0.056940 0.132368 0.047102 hargrave 2019-11-02 12:22:11 
TT 581 277.9  25.5 277.9  25.5 2.83E-05 002.2 216.9  62.5 0.034548 0.098307 0.044136 hargrave 2019-11-03 10:42:04 
TT 585 277.5  25.0 277.5  25.0 2.70E-05 002.0 218.1  62.6 0.040950 0.080525 0.041728 hargrave 2019-11-03 17:01:44 
TT 600 278.2  25.5 278.2  25.5 2.25E-05 003.5 216.2  62.7 0.054953 0.121363 0.044103 hargrave 2019-11-15 15:13:17 
TT 615 276.9  26.0 276.9  26.0 1.93E-05 002.9 217.5  61.6 0.038605 0.085327 0.030125 hargrave 2019-11-16 10:15:27 
TT 630 278.3  26.6 278.3  26.6 1.76E-05 003.3 214.6  61.9 0.034442 0.092499 0.031269 hargrave 2019-11-16 16:47:05 
TT 645 277.9  26.9 277.9  26.9 1.08E-05 003.8 214.8  61.5 0.042732 0.058099 0.003298 hargrave 2019-11-23 16:39:07 
TT 660 277.2  26.3 277.2  26.3 7.57E-06 003.3 216.6  61.5 0.027454 0.034697 0.002179 hargrave 2019-12-01 14:08:23 
TT 675 254.8  17.6 254.8  17.6 1.86E-06 006.1 248.0  47.8 0.017432 0.009577 0.001947 hargrave 2019-12-02 12:37:32 
TT 685 281.7  40.0 281.7  40.0 1.06E-06 004.7 197.5  51.8 0.005409 0.007062 0.000669 hargrave 2019-12-06 14:58:22 
