AX11- 4b sun compass orientation
      0  21.5  89.0   0.0   0.0   1.0
NRM    285.7  24.5 285.7  24.5 4.37E-04 001.0 192.9  65.8 0.264400 0.682209 0.096838 hargrave 2019-09-13 18:30:58 
TT 100 286.1  28.4 286.1  28.4 3.34E-04 008.9 190.1  62.1 2.776927 2.936727 11.08759 hargrave 2019-09-20 14:06:32 
TT 100 286.5  24.6 286.5  24.6 4.37E-04 000.5 191.1  65.9 0.284165 0.239053 0.151522 hargrave 2019-09-20 15:42:34 
TT 150 285.4  24.3 285.4  24.3 4.36E-04 001.8 193.7  66.0 0.284699 1.335961 0.154998 hargrave 2019-09-21 12:25:05 
TT 200 287.9  24.1 287.9  24.1 4.35E-04 003.0 188.2  66.6 0.231217 2.264369 0.270487 hargrave 2019-09-21 18:05:08 
TT 250 287.5  24.6 287.5  24.6 4.32E-04 002.9 188.9  66.1 0.381118 2.149834 0.186663 hargrave 2019-09-22 15:22:19 
TT 300 286.8  24.2 286.8  24.2 4.26E-04 002.4 190.8  66.4 0.291189 1.762582 0.207027 hargrave 2019-09-27 13:25:54 
TT 350 285.1  24.0 285.1  24.0 4.21E-04 001.5 194.6  66.1 0.320905 1.017144 0.181130 hargrave 2019-09-28 10:39:50 
TT 400 284.8  23.9 284.8  23.9 4.08E-04 001.3 195.3  66.2 0.550175 0.743901 0.153275 hargrave 2019-09-28 17:37:56 
TT 450 285.9  24.1 285.9  24.1 3.89E-04 000.6 192.8  66.2 0.339259 0.260727 0.121979 hargrave 2019-09-29 15:13:05 
TT 475 286.1  23.8 286.1  23.8 3.79E-04 001.8 192.6  66.6 0.716015 0.862828 0.313496 hargrave 2019-10-04 12:34:05 
TT 500 287.3  24.2 287.3  24.2 3.57E-04 001.8 189.6  66.5 0.795486 0.698682 0.308353 hargrave 2019-10-04 19:05:27 
TT 520 285.8  23.9 285.8  23.9 3.25E-04 001.7 193.2  66.5 0.676126 0.682818 0.276572 hargrave 2019-10-06 11:56:32 
TT 540 289.0  24.3 289.0  24.3 2.47E-04 001.5 185.8  66.6 0.516405 0.363190 0.195971 hargrave 2019-10-06 18:20:50 
TT 545 289.6  24.3 289.6  24.3 2.17E-04 001.5 184.4  66.7 0.338868 0.459386 0.128336 hargrave 2019-10-14 14:50:23 
TT 550 289.1  24.0 289.1  24.0 1.81E-04 001.1 185.5  66.9 0.326693 0.109583 0.106752 hargrave 2019-10-19 13:23:31 
TT 555 289.7  23.9 289.7  23.9 1.54E-04 001.0 184.3  67.0 0.150089 0.235032 0.075319 hargrave 2019-10-20 10:31:07 
TT 560 290.8  23.9 290.8  23.9 1.03E-04 001.3 181.6  67.1 0.121818 0.196654 0.069160 hargrave 2019-10-20 17:11:57 
TT 565 292.7  24.5 292.7  24.5 7.18E-05 001.7 177.2  66.5 0.141230 0.149612 0.077677 hargrave 2019-10-21 12:15:11 
TT 568 292.6  24.7 292.6  24.7 6.45E-05 002.0 177.5  66.3 0.151214 0.147240 0.077548 hargrave 2019-10-21 18:56:25 
TT 570 291.2  24.8 291.2  24.8 4.82E-05 001.0 180.6  66.2 0.078244 0.042972 0.013744 hargrave 2019-10-25 15:48:45 
TT 575 292.9  25.2 292.9  25.2 4.44E-05 001.6 177.0  65.8 0.091115 0.081380 0.029038 hargrave 2019-10-26 10:18:26 
TT 577 294.2  24.6 294.2  24.6 3.04E-05 001.3 173.8  66.2 0.046834 0.029125 0.049454 hargrave 2019-11-01 14:36:07 
TT 579 293.5  25.3 293.5  25.3 2.86E-05 001.7 175.7  65.7 0.060540 0.041563 0.052483 hargrave 2019-11-02 12:23:40 
TT 581 290.3  25.4 290.3  25.4 2.45E-05 001.6 182.6  65.6 0.042831 0.037438 0.045622 hargrave 2019-11-03 10:43:33 
TT 585 290.6  24.4 290.6  24.4 2.41E-05 001.6 182.0  66.6 0.043183 0.038611 0.043836 hargrave 2019-11-03 17:02:56 
TT 600 293.0  25.1 293.0  25.1 1.91E-05 002.1 176.7  65.8 0.045594 0.044710 0.034806 hargrave 2019-11-15 15:14:45 
TT 615 290.7  24.7 290.7  24.7 1.64E-05 002.1 181.8  66.3 0.037857 0.039566 0.032405 hargrave 2019-11-16 10:16:56 
TT 630 293.4  24.6 293.4  24.6 1.48E-05 002.0 175.8  66.3 0.036909 0.023649 0.038099 hargrave 2019-11-16 16:48:34 
TT 645 293.4  24.4 293.4  24.4 9.77E-06 000.8 175.6  66.5 0.010502 0.009482 0.003851 hargrave 2019-11-23 16:40:37 
TT 660 289.7  22.3 289.7  22.3 6.65E-06 000.8 184.6  68.7 0.006292 0.007715 0.003575 hargrave 2019-12-01 14:09:52 
TT 675 271.0  38.2 271.0  38.2 1.53E-06 003.2 204.4  48.3 0.006616 0.005954 0.000980 hargrave 2019-12-02 12:39:02 
TT 685 342.8  36.6 342.8  36.6 4.49E-07 005.8 133.1  30.8 0.003347 0.002639 0.002167 hargrave 2019-12-06 14:59:51 
