AX12- 4b mag compass orientation (IGRF corrected)
      0  46.1  96.0   0.0   0.0   1.0
NRM    284.9  34.4 284.9  34.4 5.65E-04 001.4 213.9  40.0 0.575302 1.253779 0.333362 hargrave 2019-09-13 18:45:02 
TT 100 286.6  35.6 286.6  35.6 5.58E-04 003.0 211.5  40.0 1.224341 2.666007 0.527963 hargrave 2019-09-20 14:27:21 
TT 150 284.8  34.7 284.8  34.7 5.58E-04 001.5 213.8  39.8 0.919482 1.076588 0.312057 hargrave 2019-09-21 12:37:36 
TT 200 285.9  35.6 285.9  35.6 5.47E-04 002.2 212.0  39.6 1.284153 1.585979 0.341209 hargrave 2019-09-21 18:17:39 
TT 250 283.3  33.3 283.3  33.3 5.43E-04 002.1 216.1  39.9 0.965518 1.700967 0.319196 hargrave 2019-09-22 15:36:41 
TT 300 285.8  35.4 285.8  35.4 5.36E-04 002.4 212.4  39.7 1.184466 1.914472 0.353403 hargrave 2019-09-27 13:42:16 
TT 350 285.9  35.8 285.9  35.8 5.26E-04 004.8 211.9  39.5 2.326961 3.805669 0.173651 hargrave 2019-09-28 10:51:09 
TT 400 284.4  35.0 284.4  35.0 5.16E-04 001.4 213.8  39.3 0.278482 1.171634 0.510997 hargrave 2019-09-28 17:50:29 
TT 450 284.9  35.6 284.9  35.6 4.96E-04 004.0 212.9  39.1 2.067015 2.807990 0.398114 hargrave 2019-09-29 15:23:31 
TT 475 287.0  36.3 287.0  36.3 4.85E-04 001.0 210.6  39.7 0.508362 0.356347 0.637530 hargrave 2019-10-04 12:47:54 
TT 500 286.5  35.9 286.5  35.9 4.72E-04 001.0 211.3  39.7 0.449819 0.468173 0.573275 hargrave 2019-10-04 19:19:08 
TT 520 287.2  36.5 287.2  36.5 4.56E-04 001.6 210.2  39.6 0.955431 0.607880 0.561411 hargrave 2019-10-06 12:10:13 
TT 540 284.5  35.1 284.5  35.1 3.79E-04 006.4 213.6  39.2 2.658826 3.290447 0.418774 hargrave 2019-10-06 18:34:25 
TT 545 287.3  38.0 287.3  38.0 3.48E-04 001.5 209.0  38.5 0.201847 0.855082 0.302123 hargrave 2019-10-14 15:04:25 
TT 550 284.6  36.9 284.6  36.9 3.04E-04 002.9 211.9  38.0 0.660407 1.367612 0.269209 hargrave 2019-10-19 13:38:07 
TT 555 282.6  36.1 282.6  36.1 2.50E-04 001.8 214.2  37.5 0.351078 0.686971 0.157862 hargrave 2019-10-20 10:44:54 
TT 560 284.0  37.3 284.0  37.3 2.01E-04 000.8 212.2  37.3 0.157794 0.185950 0.172044 hargrave 2019-10-20 17:25:42 
TT 565 282.9  35.9 282.9  35.9 1.33E-04 001.2 214.1  37.8 0.070804 0.207242 0.174942 hargrave 2019-10-21 12:28:57 
TT 568 283.0  33.7 283.0  33.7 8.50E-05 002.5 216.1  39.4 0.132382 0.337692 0.096485 hargrave 2019-10-21 19:10:05 
TT 570 286.7  35.4 286.7  35.4 7.25E-05 001.4 211.6  40.2 0.110471 0.139553 0.038247 hargrave 2019-10-25 16:03:18 
TT 575 288.4  31.2 288.4  31.2 4.64E-05 001.9 213.8  44.4 0.020280 0.137856 0.066197 hargrave 2019-10-26 10:33:00 
TT 577 290.6  31.5 290.6  31.5 4.44E-05 001.3 211.5  45.3 0.028433 0.092038 0.037438 hargrave 2019-11-01 14:49:54 
TT 579 287.9  26.7 287.9  26.7 4.00E-05 003.3 218.6  47.3 0.116182 0.199044 0.047215 hargrave 2019-11-02 12:37:27 
TT 581 286.4  30.3 286.4  30.3 3.83E-05 002.5 216.4  43.8 0.073685 0.140495 0.062260 hargrave 2019-11-03 10:58:09 
TT 585 287.4  30.6 287.4  30.6 3.65E-05 002.1 215.2  44.2 0.080847 0.106843 0.048148 hargrave 2019-11-03 17:14:43 
TT 600 285.0  28.6 285.0  28.6 2.45E-05 001.5 219.3  44.3 0.048439 0.035115 0.033200 hargrave 2019-11-15 15:27:42 
TT 615 286.7  36.0 286.7  36.0 9.03E-06 001.8 211.1  39.7 0.013811 0.020811 0.019607 hargrave 2019-11-16 10:30:43 
TT 630 317.5  49.1 317.5  49.1 2.00E-06 011.1 178.9  34.9 0.003825 0.037935 0.011934 hargrave 2019-11-16 17:03:52 
TT 645 276.4  23.7 276.4  23.7 2.37E-06 002.3 231.0  41.2 0.005151 0.007372 0.003925 hargrave 2019-11-23 16:54:32 
TT 660 245.0  39.0 245.0  39.0 1.74E-06 005.3 228.5  10.6 0.008749 0.013636 0.005099 hargrave 2019-12-01 14:23:44 
TT 675 241.3 -71.9 241.3 -71.9 1.12E-06 002.1 342.2  10.4 0.003065 0.004301 0.001061 hargrave 2019-12-02 12:52:10 
TT 685 235.3 -52.8 235.3 -52.8 9.87E-07 003.4 322.6  10.3 0.007260 0.003088 0.003002 hargrave 2019-12-06 15:12:54 
