AX12- 2b mag compass orientation (IGRF corrected)
      0  52.1  72.0   0.0   0.0   1.0
NRM    292.3  40.4 292.3  40.4 6.10E-04 002.3 222.6  56.0 0.565892 2.027625 1.231122 hargrave 2019-09-13 18:41:25
TT 100 293.3  41.5 293.3  41.5 6.08E-04 003.3 220.1  56.0 0.724202 3.024013 1.677894 hargrave 2019-09-20 14:23:59
TT 150 290.8  39.4 290.8  39.4 6.08E-04 002.5 225.0  55.5 1.857037 1.336527 1.438935 hargrave 2019-09-21 12:34:38
TT 200 291.7  40.6 291.7  40.6 6.02E-04 003.1 222.8  55.5 2.832082 0.577975 1.534675 hargrave 2019-09-21 18:14:37
TT 250 291.5  39.9 291.5  39.9 6.01E-04 003.2 223.9  55.7 2.993343 0.412326 1.437830 hargrave 2019-09-22 15:33:35
TT 300 290.2  38.5 290.2  38.5 5.95E-04 003.0 226.8  55.5 0.369722 2.799192 1.320189 hargrave 2019-09-27 13:38:36
TT 350 289.1  37.8 289.1  37.8 5.88E-04 002.2 228.7  55.1 0.871535 1.653227 1.292463 hargrave 2019-09-28 10:48:07
TT 400 291.4  40.5 291.4  40.5 5.76E-04 003.0 223.0  55.4 2.600834 0.560313 1.477563 hargrave 2019-09-28 17:46:46
TT 450 290.8  40.3 290.8  40.3 5.60E-04 003.3 223.8  55.1 2.862744 0.274931 1.401305 hargrave 2019-09-29 15:21:10
TT 475 291.1  39.7 291.1  39.7 5.51E-04 001.7 224.5  55.6 1.044552 0.819029 0.967976 hargrave 2019-10-04 12:44:13
TT 500 290.7  38.9 290.7  38.9 5.38E-04 002.0 226.0  55.7 1.649482 0.306776 0.901610 hargrave 2019-10-04 19:15:29
TT 520 291.8  40.7 291.8  40.7 5.21E-04 001.8 222.4  55.5 1.373305 0.349149 0.872982 hargrave 2019-10-06 12:06:34
TT 540 291.3  41.8 291.3  41.8 3.87E-04 003.6 221.2  54.6 0.776312 2.185863 0.701349 hargrave 2019-10-06 18:30:47
TT 545 290.0  40.9 290.0  40.9 3.34E-04 002.0 223.4  54.2 0.831908 0.414074 0.665918 hargrave 2019-10-14 15:00:41
TT 550 128.3  26.4 128.3  26.4 2.69E-04 003.0 219.2  53.7 0.220950 1.300477 0.514984 hargrave 2019-10-19 13:45:38  
TT 555 307.4  76.2 307.4  76.2 8.69E-05 065.8 184.1  31.3 2.685697 10.23647 14.03513 hargrave 2019-10-20 10:41:16
TT 555 290.6  43.5 290.6  43.5 2.26E-04 002.2 219.2  53.2 0.335625 0.641485 0.510691 hargrave 2019-10-20 12:00:07
TT 560 292.0  45.2 292.0  45.2 1.35E-04 003.4 216.0  53.0 0.119772 0.693576 0.379626 hargrave 2019-10-20 17:22:03
TT 565 291.5  42.6 291.5  42.6 8.15E-05 003.7 219.9  54.2 0.413916 0.129541 0.289564 hargrave 2019-10-21 12:25:17 
TT 568 290.1  39.4 290.1  39.4 5.05E-05 003.3 225.5  55.0 0.116385 0.196712 0.182975 hargrave 2019-10-21 19:06:25 
TT 570 292.2  41.4 292.2  41.4 4.27E-05 002.8 221.2  55.4 0.072577 0.169738 0.100701 hargrave 2019-10-25 15:58:49 
TT 575 291.3  38.7 291.3  38.7 3.05E-05 002.8 225.9  56.2 0.049838 0.132117 0.061458 hargrave 2019-10-26 10:29:20 
TT 577 294.0  40.0 294.0  40.0 2.75E-05 005.1 221.8  57.3 0.053879 0.217954 0.102466 hargrave 2019-11-01 14:46:15 
TT 579 291.8  40.1 291.8  40.1 2.50E-05 004.1 223.4  55.8 0.112535 0.094451 0.107811 hargrave 2019-11-02 12:33:48 
TT 581 290.3  38.6 290.3  38.6 2.37E-05 004.1 226.7  55.5 0.050538 0.138282 0.088649 hargrave 2019-11-03 10:53:43 
TT 585 289.8  36.1 289.8  36.1 2.19E-05 005.7 231.1  56.3 0.191352 0.071325 0.081156 hargrave 2019-11-03 17:11:01 
TT 600 285.3  34.4 285.3  34.4 1.56E-05 003.8 236.0  53.4 0.014725 0.086861 0.054424 hargrave 2019-11-15 15:24:51 
TT 615 275.9  36.5 275.9  36.5 5.71E-06 003.9 235.8  45.4 0.007280 0.026441 0.028718 hargrave 2019-11-16 10:27:02 
TT 630 345.6  09.0 345.6  09.0 1.01E-06 003.5 071.6  65.5 0.002092 0.008000 0.003909 hargrave 2019-11-16 16:59:25 
TT 645 268.1  68.6 268.1  68.6 5.53E-07 005.3 199.8  29.5 0.002380 0.002256 0.004209 hargrave 2019-11-23 16:51:35 
TT 660 148.9  82.6 148.9  82.6 1.35E-06 010.8 180.9  10.6 0.002262 0.024612 0.007273 hargrave 2019-12-01 14:20:52 
TT 675 344.7 -43.8 344.7 -43.8 8.44E-07 002.4 017.8  24.8 0.002731 0.002955 0.000711 hargrave 2019-12-02 12:49:17 
TT 685 260.7 -60.2 260.7 -60.2 1.47E-06 003.0 334.1 -02.4 0.006876 0.005436 0.003171 hargrave 2019-12-06 15:09:57 
