AX12- 1b mag compass orientation (IGRF corrected)
      0  61.1  88.0   0.0   0.0   1.0
NRM    329.0  36.1 329.0  36.1 5.55E-04 002.6 183.0  55.8 1.024249 2.187337 0.826592 hargrave 2019-09-13 18:39:37 
TT 100 329.2  36.4 329.2  36.4 5.55E-04 002.5 182.7  55.5 1.097292 2.086014 0.765325 hargrave 2019-09-20 14:20:16 
TT 150 326.6  37.5 326.6  37.5 5.49E-04 000.6 186.2  54.3 0.250784 0.524806 0.197311 hargrave 2019-09-21 12:33:21 
TT 200 331.0  37.4 331.0  37.4 5.40E-04 000.9 180.2  54.6 0.437547 0.629156 0.331249 hargrave 2019-09-21 18:13:21 
TT 250 328.7  37.3 328.7  37.3 5.39E-04 001.1 183.3  54.6 0.821607 0.644211 0.488071 hargrave 2019-09-22 15:32:14 
TT 300 328.1  36.2 328.1  36.2 5.31E-04 001.5 184.3  55.6 0.811256 1.047390 0.506536 hargrave 2019-09-27 13:36:10 
TT 350 327.6  36.4 327.6  36.4 5.23E-04 003.8 185.0  55.4 0.420368 3.464555 0.315991 hargrave 2019-09-28 10:46:52 
TT 400 326.2  35.8 326.2  35.8 5.12E-04 001.9 187.0  55.9 1.433304 0.468832 0.874480 hargrave 2019-09-28 17:45:31 
TT 450 327.1  36.8 327.1  36.8 4.94E-04 001.4 185.5  55.1 0.511699 0.991398 0.474497 hargrave 2019-09-29 15:19:55 
TT 475 326.6  35.4 326.6  35.4 4.84E-04 003.3 186.6  56.3 0.175924 2.799364 0.287213 hargrave 2019-10-04 12:42:40 
TT 500 328.6  36.6 328.6  36.6 4.71E-04 002.7 183.5  55.3 0.763859 2.031120 0.358435 hargrave 2019-10-04 19:13:57 
TT 520 329.3  36.8 329.3  36.8 4.56E-04 000.9 182.6  55.2 0.577415 0.372792 0.305769 hargrave 2019-10-06 12:05:02 
TT 540 327.6  38.3 327.6  38.3 3.60E-04 002.2 184.6  53.6 0.687026 1.159005 0.379687 hargrave 2019-10-06 18:29:15 
TT 545 328.4  39.3 328.4  39.3 3.18E-04 000.7 183.4  52.6 0.192843 0.316519 0.169238 hargrave 2019-10-14 14:59:08 
TT 550 324.2  39.8 324.2  39.8 2.68E-04 001.1 188.5  51.7 0.179340 0.461669 0.212470 hargrave 2019-10-19 13:32:06 
TT 555 328.8  42.5 328.8  42.5 2.16E-04 002.0 182.6  49.4 0.220234 0.720552 0.112534 hargrave 2019-10-20 10:39:44 
TT 560 326.6  42.6 326.6  42.6 1.48E-04 002.2 185.1  49.2 0.145018 0.524101 0.187138 hargrave 2019-10-20 17:20:32 
TT 565 326.3  43.5 326.3  43.5 1.00E-04 001.7 185.2  48.3 0.195163 0.122751 0.187410 hargrave 2019-10-21 12:23:45 
TT 568 322.3  42.8 322.3  42.8 6.71E-05 002.1 189.8  48.5 0.101556 0.201416 0.100777 hargrave 2019-10-21 19:04:53 
TT 570 323.8  42.3 323.8  42.3 5.67E-05 003.2 188.2  49.2 0.069799 0.308429 0.028403 hargrave 2019-10-25 15:57:17 
TT 575 322.5  43.3 322.5  43.3 4.26E-05 003.4 189.3  48.0 0.084861 0.241481 0.021811 hargrave 2019-10-26 10:27:47 
TT 577 323.9  44.8 323.9  44.8 3.69E-05 003.5 187.4  46.7 0.089535 0.197625 0.085031 hargrave 2019-11-01 14:44:42 
TT 579 327.4  45.9 327.4  45.9 3.43E-05 004.2 183.7  46.0 0.092567 0.227457 0.088527 hargrave 2019-11-02 12:32:16 
TT 581 322.5  45.3 322.5  45.3 3.24E-05 003.4 188.7  46.0 0.083144 0.157864 0.095573 hargrave 2019-11-03 10:52:11 
TT 585 325.7  46.8 325.7  46.8 3.00E-05 002.4 185.2  45.0 0.046802 0.104000 0.071545 hargrave 2019-11-03 17:09:46 
TT 600 320.0  44.3 320.0  44.3 1.87E-05 005.0 191.6  46.5 0.024513 0.154594 0.061666 hargrave 2019-11-15 15:23:20 
TT 615 317.6  52.0 317.6  52.0 5.54E-06 003.5 190.6  38.8 0.008765 0.015902 0.036900 hargrave 2019-11-16 10:25:30 
TT 630 025.3  47.6 025.3  47.6 1.22E-06 010.4 143.0  24.8 0.011794 0.017969 0.008375 hargrave 2019-11-16 16:57:53 
TT 645 023.0 -01.1 023.0 -01.1 1.20E-06 005.8 087.0  38.0 0.012210 0.002991 0.001967 hargrave 2019-11-23 16:50:02 
TT 660 036.7  36.6 036.7  36.6 9.39E-07 004.9 128.6  20.6 0.002438 0.010438 0.002565 hargrave 2019-12-01 14:19:20 
TT 675 056.1 -07.1 056.1 -07.1 1.14E-06 002.7 082.7  04.7 0.004603 0.009504 0.003142 hargrave 2019-12-02 12:47:43 
TT 685 029.0 -55.8 029.0 -55.8 1.12E-06 002.6 029.6  15.6 0.004913 0.003937 0.001308 hargrave 2019-12-06 15:08:25 
