AX12- 7b mag compass orientation (IGRF corrected)
      0  61.1  92.0   0.0   0.0   1.0
NRM    308.9  49.9 308.9  49.9 4.85E-04 000.7 197.2  34.7 0.166787 0.508556 0.311668 hargrave 2019-09-13 18:49:31 
TT 100 307.5  48.6 307.5  48.6 4.90E-04 002.3 198.9  35.4 0.732145 1.787080 0.701548 hargrave 2019-09-20 14:33:56 
TT 150 306.8  47.3 306.8  47.3 4.87E-04 002.9 200.2  36.3 1.193977 2.146844 0.452122 hargrave 2019-09-21 12:41:18 
TT 200 310.9  48.1 310.9  48.1 4.80E-04 005.8 196.8  36.9 0.872199 4.743383 0.629804 hargrave 2019-09-21 18:22:01 
TT 250 302.9  44.6 302.9  44.6 4.77E-04 003.9 204.9  37.0 0.899668 3.052098 0.673534 hargrave 2019-09-22 15:40:33 
TT 300 307.6  46.5 307.6  46.5 4.70E-04 000.7 200.2  37.2 0.409856 0.304907 0.320249 hargrave 2019-09-27 13:46:54 
TT 350 305.0  45.2 305.0  45.2 4.62E-04 003.6 202.9  37.4 0.883816 2.745200 0.317757 hargrave 2019-09-28 10:54:49 
TT 400 308.2  46.4 308.2  46.4 4.43E-04 001.4 199.7  37.5 0.525590 0.584169 0.707343 hargrave 2019-09-28 17:54:09 
TT 450 308.2  46.1 308.2  46.1 4.16E-04 002.3 200.0  37.8 0.223915 1.569534 0.614259 hargrave 2019-09-29 15:27:12 
TT 475 310.3  46.5 310.3  46.5 3.98E-04 000.6 198.1  38.1 0.276735 0.245977 0.248759 hargrave 2019-10-04 12:52:27 
TT 500 309.5  46.4 309.5  46.4 3.82E-04 001.7 198.8  38.0 0.593117 0.962968 0.231482 hargrave 2019-10-04 19:23:40 
TT 520 312.3  47.1 312.3  47.1 3.69E-04 001.6 196.2  38.2 0.506330 0.842616 0.246804 hargrave 2019-10-06 12:14:49 
TT 540 315.1  48.7 315.1  48.7 3.10E-04 002.7 193.2  37.4 0.259042 1.452779 0.171607 hargrave 2019-10-06 18:38:55 
TT 545 308.4  46.4 308.4  46.4 2.94E-04 004.1 199.6  37.6 0.790450 1.976489 0.161141 hargrave 2019-10-14 15:09:00 
TT 550 309.8  47.7 309.8  47.7 2.60E-04 001.1 197.8  37.0 0.225465 0.444353 0.113467 hargrave 2019-10-19 13:42:39 
TT 555 308.9  47.3 308.9  47.3 2.11E-04 001.3 198.7  37.0 0.136304 0.411450 0.186835 hargrave 2019-10-20 10:49:26 
TT 560 310.3  48.1 310.3  48.1 1.92E-04 001.8 197.2  36.7 0.097859 0.523434 0.285832 hargrave 2019-10-20 17:30:13 
TT 565 308.7  47.3 308.7  47.3 1.36E-04 005.3 198.9  36.9 0.199410 1.196675 0.314961 hargrave 2019-10-21 12:33:30 
TT 568 304.0  45.7 304.0  45.7 8.67E-05 003.1 203.3  36.6 0.075418 0.420083 0.213210 hargrave 2019-10-21 19:14:34 
TT 570 309.0  47.7 309.0  47.7 7.98E-05 001.7 198.4  36.7 0.051750 0.217441 0.070569 hargrave 2019-10-25 16:07:52 
TT 575 303.4  46.7 303.4  46.7 4.97E-05 003.0 203.1  35.6 0.098739 0.245584 0.029562 hargrave 2019-10-26 10:37:33 
TT 577 307.0  44.2 307.0  44.2 4.98E-05 003.4 202.1  39.0 0.058779 0.269259 0.107496 hargrave 2019-11-01 14:54:27 
TT 579 306.3  47.9 306.3  47.9 4.34E-05 004.0 200.2  35.6 0.041047 0.274577 0.135001 hargrave 2019-11-02 12:42:01 
TT 581 307.2  47.3 307.2  47.3 4.11E-05 004.9 200.0  36.4 0.058019 0.322923 0.139427 hargrave 2019-11-03 11:02:44 
TT 585 304.8  49.7 304.8  49.7 3.87E-05 003.3 200.1  33.6 0.139201 0.181582 0.115844 hargrave 2019-11-03 17:18:26 
TT 600 303.0  46.5 303.0  46.5 2.50E-05 004.2 203.5  35.6 0.044300 0.171501 0.062621 hargrave 2019-11-15 15:32:13 
TT 615 298.4  50.1 298.4  50.1 1.09E-05 005.2 203.8  30.9 0.021045 0.088961 0.043878 hargrave 2019-11-16 10:35:16 
TT 630 005.6  27.5 005.6  27.5 1.88E-06 001.7 134.1  45.6 0.005563 0.010313 0.010366 hargrave 2019-11-16 17:08:24 
TT 645 075.3 -46.5 075.3 -46.5 1.64E-06 004.7 042.4 -08.2 0.005148 0.005881 0.011816 hargrave 2019-11-23 16:59:06 
TT 660 141.3  74.3 141.3  74.3 1.94E-06 002.2 177.2 -17.4 0.007629 0.006584 0.002406 hargrave 2019-12-01 14:28:18 
TT 675 047.6 -44.3 047.6 -44.3 1.40E-06 003.0 045.2  11.0 0.007478 0.006622 0.003463 hargrave 2019-12-02 12:56:44 
TT 685 175.9  06.7 175.9  06.7 1.13E-06 002.4 258.5 -64.8 0.003088 0.005277 0.005742 hargrave 2019-12-06 15:17:25 
