AX12- 6b mag compass orientation (IGRF corrected)
      0  36.1  66.0   0.0   0.0   1.0
NRM    301.9  42.5 301.9  42.5 3.88E-04 001.1 189.7  71.2 0.248809 0.685458 0.109191 hargrave 2019-09-13 18:48:04 
TT 100 301.8  42.7 301.8  42.7 3.92E-04 001.8 189.8  71.0 0.740657 1.037046 0.119158 hargrave 2019-09-20 14:32:27 
TT 150 300.3  42.1 300.3  42.1 3.87E-04 000.8 193.5  71.2 0.344953 0.366330 0.145003 hargrave 2019-09-21 12:40:04 
TT 200 300.1  41.8 300.1  41.8 3.78E-04 001.0 194.3  71.5 0.405268 0.528965 0.176582 hargrave 2019-09-21 18:20:47 
TT 250 300.6  42.1 300.6  42.1 3.76E-04 001.1 192.8  71.3 0.404487 0.561320 0.148317 hargrave 2019-09-22 15:39:17 
TT 300 301.0  41.7 301.0  41.7 3.72E-04 000.8 192.4  71.8 0.245631 0.430520 0.150749 hargrave 2019-09-27 13:45:21 
TT 350 299.9  41.4 299.9  41.4 3.66E-04 001.2 195.1  71.9 0.378185 0.693322 0.061950 hargrave 2019-09-28 10:53:39 
TT 400 302.5  42.1 302.5  42.1 3.53E-04 001.1 188.6  71.7 0.582570 0.238910 0.196474 hargrave 2019-09-28 17:52:59 
TT 450 299.4  41.9 299.4  41.9 3.40E-04 001.3 195.7  71.3 0.438419 0.603129 0.197322 hargrave 2019-09-29 15:26:02 
TT 475 302.8  42.4 302.8  42.4 3.32E-04 001.1 187.6  71.4 0.542815 0.270630 0.150338 hargrave 2019-10-04 12:50:58 
TT 500 301.0  42.5 301.0  42.5 3.20E-04 001.0 191.5  71.0 0.521456 0.187009 0.153578 hargrave 2019-10-04 19:22:12 
TT 520 301.4  42.8 301.4  42.8 3.07E-04 001.4 190.5  70.8 0.581262 0.463407 0.158662 hargrave 2019-10-06 12:13:18 
TT 540 300.9  42.8 300.9  42.8 2.53E-04 001.2 191.6  70.7 0.450140 0.287138 0.127007 hargrave 2019-10-06 18:37:28 
TT 545 303.1  43.3 303.1  43.3 2.36E-04 001.0 186.6  70.6 0.251706 0.303694 0.119796 hargrave 2019-10-14 15:07:31 
TT 550 301.3  43.5 301.3  43.5 2.02E-04 000.9 190.4  70.1 0.195188 0.250040 0.062481 hargrave 2019-10-19 13:41:11 
TT 555 301.1  43.4 301.1  43.4 1.58E-04 000.7 190.8  70.2 0.118683 0.140118 0.092257 hargrave 2019-10-20 10:47:59 
TT 560 303.0  44.9 303.0  44.9 1.37E-04 001.1 186.1  68.9 0.202647 0.127662 0.121482 hargrave 2019-10-20 17:28:46 
TT 565 302.6  44.1 302.6  44.1 9.34E-05 002.4 187.4  69.7 0.157560 0.350588 0.099549 hargrave 2019-10-21 12:32:02 
TT 568 302.2  44.8 302.2  44.8 5.99E-05 001.9 187.8  69.0 0.172048 0.056088 0.078512 hargrave 2019-10-21 19:13:08 
TT 570 300.3  43.1 300.3  43.1 5.03E-05 001.7 192.7  70.3 0.095081 0.120761 0.042501 hargrave 2019-10-25 16:06:24 
TT 575 304.5  44.0 304.5  44.0 2.94E-05 002.0 183.3  70.0 0.082543 0.065605 0.011713 hargrave 2019-10-26 10:36:05 
TT 577 304.6  42.5 304.6  42.5 2.88E-05 002.5 183.5  71.4 0.076362 0.094433 0.056962 hargrave 2019-11-01 14:53:00 
TT 579 303.4  44.3 303.4  44.3 2.67E-05 003.1 185.6  69.6 0.075111 0.117844 0.057522 hargrave 2019-11-02 12:40:32 
TT 581 302.3  42.5 302.3  42.5 2.50E-05 002.8 188.8  71.2 0.071864 0.088606 0.059094 hargrave 2019-11-03 11:01:15 
TT 585 303.2  44.6 303.2  44.6 2.13E-05 002.4 185.9  69.3 0.055792 0.061856 0.043598 hargrave 2019-11-03 17:17:12 
TT 600 301.0  40.5 301.0  40.5 1.39E-05 002.3 193.3  73.0 0.030313 0.039683 0.035100 hargrave 2019-11-15 15:30:46 
TT 615 285.3  43.8 285.3  43.8 3.51E-06 003.6 215.6  63.9 0.003759 0.018075 0.015388 hargrave 2019-11-16 10:33:48 
TT 630 326.0 -10.0 326.0 -10.0 9.01E-07 006.0 032.1  50.8 0.003568 0.009973 0.003492 hargrave 2019-11-16 17:06:56 
TT 645 012.3 -01.7 012.3 -01.7 1.06E-06 003.7 078.2  20.9 0.002791 0.006935 0.008588 hargrave 2019-11-23 16:57:37 
TT 660 085.9  50.1 085.9  50.1 8.03E-07 010.3 155.3 -07.8 0.004243 0.016131 0.004117 hargrave 2019-12-01 14:26:50 
TT 675 056.8 -24.3 056.8 -24.3 1.41E-06 004.4 073.9 -27.5 0.006549 0.010767 0.005129 hargrave 2019-12-02 12:55:16 
TT 685 335.5 -50.2 335.5 -50.2 1.44E-06 004.2 018.7  11.3 0.004780 0.006809 0.007697 hargrave 2019-12-06 15:15:58 
