AX12- 5b mag compass orientation (IGRF corrected)
      0  46.1  94.0   0.0   0.0   1.0
NRM    288.4  32.1 288.4  32.1 7.30E-04 001.7 214.1  45.3 1.518237 0.425233 1.419593 hargrave 2019-09-13 18:46:33 
TT 100 291.9  34.4 291.9  34.4 7.29E-04 001.7 208.7  45.3 1.592375 0.578483 1.436902 hargrave 2019-09-20 14:31:02 
TT 150 288.9  32.6 288.9  32.6 7.21E-04 001.8 213.1  45.2 0.967525 1.473853 1.508091 hargrave 2019-09-21 12:38:51 
TT 200 288.7  32.6 288.7  32.6 7.11E-04 002.3 213.3  45.1 0.538621 2.347663 1.438928 hargrave 2019-09-21 18:19:34 
TT 250 291.3  34.5 291.3  34.5 7.06E-04 001.6 209.2  45.0 1.185566 0.967741 1.306906 hargrave 2019-09-22 15:37:58 
TT 300 288.5  32.0 288.5  32.0 6.97E-04 002.2 214.0  45.4 0.583740 2.168410 1.365953 hargrave 2019-09-27 13:43:50 
TT 350 288.2  32.3 288.2  32.3 6.82E-04 005.7 214.0  45.1 2.633467 6.188592 1.273013 hargrave 2019-09-28 10:52:25 
TT 400 288.3  32.5 288.3  32.5 6.65E-04 004.0 213.7  45.0 0.713484 4.240857 1.702110 hargrave 2019-09-28 17:51:45 
TT 450 288.3  32.6 288.3  32.6 6.40E-04 004.7 213.7  44.9 1.508814 4.819715 1.468064 hargrave 2019-09-29 15:24:49 
TT 475 289.3  32.4 289.3  32.4 6.28E-04 001.6 213.0  45.6 0.369096 1.566188 0.649533 hargrave 2019-10-04 12:49:28 
TT 500 290.1  33.4 290.1  33.4 6.14E-04 000.9 211.4  45.3 0.336992 0.865410 0.430388 hargrave 2019-10-04 19:20:41 
TT 520 289.8  33.3 289.8  33.3 5.94E-04 001.4 211.7  45.1 0.595539 1.250404 0.420242 hargrave 2019-10-06 12:11:47 
TT 540 289.0  33.5 289.0  33.5 4.28E-04 001.5 212.3  44.6 0.353762 1.005504 0.413376 hargrave 2019-10-06 18:35:58 
TT 545 290.0  34.0 290.0  34.0 3.79E-04 001.3 210.9  44.7 0.559437 0.249380 0.626433 hargrave 2019-10-14 15:06:00 
TT 550 288.4  34.6 288.4  34.6 2.93E-04 002.0 211.7  43.4 0.345634 0.937080 0.299271 hargrave 2019-10-19 13:39:40 
TT 555 284.8  32.7 284.8  32.7 2.10E-04 002.1 216.6  42.8 0.184163 0.505989 0.537564 hargrave 2019-10-20 10:46:27 
TT 560 287.4  36.2 287.4  36.2 1.66E-04 005.1 211.3  41.7 0.457937 1.353700 0.430033 hargrave 2019-10-20 17:27:16 
TT 565 288.9  35.8 288.9  35.8 1.05E-04 006.2 210.3  42.7 0.309736 1.043896 0.344931 hargrave 2019-10-21 12:30:31 
TT 568 286.9  31.3 286.9  31.3 7.10E-05 003.1 216.2  45.0 0.083631 0.290841 0.230894 hargrave 2019-10-21 19:11:37 
TT 570 289.5  34.1 289.5  34.1 6.21E-05 002.9 211.3  44.3 0.100940 0.284019 0.102076 hargrave 2019-10-25 16:04:52 
TT 575 289.2  32.4 289.2  32.4 4.75E-05 002.9 213.0  45.5 0.121172 0.211704 0.062569 hargrave 2019-10-26 10:34:34 
TT 577 289.2  32.2 289.2  32.2 4.58E-05 004.9 213.2  45.7 0.140253 0.349106 0.124845 hargrave 2019-11-01 14:51:28 
TT 579 288.4  32.4 288.4  32.4 4.19E-05 003.4 213.8  45.1 0.073370 0.199570 0.148565 hargrave 2019-11-02 12:39:01 
TT 581 287.1  31.6 287.1  31.6 4.00E-05 006.0 215.7  45.0 0.148690 0.366479 0.159747 hargrave 2019-11-03 10:59:43 
TT 585 288.6  33.1 288.6  33.1 3.82E-05 003.2 212.9  44.7 0.142753 0.088219 0.144584 hargrave 2019-11-03 17:15:59 
TT 600 287.6  32.2 287.6  32.2 2.66E-05 004.8 214.7  44.8 0.042715 0.191213 0.108730 hargrave 2019-11-15 15:29:16 
TT 615 286.0  38.8 286.0  38.8 9.11E-06 005.2 210.2  39.0 0.020760 0.072994 0.036886 hargrave 2019-11-16 10:32:17 
TT 630 325.6  58.3 325.6  58.3 1.75E-06 011.6 174.4  27.3 0.004917 0.033578 0.014663 hargrave 2019-11-16 17:05:26 
TT 645 317.1  51.7 317.1  51.7 1.51E-06 009.2 179.3  34.3 0.002975 0.023692 0.005539 hargrave 2019-11-23 16:56:06 
TT 660 257.2  58.5 257.2  58.5 1.07E-06 011.5 207.3  12.1 0.005883 0.019928 0.007617 hargrave 2019-12-01 14:25:19 
TT 675 039.4 -49.1 039.4 -49.1 1.90E-06 001.8 041.0  07.4 0.004169 0.007035 0.001167 hargrave 2019-12-02 12:53:44 
TT 685 111.7 -69.0 111.7 -69.0 1.60E-06 003.1 008.8 -15.1 0.004141 0.008181 0.001256 hargrave 2019-12-06 15:14:27 
