AX13- 6b mag compass orientation (IGRF corrected)
      0 241.0  92.0   0.0   0.0   1.0
NRM    293.7  26.9 293.7  26.9 7.09E-04 001.1 128.3 -46.5 0.751217 0.694241 0.856851 hargrave 2019-09-13 18:58:47 
TT 100 293.2  26.1 293.2  26.1 7.11E-04 001.6 127.0 -46.4 0.612823 1.591178 0.974479 hargrave 2019-09-20 14:46:39 
TT 150 292.9  25.7 292.9  25.7 7.10E-04 001.4 126.3 -46.4 0.312583 1.325694 1.114053 hargrave 2019-09-21 12:48:57 
TT 200 292.6  25.3 292.6  25.3 7.09E-04 001.6 125.7 -46.3 1.598751 0.666388 1.089676 hargrave 2019-09-21 18:30:27 
TT 250 292.4  24.7 292.4  24.7 7.06E-04 002.0 124.7 -46.4 0.724732 2.013707 1.226373 hargrave 2019-09-22 15:48:26 
TT 300 292.4  25.1 292.4  25.1 7.01E-04 004.7 125.2 -46.2 4.115316 4.034852 0.813924 hargrave 2019-09-27 13:56:31 
TT 350 292.5  26.0 292.5  26.0 6.95E-04 003.0 126.4 -45.9 2.275791 2.762459 0.877402 hargrave 2019-09-28 11:02:01 
TT 400 290.8  23.0 290.8  23.0 6.84E-04 001.4 121.6 -45.8 0.817271 0.958622 1.135517 hargrave 2019-09-28 18:01:22 
TT 450 290.7  23.2 290.7  23.2 6.62E-04 001.9 121.8 -45.6 0.772642 1.714055 1.047737 hargrave 2019-09-29 15:34:23 
TT 475 292.3  23.8 292.3  23.8 6.45E-04 002.8 123.4 -46.7 2.863047 1.229440 0.645474 hargrave 2019-10-04 13:01:27 
TT 500 292.2  23.3 292.2  23.3 6.14E-04 002.9 122.7 -46.8 2.264235 2.062363 0.613275 hargrave 2019-10-04 19:33:30 
TT 520 292.8  24.7 292.8  24.7 5.76E-04 001.8 125.0 -46.8 1.628901 0.612270 0.609139 hargrave 2019-10-06 12:23:56 
TT 540 291.4  24.8 291.4  24.8 3.71E-04 001.7 124.3 -45.6 0.624780 0.854102 0.416176 hargrave 2019-10-06 18:47:49 
TT 545 291.4  24.1 291.4  24.1 3.53E-04 001.5 123.4 -45.8 0.338180 0.732625 0.448848 hargrave 2019-10-14 15:18:01 
TT 550 291.0  24.0 291.0  24.0 2.88E-04 002.1 123.1 -45.6 0.963240 0.287097 0.347097 hargrave 2019-10-19 13:51:37 
TT 555 291.5  25.0 291.5  25.0 2.06E-04 001.6 124.7 -45.5 0.176501 0.461917 0.282825 hargrave 2019-10-20 10:58:22 
TT 560 291.0  24.6 291.0  24.6 2.02E-04 001.8 123.8 -45.3 0.132146 0.496965 0.378331 hargrave 2019-10-20 17:39:08 
TT 565 291.1  26.1 291.1  26.1 1.46E-04 003.8 125.9 -44.8 0.483698 0.771968 0.349368 hargrave 2019-10-21 12:42:29 
TT 568 290.1  27.9 290.1  27.9 1.01E-04 001.8 127.5 -43.1 0.157558 0.159820 0.229626 hargrave 2019-10-21 19:23:26 
TT 570 288.0  25.1 288.0  25.1 9.83E-05 001.2 123.0 -42.6 0.131999 0.082060 0.127620 hargrave 2019-10-25 16:16:55 
TT 575 289.8  28.6 289.8  28.6 6.33E-05 002.3 128.2 -42.6 0.172472 0.186241 0.059809 hargrave 2019-10-26 10:46:32 
TT 577 291.5  29.7 291.5  29.7 5.94E-05 002.3 130.5 -43.4 0.094755 0.183063 0.134610 hargrave 2019-11-01 15:04:16 
TT 579 291.3  29.5 291.3  29.5 4.69E-05 005.2 130.1 -43.4 0.238850 0.333567 0.110352 hargrave 2019-11-02 12:51:00 
TT 581 290.3  29.4 290.3  29.4 3.72E-05 005.4 129.4 -42.6 0.195623 0.277437 0.102412 hargrave 2019-11-03 11:11:42 
TT 585 288.7  29.4 288.7  29.4 3.81E-05 003.5 128.7 -41.4 0.150601 0.159546 0.097867 hargrave 2019-11-03 17:25:42 
TT 600 290.4  28.1 290.4  28.1 3.01E-05 004.9 127.9 -43.3 0.139697 0.196686 0.096623 hargrave 2019-11-15 15:41:07 
TT 615 291.7  32.4 291.7  32.4 2.73E-05 003.4 133.8 -42.2 0.056801 0.143493 0.072318 hargrave 2019-11-16 10:44:17 
TT 630 292.0  36.4 292.0  36.4 2.64E-05 006.2 138.5 -40.2 0.243104 0.145142 0.080744 hargrave 2019-11-16 17:17:22 
TT 645 288.4  30.9 288.4  30.9 1.84E-05 001.9 130.2 -40.5 0.020752 0.043544 0.047947 hargrave 2019-11-23 17:08:36 
TT 660 285.6  31.0 285.6  31.0 1.15E-05 004.5 129.0 -38.3 0.052450 0.065058 0.039657 hargrave 2019-12-01 14:37:19 
TT 675 303.7 -10.3 303.7 -10.3 2.13E-06 001.7 065.1 -60.1 0.003538 0.004009 0.003239 hargrave 2019-12-02 13:05:46 
TT 685 287.9  64.0 287.9  64.0 8.93E-07 006.1 161.3 -20.6 0.002548 0.009261 0.000967 hargrave 2019-12-06 15:26:30 
