AX13- 4b mag compass orientation (IGRF corrected)
      0 241.0  98.0   0.0   0.0   1.0
NRM    286.4  26.0 286.4  26.0 5.27E-04 001.9 118.6 -44.0 1.079300 1.257393 0.630476 hargrave 2019-09-13 18:55:32 
TT 100 285.8  24.6 285.8  24.6 5.27E-04 001.8 116.5 -43.8 1.100594 1.112712 0.589143 hargrave 2019-09-20 14:43:58 
TT 150 285.8  25.1 285.8  25.1 5.26E-04 003.6 117.3 -43.7 2.554262 2.005599 0.531502 hargrave 2019-09-21 12:46:29 
TT 200 285.9  26.0 285.9  26.0 5.26E-04 001.7 118.5 -43.6 1.070142 1.091054 0.503447 hargrave 2019-09-21 18:27:15 
TT 250 286.8  27.7 286.8  27.7 5.21E-04 000.9 121.1 -43.9 0.383547 0.543241 0.477433 hargrave 2019-09-22 15:45:50 
TT 300 285.4  22.5 285.4  22.5 5.15E-04 004.6 113.6 -43.9 3.629318 1.981698 0.488719 hargrave 2019-09-27 13:53:25 
TT 350 285.7  27.0 285.7  27.0 5.07E-04 001.0 119.7 -43.1 0.542562 0.596333 0.482539 hargrave 2019-09-28 10:59:37 
TT 400 285.6  27.2 285.6  27.2 4.93E-04 000.8 120.0 -43.0 0.361358 0.445011 0.313501 hargrave 2019-09-28 17:58:58 
TT 450 286.1  28.9 286.1  28.9 4.72E-04 001.6 122.4 -43.0 1.158203 0.492384 0.332978 hargrave 2019-09-29 15:32:00 
TT 475 286.1  26.4 286.1  26.4 4.56E-04 001.4 119.0 -43.6 0.420241 0.684432 0.756633 hargrave 2019-10-04 12:58:28 
TT 500 285.6  23.6 285.6  23.6 4.26E-04 002.4 115.2 -43.9 1.651629 0.247772 0.720137 hargrave 2019-10-04 19:29:39 
TT 520 285.7  24.7 285.7  24.7 3.86E-04 001.4 116.7 -43.7 0.339732 0.620016 0.671849 hargrave 2019-10-06 12:20:53 
TT 540 286.0  26.9 286.0  26.9 2.68E-04 002.2 119.7 -43.5 0.935224 0.193729 0.442865 hargrave 2019-10-06 18:44:51 
TT 545 286.5  26.3 286.5  26.3 2.59E-04 001.2 119.2 -44.0 0.132323 0.432568 0.316860 hargrave 2019-10-14 15:15:02 
TT 550 287.2  27.8 287.2  27.8 2.29E-04 001.4 121.4 -44.2 0.155339 0.462070 0.290034 hargrave 2019-10-19 13:48:38 
TT 555 287.0  25.4 287.0  25.4 1.88E-04 002.8 118.1 -44.6 0.851225 0.321345 0.181131 hargrave 2019-10-20 10:55:24 
TT 560 286.5  23.9 286.5  23.9 1.86E-04 002.1 115.9 -44.6 0.624079 0.248721 0.173055 hargrave 2019-10-20 17:36:11 
TT 565 287.4  26.3 287.4  26.3 1.54E-04 001.7 119.4 -44.8 0.306612 0.296201 0.127552 hargrave 2019-10-21 12:39:30 
TT 568 288.5  30.7 288.5  30.7 1.25E-04 001.4 125.6 -44.3 0.193908 0.227451 0.086080 hargrave 2019-10-21 19:20:30 
TT 570 287.2  29.0 287.2  29.0 1.23E-04 001.2 123.0 -43.8 0.230141 0.101902 0.108409 hargrave 2019-10-25 16:13:55 
TT 575 287.9  28.2 287.9  28.2 9.50E-05 002.7 122.2 -44.7 0.410223 0.123610 0.130897 hargrave 2019-10-26 10:43:34 
TT 577 289.2  27.5 289.2  27.5 9.22E-05 002.3 121.7 -46.0 0.324580 0.181106 0.071096 hargrave 2019-11-01 15:01:17 
TT 579 289.7  29.3 289.7  29.3 8.01E-05 001.8 124.4 -45.8 0.191871 0.149092 0.061510 hargrave 2019-11-02 12:48:01 
TT 581 288.9  30.9 288.9  30.9 7.54E-05 001.2 126.1 -44.6 0.054242 0.138574 0.067267 hargrave 2019-11-03 11:08:43 
TT 585 288.3  31.2 288.3  31.2 7.39E-05 000.9 126.3 -44.0 0.113565 0.057688 0.053765 hargrave 2019-11-03 17:23:19 
TT 600 289.4  29.6 289.4  29.6 6.46E-05 002.7 124.6 -45.4 0.248246 0.168444 0.045289 hargrave 2019-11-15 15:38:10 
TT 615 289.3  30.4 289.3  30.4 6.20E-05 000.8 125.6 -45.1 0.036751 0.072283 0.043553 hargrave 2019-11-16 10:41:18 
TT 630 289.6  31.9 289.6  31.9 5.83E-05 001.1 127.7 -44.8 0.081375 0.082330 0.044969 hargrave 2019-11-16 17:14:23 
TT 645 288.1  33.7 288.1  33.7 3.74E-05 002.9 129.3 -42.9 0.167139 0.094636 0.025806 hargrave 2019-11-23 17:05:07 
TT 660 287.0  32.6 287.0  32.6 2.09E-05 002.7 127.5 -42.5 0.087607 0.047482 0.020953 hargrave 2019-12-01 14:34:19 
TT 675 294.0  21.5 294.0  21.5 3.26E-06 003.6 114.8 -51.9 0.019228 0.007285 0.002045 hargrave 2019-12-02 13:02:46 
TT 685 340.3  81.2 340.3  81.2 7.69E-07 004.0 181.5 -16.7 0.001929 0.005261 0.000927 hargrave 2019-12-06 15:23:31 
