AX13- 7b mag compass orientation (IGRF corrected)
      0 243.0  98.0   0.0   0.0   1.0
NRM    291.6  25.7 291.6  25.7 4.09E-04 001.0 119.3 -46.9 0.351703 0.387242 0.463538 hargrave 2019-09-13 19:02:22 
TT 100 291.4  27.5 291.4  27.5 4.10E-04 002.3 121.8 -46.1 1.381120 0.934784 0.201732 hargrave 2019-09-20 14:50:17 
TT 150 291.5  30.4 291.5  30.4 4.09E-04 001.5 125.8 -45.3 0.902681 0.382216 0.422139 hargrave 2019-09-21 12:51:59 
TT 200 290.7  28.5 290.7  28.5 4.10E-04 001.0 122.8 -45.2 0.506642 0.410219 0.336050 hargrave 2019-09-21 18:33:33 
TT 250 290.9  27.9 290.9  27.9 4.07E-04 002.9 122.2 -45.6 1.786086 0.982012 0.294190 hargrave 2019-09-22 15:51:34 
TT 300 292.2  28.6 292.2  28.6 4.03E-04 004.2 123.7 -46.5 2.623820 1.215819 0.539417 hargrave 2019-09-27 13:59:26 
TT 350 290.5  28.0 290.5  28.0 3.97E-04 005.9 122.1 -45.2 3.729019 1.595736 0.582326 hargrave 2019-09-28 11:04:19 
TT 400 289.4  24.9 289.4  24.9 3.90E-04 003.7 117.5 -45.1 2.291034 1.000644 0.228848 hargrave 2019-09-28 18:05:03 
TT 450 290.1  26.6 290.1  26.6 3.73E-04 004.5 120.1 -45.3 2.628644 1.246925 0.252447 hargrave 2019-09-29 15:38:05 
TT 475 291.5  26.4 291.5  26.4 3.61E-04 004.1 120.4 -46.5 2.430290 0.498086 0.809551 hargrave 2019-10-04 13:04:16 
TT 500 290.8  24.8 290.8  24.8 3.34E-04 007.4 117.8 -46.4 4.039438 1.497529 0.548543 hargrave 2019-10-04 19:37:05 
TT 520 290.5  24.8 290.5  24.8 2.98E-04 005.7 117.8 -46.2 2.784305 0.929284 0.483166 hargrave 2019-10-06 12:27:31 
TT 540 291.7  25.4 291.7  25.4 1.56E-04 004.0 119.0 -47.0 1.029833 0.311098 0.239445 hargrave 2019-10-06 18:51:26 
TT 545 291.4  25.3 291.4  25.3 1.47E-04 004.5 118.7 -46.8 1.072309 0.316399 0.257774 hargrave 2019-10-14 15:21:40 
TT 550 290.8  22.4 290.8  22.4 1.24E-04 004.7 114.4 -47.0 0.969438 0.250974 0.162851 hargrave 2019-10-19 13:55:13 
TT 555 290.7  25.9 290.7  25.9 9.75E-05 002.5 119.3 -46.0 0.400440 0.112133 0.124655 hargrave 2019-10-20 11:01:58 
TT 560 290.6  26.6 290.6  26.6 9.52E-05 001.9 120.2 -45.8 0.284223 0.108559 0.111975 hargrave 2019-10-20 17:42:44 
TT 565 289.2  22.2 289.2  22.2 7.83E-05 003.2 113.6 -45.6 0.413308 0.093718 0.110308 hargrave 2019-10-21 12:46:05 
TT 568 288.1  26.3 288.1  26.3 6.01E-05 002.8 118.9 -43.7 0.265897 0.115909 0.036047 hargrave 2019-10-21 19:27:48 
TT 570 288.3  26.4 288.3  26.4 5.84E-05 007.0 119.2 -43.9 0.653265 0.276175 0.072161 hargrave 2019-10-25 16:20:33 
TT 575 288.8  27.6 288.8  27.6 3.95E-05 007.4 120.9 -44.0 0.462298 0.209035 0.074816 hargrave 2019-10-26 10:50:09 
TT 577 289.3  30.7 289.3  30.7 3.70E-05 003.7 125.3 -43.4 0.217954 0.097075 0.051954 hargrave 2019-11-01 15:07:52 
TT 579 287.9  29.9 287.9  29.9 3.18E-05 005.2 123.6 -42.5 0.248969 0.144490 0.031050 hargrave 2019-11-02 12:54:36 
TT 581 287.7  30.1 287.7  30.1 2.66E-05 004.4 123.8 -42.3 0.179973 0.089601 0.041887 hargrave 2019-11-03 11:16:07 
TT 585 285.9  29.0 285.9  29.0 2.64E-05 006.5 121.8 -41.1 0.221498 0.230293 0.037937 hargrave 2019-11-03 17:29:20 
TT 600 287.4  28.6 287.4  28.6 2.30E-05 006.1 121.7 -42.5 0.220916 0.103124 0.031321 hargrave 2019-11-15 15:43:54 
TT 615 288.0  29.4 288.0  29.4 2.23E-05 006.5 123.1 -42.7 0.225399 0.113818 0.031586 hargrave 2019-11-16 10:47:07 
TT 630 284.2  24.6 284.2  24.6 2.10E-05 003.0 115.6 -40.6 0.105484 0.032351 0.026074 hargrave 2019-11-16 17:22:34 
TT 645 285.3  32.4 285.3  32.4 1.61E-05 005.3 125.8 -39.6 0.133117 0.066527 0.026952 hargrave 2019-11-23 17:11:26 
TT 660 286.6  30.0 286.6  30.0 8.87E-06 005.5 123.3 -41.4 0.075432 0.039474 0.007105 hargrave 2019-12-01 14:40:08 
TT 675 276.0 -06.7 276.0 -06.7 9.16E-07 006.7 077.0 -31.3 0.010738 0.001759 0.000933 hargrave 2019-12-02 13:08:36 
TT 685 190.5  51.7 190.5  51.7 1.04E-06 004.7 156.0  22.2 0.002137 0.007508 0.004003 hargrave 2019-12-06 15:29:18 
