AX13- 1b mag compass orientation (IGRF corrected)
      0 236.0  78.0   0.0   0.0   1.0
NRM    290.2  29.5 290.2  29.5 5.91E-04 004.0 141.0 -36.1 2.866406 2.919161 0.593279 hargrave 2019-09-13 18:51:06 
TT 100 291.2  29.8 291.2  29.8 5.86E-04 001.5 142.0 -36.4 0.546633 1.627730 0.565796 hargrave 2019-09-20 14:35:23 
TT 150 291.3  30.7 291.3  30.7 5.92E-04 002.2 142.9 -35.8 1.527933 1.643606 0.442163 hargrave 2019-09-21 12:42:37 
TT 200 289.8  29.5 289.8  29.5 5.92E-04 002.1 140.7 -35.8 1.517613 1.546879 0.383528 hargrave 2019-09-21 18:23:19 
TT 250 291.2  30.0 291.2  30.0 5.83E-04 006.9 142.2 -36.2 4.322908 5.562432 0.380433 hargrave 2019-09-22 15:41:53 
TT 300 293.5  32.2 293.5  32.2 5.83E-04 001.2 145.8 -35.9 0.839140 0.507348 0.784392 hargrave 2019-09-27 13:48:32 
TT 350 290.2  30.1 290.2  30.1 5.73E-04 001.1 141.5 -35.6 0.901851 0.607873 0.403712 hargrave 2019-09-28 10:55:59 
TT 400 290.9  30.7 290.9  30.7 5.58E-04 000.8 142.5 -35.6 0.361473 0.687347 0.249348 hargrave 2019-09-28 17:55:19 
TT 450 290.4  30.7 290.4  30.7 5.38E-04 000.6 142.2 -35.3 0.322917 0.406376 0.237405 hargrave 2019-09-29 15:28:23 
TT 475 287.9  27.3 287.9  27.3 5.18E-04 001.6 137.3 -36.0 1.034308 0.232779 1.002970 hargrave 2019-10-04 12:53:56 
TT 500 290.4  29.4 290.4  29.4 4.77E-04 004.2 141.1 -36.2 2.668647 2.158143 0.869544 hargrave 2019-10-04 19:25:07 
TT 520 289.8  29.3 289.8  29.3 4.00E-04 001.3 140.4 -35.9 0.364066 0.483179 0.708583 hargrave 2019-10-06 12:16:16 
TT 540 288.4  29.0 288.4  29.0 2.39E-04 005.6 139.2 -35.3 1.739769 1.533954 0.390691 hargrave 2019-10-06 18:40:22 
TT 545 287.1  27.1 287.1  27.1 2.27E-04 003.3 136.5 -35.7 0.998875 0.811773 0.249452 hargrave 2019-10-14 15:10:28 
TT 550 286.7  26.7 286.7  26.7 1.91E-04 001.1 135.9 -35.6 0.277003 0.091628 0.244621 hargrave 2019-10-19 13:44:06 
TT 555 290.6  30.2 290.6  30.2 1.53E-04 000.9 141.9 -35.8 0.175591 0.125986 0.121449 hargrave 2019-10-20 10:50:54 
TT 560 289.6  29.3 289.6  29.3 1.47E-04 003.4 140.4 -35.8 0.587236 0.642366 0.092681 hargrave 2019-10-20 17:31:41 
TT 565 288.7  29.5 288.7  29.5 1.21E-04 000.8 139.8 -35.1 0.065210 0.117747 0.116026 hargrave 2019-10-21 12:34:58 
TT 568 290.8  31.6 290.8  31.6 9.87E-05 000.8 143.2 -34.9 0.060451 0.085766 0.098445 hargrave 2019-10-21 19:16:01 
TT 570 288.3  30.4 288.3  30.4 9.51E-05 003.1 140.4 -34.2 0.365707 0.359151 0.091265 hargrave 2019-10-25 16:09:21 
TT 575 287.7  29.5 287.7  29.5 7.00E-05 005.2 139.2 -34.4 0.454113 0.439673 0.116859 hargrave 2019-10-26 10:39:02 
TT 577 289.8  30.0 289.8  30.0 6.87E-05 003.7 141.1 -35.4 0.303746 0.331164 0.044483 hargrave 2019-11-01 14:55:55 
TT 579 288.5  30.4 288.5  30.4 5.98E-05 002.7 140.5 -34.4 0.184323 0.222062 0.040376 hargrave 2019-11-02 12:43:29 
TT 581 289.2  32.5 289.2  32.5 5.62E-05 003.8 142.9 -33.3 0.191953 0.321745 0.059384 hargrave 2019-11-03 11:04:12 
TT 585 287.6  32.8 287.6  32.8 5.34E-05 003.6 142.0 -32.1 0.178615 0.295097 0.049513 hargrave 2019-11-03 17:19:36 
TT 600 286.6  30.6 286.6  30.6 4.66E-05 006.3 139.4 -33.0 0.321619 0.399586 0.049347 hargrave 2019-11-15 15:33:40 
TT 615 292.1  34.2 292.1  34.2 4.32E-05 003.9 146.3 -33.7 0.150408 0.249820 0.055847 hargrave 2019-11-16 10:36:44 
TT 630 289.1  33.6 289.1  33.6 3.90E-05 003.1 143.7 -32.4 0.120979 0.166526 0.049130 hargrave 2019-11-16 17:09:51 
TT 645 287.4  33.2 287.4  33.2 2.86E-05 004.8 142.1 -31.7 0.152105 0.187531 0.026601 hargrave 2019-11-23 17:00:34 
TT 660 283.9  36.5 283.9  36.5 1.59E-05 001.4 142.7 -27.4 0.031382 0.032724 0.011072 hargrave 2019-12-01 14:29:47 
TT 675 294.0  14.9 294.0  14.9 2.26E-06 003.6 129.5 -48.5 0.010728 0.009513 0.000770 hargrave 2019-12-02 12:58:14 
TT 685 242.0  07.8 242.0  07.8 9.47E-07 004.7 098.9 -04.2 0.007507 0.002314 0.001293 hargrave 2019-12-06 15:18:53 
