AX13- 2b mag compass orientation (IGRF corrected)
      0 243.0  91.0   0.0   0.0   1.0
NRM    286.7  24.5 286.7  24.5 4.45E-04 003.2 121.5 -39.5 1.068229 1.842769 1.229259 hargrave 2019-09-13 18:52:36
TT 100 290.4  27.8 290.4  27.8 4.44E-04 001.6 127.2 -41.3 0.654169 1.061708 0.313423 hargrave 2019-09-20 14:41:38
TT 150 288.0  23.7 288.0  23.7 4.44E-04 002.4 121.0 -40.9 1.431056 1.146552 0.338152 hargrave 2019-09-21 12:43:56
TT 200 287.9  23.6 287.9  23.6 4.45E-04 000.6 121.0 -40.8 0.265154 0.379668 0.239705 hargrave 2019-09-21 18:24:42
TT 250 288.4  24.6 288.4  24.6 4.41E-04 003.2 122.5 -40.9 1.857442 1.532269 0.433784 hargrave 2019-09-22 15:43:14 
TT 300 287.2  24.7 287.2  24.7 4.37E-04 004.1 121.9 -39.9 2.095463 2.197906 0.734064 hargrave 2019-09-27 13:50:12
TT 350 287.5  27.6 287.5  27.6 4.31E-04 002.1 125.5 -39.0 0.227229 1.070177 1.110617 hargrave 2019-09-28 10:57:13
TT 400 288.7  26.8 288.7  26.8 4.22E-04 000.9 125.2 -40.3 0.225146 0.375455 0.504298 hargrave 2019-09-28 17:56:34
TT 450 288.1  25.6 288.1  25.6 4.07E-04 000.7 123.4 -40.2 0.186939 0.245043 0.390501 hargrave 2019-09-29 15:29:36
TT 475 287.9  22.8 287.9  22.8 3.94E-04 000.4 120.0 -41.1 0.110730 0.213782 0.186954 hargrave 2019-10-04 12:55:28
TT 500 286.2  20.2 286.2  20.2 3.69E-04 003.1 116.0 -40.4 1.618515 1.126336 0.422234 hargrave 2019-10-04 19:26:38
TT 520 288.4  23.5 288.4  23.5 3.26E-04 001.7 121.0 -41.2 0.906638 0.354897 0.213412 hargrave 2019-10-06 12:17:47
TT 540 288.7  25.5 288.7  25.5 2.15E-04 004.4 123.7 -40.8 1.406487 0.887886 0.114233 hargrave 2019-10-06 18:41:53
TT 545 287.9  23.2 287.9  23.2 2.07E-04 003.9 120.5 -41.0 1.171934 0.764373 0.139138 hargrave 2019-10-14 15:12:01
TT 550 100.6  09.3 100.6  09.3 1.79E-04 000.5 120.3 -40.7 0.073092 0.104768 0.100981 hargrave 2019-10-19 13:33:38
TT 555 152.1  59.2 152.1  59.2 9.88E-05 061.2 180.5  29.8 2.010378 8.247388 14.60006 hargrave 2019-10-20 10:52:25
TT 555 287.9  24.3 287.9  24.3 1.34E-04 002.7 121.8 -40.6 0.462779 0.415773 0.142069 hargrave 2019-10-20 12:01:46
TT 560 287.4  25.2 287.4  25.2 1.33E-04 004.7 122.7 -39.8 0.774063 0.744853 0.232340 hargrave 2019-10-20 17:33:12
TT 565 286.4  23.5 286.4  23.5 1.12E-04 004.7 120.2 -39.6 0.688129 0.603611 0.186972 hargrave 2019-10-21 12:36:30 
TT 568 285.8  25.3 285.8  25.3 8.93E-05 002.0 122.1 -38.4 0.186689 0.218174 0.125890 hargrave 2019-10-21 19:17:32 
TT 570 285.5  24.9 285.5  24.9 8.70E-05 001.2 121.5 -38.3 0.149123 0.118558 0.042368 hargrave 2019-10-25 16:10:54 
TT 575 285.1  24.6 285.1  24.6 5.82E-05 002.9 120.9 -38.1 0.243457 0.162134 0.046003 hargrave 2019-10-26 10:40:33 
TT 577 286.7  25.8 286.7  25.8 5.61E-05 002.7 123.1 -39.0 0.153159 0.188275 0.113329 hargrave 2019-11-01 14:57:27 
TT 579 288.0  27.7 288.0  27.7 4.24E-05 004.9 125.9 -39.3 0.250690 0.254077 0.092987 hargrave 2019-11-02 12:45:01 
TT 581 285.6  25.9 285.6  25.9 3.89E-05 005.9 122.7 -38.1 0.279568 0.265157 0.113200 hargrave 2019-11-03 11:05:43 
TT 585 287.3  31.4 287.3  31.4 3.39E-05 002.2 129.9 -37.3 0.112057 0.052497 0.068301 hargrave 2019-11-03 17:20:52 
TT 600 285.5  29.3 285.5  29.3 2.71E-05 004.8 126.7 -36.7 0.136401 0.168365 0.084918 hargrave 2019-11-15 15:35:11 
TT 615 287.6  31.6 287.6  31.6 2.42E-05 005.2 130.2 -37.4 0.130161 0.169642 0.070741 hargrave 2019-11-16 10:38:16 
TT 630 289.3  33.2 289.3  33.2 2.24E-05 005.2 132.9 -37.9 0.130954 0.154047 0.051647 hargrave 2019-11-16 17:11:23 
TT 645 282.6  28.4 282.6  28.4 1.69E-05 006.1 124.5 -34.7 0.120175 0.121353 0.063806 hargrave 2019-11-23 17:02:06 
TT 660 285.4  26.9 285.4  26.9 8.31E-06 004.1 123.9 -37.6 0.043603 0.040050 0.011232 hargrave 2019-12-01 14:31:19 
TT 675 268.9  23.8 268.9  23.8 2.22E-06 004.6 115.7 -24.0 0.014778 0.010155 0.002587 hargrave 2019-12-02 12:59:46 
TT 685 307.6  69.8 307.6  69.8 8.03E-07 003.3 171.0 -19.2 0.001763 0.004510 0.000670 hargrave 2019-12-06 15:20:28 
