AX13- 3b mag compass orientation (IGRF corrected)
      0 233.0  80.0   0.0   0.0   1.0
NRM    288.2  17.6 288.2  17.6 4.63E-04 003.0 128.6 -45.9 2.173660 0.926648 0.641426 hargrave 2019-09-13 18:54:05 
TT 100 290.6  20.7 290.6  20.7 4.66E-04 001.1 134.0 -45.7 0.271812 0.655853 0.522479 hargrave 2019-09-20 14:42:48 
TT 150 290.4  20.3 290.4  20.3 4.65E-04 002.3 133.5 -45.8 0.864487 1.531288 0.526116 hargrave 2019-09-21 12:45:14 
TT 200 287.4  16.3 287.4  16.3 4.63E-04 004.0 126.4 -46.0 2.845766 1.492281 0.477796 hargrave 2019-09-21 18:26:00 
TT 250 288.8  18.1 288.8  18.1 4.61E-04 001.2 129.7 -46.1 0.330189 0.676020 0.668356 hargrave 2019-09-22 15:44:34 
TT 300 289.8  19.5 289.8  19.5 4.57E-04 001.1 132.1 -45.9 0.766688 0.191147 0.428231 hargrave 2019-09-27 13:51:50 
TT 350 288.4  18.4 288.4  18.4 4.49E-04 001.6 129.7 -45.6 0.471942 1.096518 0.486466 hargrave 2019-09-28 10:58:26 
TT 400 293.0  22.2 293.0  22.2 4.37E-04 006.7 137.8 -46.4 2.668080 4.284458 0.785655 hargrave 2019-09-28 17:57:47 
TT 450 289.3  19.4 289.3  19.4 4.23E-04 001.2 131.5 -45.7 0.387663 0.537810 0.613212 hargrave 2019-09-29 15:30:49 
TT 475 290.3  19.3 290.3  19.3 4.09E-04 000.5 132.3 -46.4 0.199770 0.182142 0.242944 hargrave 2019-10-04 12:57:00 
TT 500 288.8  16.9 288.8  16.9 3.75E-04 002.2 128.3 -46.8 1.071184 0.919975 0.213448 hargrave 2019-10-04 19:28:11 
TT 520 287.9  15.8 287.9  15.8 3.15E-04 002.2 126.2 -46.7 0.950600 0.767110 0.161994 hargrave 2019-10-06 12:19:25 
TT 540 286.9  17.1 286.9  17.1 1.71E-04 001.1 126.9 -45.2 0.209799 0.216424 0.119515 hargrave 2019-10-06 18:43:23 
TT 545 287.3  17.3 287.3  17.3 1.62E-04 000.8 127.5 -45.4 0.156857 0.110491 0.142420 hargrave 2019-10-14 15:13:33 
TT 550 287.1  18.1 287.1  18.1 1.37E-04 000.8 128.3 -44.8 0.146213 0.079700 0.109187 hargrave 2019-10-19 13:47:10 
TT 555 288.9  21.6 288.9  21.6 1.08E-04 002.5 133.6 -44.0 0.242816 0.380827 0.127778 hargrave 2019-10-20 10:53:56 
TT 560 286.7  19.2 286.7  19.2 1.06E-04 001.9 129.2 -43.8 0.104224 0.287433 0.194021 hargrave 2019-10-20 17:34:43 
TT 565 286.3  20.6 286.3  20.6 8.46E-05 001.8 130.4 -42.7 0.136370 0.130450 0.188378 hargrave 2019-10-21 12:38:02 
TT 568 285.3  21.7 285.3  21.7 6.52E-05 002.1 130.8 -41.3 0.163602 0.083867 0.163889 hargrave 2019-10-21 19:19:02 
TT 570 284.9  21.6 284.9  21.6 6.33E-05 002.5 130.4 -41.1 0.153311 0.216219 0.094066 hargrave 2019-10-25 16:12:26 
TT 575 284.9  21.6 284.9  21.6 4.20E-05 001.9 130.5 -41.0 0.087230 0.111979 0.043318 hargrave 2019-10-26 10:42:05 
TT 577 286.9  22.8 286.9  22.8 3.93E-05 003.2 133.3 -41.8 0.091098 0.178623 0.101188 hargrave 2019-11-01 14:58:59 
TT 579 286.2  24.0 286.2  24.0 3.11E-05 002.6 134.0 -40.6 0.066340 0.100583 0.090921 hargrave 2019-11-02 12:46:33 
TT 581 285.9  24.6 285.9  24.6 2.75E-05 003.7 134.4 -39.9 0.083027 0.146196 0.079143 hargrave 2019-11-03 11:07:15 
TT 585 288.4  26.6 288.4  26.6 2.54E-05 003.3 138.2 -40.3 0.077150 0.113269 0.076246 hargrave 2019-11-03 17:22:09 
TT 600 286.7  28.7 286.7  28.7 2.04E-05 003.7 138.9 -37.8 0.039814 0.105227 0.078258 hargrave 2019-11-15 15:36:42 
TT 615 290.7  31.1 290.7  31.1 1.83E-05 003.6 144.2 -38.5 0.026535 0.089393 0.072684 hargrave 2019-11-16 10:39:49 
TT 630 287.8  26.5 287.8  26.5 1.65E-05 003.7 137.6 -40.0 0.034632 0.089761 0.047470 hargrave 2019-11-16 17:12:56 
TT 645 286.0  32.2 286.0  32.2 1.23E-05 002.1 141.6 -35.0 0.021400 0.037591 0.023326 hargrave 2019-11-23 17:03:38 
TT 660 285.4  25.2 285.4  25.2 7.29E-06 003.2 134.5 -39.2 0.020417 0.034626 0.013023 hargrave 2019-12-01 14:32:50 
TT 675 305.3  13.0 305.3  13.0 1.00E-06 001.1 142.2 -61.0 0.001278 0.001551 0.001440 hargrave 2019-12-02 13:01:18 
TT 685 305.3  27.0 305.3  27.0 6.58E-07 004.4 155.5 -49.2 0.001133 0.004775 0.001604 hargrave 2019-12-06 15:22:00 
