AX13- 9b mag compass orientation (IGRF corrected)
      0 223.0  90.0   0.0   0.0   1.0
NRM    294.3  24.2 294.3  24.2 8.44E-04 001.2 144.5 -59.7 0.387282 1.600180 0.614344 hargrave 2019-09-13 19:05:23 
TT 100 299.3  27.4 299.3  27.4 8.46E-04 001.4 155.4 -59.6 1.865334 0.553680 0.849661 hargrave 2019-09-20 14:52:45 
TT 150 295.7  25.1 295.7  25.1 8.45E-04 001.1 147.5 -59.8 1.012876 0.974496 0.830254 hargrave 2019-09-21 12:54:31 
TT 200 294.7  24.6 294.7  24.6 8.45E-04 001.7 145.6 -59.6 2.119666 0.872157 0.956338 hargrave 2019-09-21 18:36:07 
TT 250 294.1  23.5 294.1  23.5 8.39E-04 001.5 143.3 -60.1 1.072987 1.636686 1.096154 hargrave 2019-09-22 15:54:11 
TT 300 295.1  25.5 295.1  25.5 8.36E-04 001.9 147.2 -59.2 0.884819 2.408637 0.922879 hargrave 2019-09-27 14:02:35 
TT 350 294.0  24.7 294.0  24.7 8.29E-04 001.7 144.6 -59.2 0.713060 2.208349 0.792470 hargrave 2019-09-28 11:06:47 
TT 400 292.1  23.3 292.1  23.3 8.16E-04 002.2 140.3 -59.1 0.653911 2.965954 0.835951 hargrave 2019-09-28 18:07:38 
TT 450 294.7  25.3 294.7  25.3 7.85E-04 001.9 146.3 -59.1 2.312502 0.528931 0.947110 hargrave 2019-09-29 15:40:33 
TT 475 293.3  23.6 293.3  23.6 7.68E-04 001.0 142.3 -59.6 0.296253 1.191312 0.430014 hargrave 2019-10-04 13:07:19 
TT 500 293.5  23.0 293.5  23.0 7.11E-04 002.4 141.7 -60.2 1.886510 2.372850 0.297328 hargrave 2019-10-04 19:40:55 
TT 520 293.3  23.2 293.3  23.2 6.46E-04 001.2 141.8 -59.9 0.486698 1.235928 0.380101 hargrave 2019-10-06 12:31:21 
TT 540 292.1  24.2 292.1  24.2 3.39E-04 002.8 141.6 -58.4 0.704339 1.465262 0.285596 hargrave 2019-10-06 18:55:17 
TT 545 293.3  24.6 293.3  24.6 3.08E-04 001.0 143.6 -58.9 0.439549 0.199874 0.253895 hargrave 2019-10-14 15:24:43 
TT 550 292.9  25.9 292.9  25.9 2.41E-04 001.3 144.7 -57.7 0.432584 0.202503 0.278453 hargrave 2019-10-19 13:58:16 
TT 555 294.3  27.0 294.3  27.0 1.85E-04 002.1 147.8 -57.6 0.198072 0.625293 0.164001 hargrave 2019-10-20 11:04:59 
TT 560 293.9  27.2 293.9  27.2 1.48E-04 001.4 147.6 -57.2 0.243607 0.198435 0.205121 hargrave 2019-10-20 17:45:45 
TT 565 293.0  27.3 293.0  27.3 1.17E-04 002.6 146.5 -56.6 0.365129 0.362154 0.204351 hargrave 2019-10-21 12:49:08 
TT 568 293.8  28.5 293.8  28.5 6.80E-05 001.7 148.8 -56.0 0.155155 0.076711 0.106186 hargrave 2019-10-21 19:30:49 
TT 570 292.2  27.8 292.2  27.8 5.96E-05 002.2 146.1 -55.8 0.047313 0.222326 0.041920 hargrave 2019-10-25 16:23:36 
TT 575 294.8  30.2 294.8  30.2 2.44E-05 003.2 151.8 -55.2 0.073855 0.119262 0.014008 hargrave 2019-10-26 10:53:11 
TT 577 294.0  29.9 294.0  29.9 2.32E-05 002.0 150.5 -55.1 0.045288 0.069849 0.023061 hargrave 2019-11-01 15:10:55 
TT 579 296.4  30.5 296.4  30.5 2.21E-05 003.3 154.2 -55.7 0.043879 0.119402 0.029281 hargrave 2019-11-02 12:57:38 
TT 581 295.6  32.3 295.6  32.3 1.74E-05 003.1 154.8 -53.8 0.037705 0.080665 0.036693 hargrave 2019-11-03 11:19:09 
TT 585 298.8  31.7 298.8  31.7 1.70E-05 002.9 158.3 -55.6 0.051232 0.063027 0.028824 hargrave 2019-11-03 17:31:47 
TT 600 299.1  32.5 299.1  32.5 1.40E-05 002.3 159.4 -55.0 0.032619 0.036808 0.028768 hargrave 2019-11-15 15:46:55 
TT 615 303.1  34.2 303.1  34.2 1.09E-05 004.3 165.7 -54.6 0.025140 0.072318 0.030082 hargrave 2019-11-16 10:50:10 
TT 630 295.9  30.2 295.9  30.2 1.00E-05 004.6 153.3 -55.7 0.011439 0.076637 0.020855 hargrave 2019-11-16 17:25:36 
TT 645 296.6  31.2 296.6  31.2 8.47E-06 006.2 155.0 -55.2 0.019408 0.089014 0.015294 hargrave 2019-11-23 17:14:29 
TT 660 306.3  34.1 306.3  34.1 5.47E-06 003.0 170.3 -55.3 0.012611 0.024598 0.009404 hargrave 2019-12-01 14:43:10 
TT 675 291.1 -23.0 291.1 -23.0 9.89E-07 002.3 041.2 -58.6 0.001407 0.003518 0.001232 hargrave 2019-12-02 13:11:39 
TT 685 221.1  47.1 221.1  47.1 9.32E-07 008.2 137.1  01.3 0.008988 0.009720 0.002717 hargrave 2019-12-06 15:32:25 
TT 685 221.7  51.1 221.7  51.1 9.38E-07 005.6 141.1  00.8 0.005819 0.007118 0.002197 hargrave 2019-12-06 16:05:38 
