AX13- 5b mag compass orientation (IGRF corrected)
      0 236.0  82.0   0.0   0.0   1.0
NRM    290.0  24.3 290.0  24.3 7.77E-04 005.0 133.6 -42.3 4.322604 5.133728 0.840308 hargrave 2019-09-13 18:57:02 
TT 100 287.2  21.4 287.2  21.4 7.82E-04 001.0 128.4 -41.8 0.713012 0.744801 0.989227 hargrave 2019-09-20 14:45:11 
TT 150 289.6  24.4 289.6  24.4 7.79E-04 003.8 133.4 -41.9 2.992852 4.103467 1.055673 hargrave 2019-09-21 12:47:42 
TT 200 291.6  26.5 291.6  26.5 7.81E-04 002.1 137.1 -42.0 1.428666 2.323231 0.873353 hargrave 2019-09-21 18:29:12 
TT 250 291.9  26.8 291.9  26.8 7.75E-04 000.8 137.7 -42.0 0.491571 0.669152 0.695868 hargrave 2019-09-22 15:47:06 
TT 300 289.5  24.4 289.5  24.4 7.74E-04 001.3 133.3 -41.9 1.336377 0.329936 1.137315 hargrave 2019-09-27 13:54:57 
TT 350 292.6  28.2 292.6  28.2 7.63E-04 003.1 139.6 -41.6 3.157729 2.509701 0.865531 hargrave 2019-09-28 11:00:47 
TT 400 290.3  26.0 290.3  26.0 7.50E-04 000.6 135.6 -41.4 0.523644 0.336960 0.519824 hargrave 2019-09-28 18:00:09 
TT 450 292.1  28.0 292.1  28.0 7.26E-04 001.6 139.0 -41.3 0.975138 1.714845 0.555694 hargrave 2019-09-29 15:33:10 
TT 475 290.5  25.2 290.5  25.2 7.08E-04 001.7 134.9 -42.0 0.221547 1.656190 1.317587 hargrave 2019-10-04 12:59:57 
TT 500 289.9  24.5 289.9  24.5 6.75E-04 002.5 133.7 -42.1 2.510188 0.593998 1.323885 hargrave 2019-10-04 19:31:59 
TT 520 289.2  23.9 289.2  23.9 6.33E-04 002.2 132.5 -41.9 1.952165 0.380820 1.312987 hargrave 2019-10-06 12:22:21 
TT 540 290.3  25.3 290.3  25.3 4.21E-04 002.1 134.9 -41.9 0.163886 1.216316 0.936928 hargrave 2019-10-06 18:46:19 
TT 545 289.9  24.5 289.9  24.5 4.04E-04 001.6 133.7 -42.1 0.868847 0.261766 0.730162 hargrave 2019-10-14 15:16:30 
TT 550 289.2  23.1 289.2  23.1 3.38E-04 002.0 131.7 -42.4 0.286828 0.997517 0.588545 hargrave 2019-10-19 13:50:06 
TT 555 291.0  25.1 291.0  25.1 2.52E-04 001.2 135.1 -42.5 0.368324 0.221148 0.333253 hargrave 2019-10-20 10:56:52 
TT 560 290.5  24.7 290.5  24.7 2.50E-04 002.9 134.4 -42.4 0.794662 0.984349 0.214473 hargrave 2019-10-20 17:37:38 
TT 565 293.1  27.5 293.1  27.5 1.87E-04 001.8 139.3 -42.3 0.306876 0.477412 0.137977 hargrave 2019-10-21 12:40:58 
TT 568 292.7  28.0 292.7  28.0 1.36E-04 004.0 139.5 -41.7 0.575082 0.765256 0.090149 hargrave 2019-10-21 19:21:57 
TT 570 291.5  27.4 291.5  27.4 1.35E-04 001.5 137.9 -41.3 0.056630 0.298473 0.183709 hargrave 2019-10-25 16:15:23 
TT 575 292.8  28.8 292.8  28.8 9.48E-05 002.9 140.3 -41.2 0.374813 0.259202 0.171356 hargrave 2019-10-26 10:45:01 
TT 577 290.0  24.3 290.0  24.3 8.95E-05 001.1 133.5 -42.3 0.134330 0.100006 0.086386 hargrave 2019-11-01 15:02:45 
TT 579 291.1  26.5 291.1  26.5 7.64E-05 002.9 136.8 -41.7 0.291832 0.263300 0.069258 hargrave 2019-11-02 12:49:28 
TT 581 289.0  26.6 289.0  26.6 6.72E-05 002.0 135.2 -40.2 0.182622 0.152807 0.054579 hargrave 2019-11-03 11:10:11 
TT 585 291.2  28.5 291.2  28.5 6.64E-05 001.5 138.8 -40.4 0.126481 0.142202 0.041964 hargrave 2019-11-03 17:24:29 
TT 600 290.2  28.8 290.2  28.8 5.58E-05 001.5 138.3 -39.6 0.092167 0.106702 0.055823 hargrave 2019-11-15 15:39:37 
TT 615 292.8  29.6 292.8  29.6 5.05E-05 001.6 141.1 -40.7 0.089321 0.105373 0.054675 hargrave 2019-11-16 10:42:46 
TT 630 292.2  30.5 292.2  30.5 4.69E-05 001.2 141.5 -39.7 0.070359 0.070632 0.057316 hargrave 2019-11-16 17:15:51 
TT 645 295.3  30.7 295.3  30.7 3.53E-05 004.6 144.2 -41.4 0.206077 0.199742 0.022579 hargrave 2019-11-23 17:06:35 
TT 660 295.6  29.6 295.6  29.6 2.30E-05 005.2 143.5 -42.3 0.135036 0.159726 0.014026 hargrave 2019-12-01 14:35:47 
TT 675 290.5  20.9 290.5  20.9 3.76E-06 003.5 130.2 -44.7 0.019033 0.013081 0.003527 hargrave 2019-12-02 13:04:14 
TT 685 287.0  35.0 287.0  35.0 1.30E-06 002.6 141.9 -33.4 0.003840 0.004860 0.000959 hargrave 2019-12-06 15:24:59 
