AX13- 8b mag compass orientation (IGRF corrected)
      0 214.0  62.0   0.0   0.0   1.0
NRM    296.5  24.3 296.5  24.3 8.84E-04 000.5 171.4 -37.2 0.592263 0.481084 0.383044 hargrave 2019-09-13 19:03:51 
TT 100 291.9  23.6 291.9  23.6 8.86E-04 001.5 166.0 -37.1 0.966906 2.066123 0.477415 hargrave 2019-09-20 14:51:30 
TT 150 296.4  24.4 296.4  24.4 8.86E-04 000.8 171.3 -37.1 0.410910 1.025282 0.517553 hargrave 2019-09-21 12:53:18 
TT 200 295.5  24.3 295.5  24.3 8.85E-04 000.7 170.3 -37.1 0.679028 0.940680 0.430082 hargrave 2019-09-21 18:34:50 
TT 250 293.3  23.7 293.3  23.7 8.79E-04 001.8 167.6 -37.3 0.474704 2.594190 0.773252 hargrave 2019-09-22 15:52:56 
TT 300 296.2  24.2 296.2  24.2 8.77E-04 001.1 171.0 -37.3 0.449327 1.642810 0.405771 hargrave 2019-09-27 14:01:02 
TT 350 296.9  24.1 296.9  24.1 8.69E-04 002.1 171.8 -37.4 0.618089 3.122354 0.418272 hargrave 2019-09-28 11:05:34 
TT 400 297.2  24.1 297.2  24.1 8.55E-04 002.2 172.2 -37.5 1.302483 2.899222 1.020103 hargrave 2019-09-28 18:06:23 
TT 450 295.9  24.0 295.9  24.0 8.27E-04 001.6 170.6 -37.4 0.634264 1.982928 0.983377 hargrave 2019-09-29 15:39:20 
TT 475 295.8  23.8 295.8  23.8 8.06E-04 002.2 170.5 -37.6 1.288269 2.568285 1.055335 hargrave 2019-10-04 13:05:50 
TT 500 295.8  23.4 295.8  23.4 7.48E-04 002.4 170.4 -38.0 1.339264 2.634922 0.912433 hargrave 2019-10-04 19:39:26 
TT 520 293.3  22.7 293.3  22.7 6.82E-04 002.5 167.4 -38.3 1.315177 2.587193 0.806563 hargrave 2019-10-06 12:29:51 
TT 540 292.1  22.3 292.1  22.3 3.62E-04 001.5 165.9 -38.4 0.560925 0.712325 0.348672 hargrave 2019-10-06 18:53:48 
TT 545 290.9  21.7 290.9  21.7 3.34E-04 003.4 164.4 -38.7 0.420810 1.901753 0.216512 hargrave 2019-10-14 15:23:13 
TT 550 293.1  22.5 293.1  22.5 2.27E-04 002.8 167.1 -38.4 0.377701 1.026140 0.145364 hargrave 2019-10-19 13:56:47 
TT 555 294.7  23.7 294.7  23.7 1.42E-04 002.0 169.3 -37.6 0.131381 0.483546 0.071833 hargrave 2019-10-20 11:03:30 
TT 560 290.9  23.2 290.9  23.2 1.22E-04 000.9 164.8 -37.3 0.095823 0.111057 0.147255 hargrave 2019-10-20 17:44:16 
TT 565 288.8  23.1 288.8  23.1 9.04E-05 004.3 162.5 -36.8 0.118044 0.657644 0.156624 hargrave 2019-10-21 12:47:39 
TT 568 293.6  26.1 293.6  26.1 5.71E-05 001.4 168.6 -35.0 0.109824 0.031344 0.097563 hargrave 2019-10-21 19:29:20 
TT 570 293.9  26.5 293.9  26.5 5.23E-05 004.3 169.0 -34.7 0.105592 0.385081 0.026633 hargrave 2019-10-25 16:22:06 
TT 575 288.8  29.2 288.8  29.2 2.56E-05 003.0 164.5 -31.0 0.095288 0.116106 0.023410 hargrave 2019-10-26 10:51:42 
TT 577 289.1  28.1 289.1  28.1 2.32E-05 004.1 164.5 -32.1 0.087288 0.152140 0.047376 hargrave 2019-11-01 15:09:25 
TT 579 289.6  29.1 289.6  29.1 2.18E-05 004.8 165.3 -31.3 0.068828 0.167977 0.056113 hargrave 2019-11-02 12:56:08 
TT 581 289.4  28.8 289.4  28.8 1.63E-05 004.0 165.0 -31.5 0.035216 0.099061 0.050384 hargrave 2019-11-03 11:17:39 
TT 585 296.2  31.2 296.2  31.2 1.65E-05 004.7 172.3 -30.3 0.060554 0.119550 0.048840 hargrave 2019-11-03 17:30:34 
TT 600 297.1  34.2 297.1  34.2 1.24E-05 005.0 173.6 -27.4 0.020681 0.096736 0.050898 hargrave 2019-11-15 15:45:26 
TT 615 299.3  35.7 299.3  35.7 9.44E-06 007.1 175.8 -26.2 0.015490 0.108995 0.045853 hargrave 2019-11-16 10:48:40 
TT 630 288.2  35.3 288.2  35.3 8.28E-06 007.5 165.8 -24.9 0.020823 0.105747 0.021351 hargrave 2019-11-16 17:24:06 
TT 645 291.0  36.5 291.0  36.5 6.76E-06 007.6 168.6 -24.3 0.018432 0.088306 0.006802 hargrave 2019-11-23 17:12:59 
TT 660 300.3  37.9 300.3  37.9 4.98E-06 005.4 176.8 -24.0 0.008598 0.046390 0.006634 hargrave 2019-12-01 14:41:40 
TT 675 341.5 -44.9 341.5 -44.9 6.18E-07 005.0 309.8 -55.8 0.004737 0.002771 0.001095 hargrave 2019-12-02 13:10:09 
TT 685 236.8  47.9 236.8  47.9 3.47E-07 007.0 141.5  06.8 0.001873 0.004120 0.000216 hargrave 2019-12-06 15:30:51 
