AX14- 6b sun compass orientation
      0 104.0 105.0   0.0   0.0   1.0
NRM    301.5  40.0 301.5  40.0 2.07E-04 001.2 227.0  03.2 0.172123 0.138171 0.396388 hargrave 2019-09-13 19:14:51 
TT 100 298.7  35.6 298.7  35.6 2.06E-04 003.8 232.0  02.8 1.073687 0.807307 0.293168 hargrave 2019-09-20 15:00:24 
TT 150 299.3  35.4 299.3  35.4 2.05E-04 001.6 231.9  03.3 0.393557 0.295657 0.351963 hargrave 2019-09-21 13:01:39 
TT 200 299.9  37.4 299.9  37.4 2.00E-04 002.4 230.0  03.0 0.556377 0.532688 0.366069 hargrave 2019-09-21 18:43:28 
TT 250 301.5  39.3 301.5  39.3 1.97E-04 001.8 227.6  03.5 0.390332 0.364440 0.334524 hargrave 2019-09-22 16:01:35 
TT 300 302.0  41.9 302.0  41.9 1.93E-04 002.9 225.1  02.8 0.597528 0.570642 0.508729 hargrave 2019-09-27 15:49:14 
TT 350 298.0  35.6 298.0  35.6 1.90E-04 001.9 232.1  02.3 0.412236 0.253915 0.424504 hargrave 2019-09-28 11:20:12 
TT 400 301.3  41.3 301.3  41.3 1.82E-04 001.2 225.9  02.6 0.204374 0.209157 0.282734 hargrave 2019-09-28 18:15:20 
TT 450 301.4  41.8 301.4  41.8 1.71E-04 002.3 225.4  02.4 0.530152 0.407802 0.243124 hargrave 2019-09-29 15:48:13 
TT 475 300.1  39.6 300.1  39.6 1.60E-04 005.2 227.8  02.4 0.955570 0.945764 0.555479 hargrave 2019-10-04 13:16:42 
TT 500 301.0  42.3 301.0  42.3 1.40E-04 006.3 225.0  02.0 1.070463 1.010268 0.518261 hargrave 2019-10-04 19:50:13 
TT 520 300.7  39.7 300.7  39.7 1.14E-04 003.2 227.5  02.8 0.412160 0.317713 0.383259 hargrave 2019-10-06 12:40:40 
TT 540 300.9  36.9 300.9  36.9 6.72E-05 006.4 230.0  04.0 0.580052 0.438528 0.222768 hargrave 2019-10-06 19:04:36 
TT 545 302.9  43.2 302.9  43.2 5.82E-05 002.1 223.7  02.9 0.116893 0.089697 0.170406 hargrave 2019-10-14 15:34:16 
TT 550 301.2  37.0 301.2  37.0 4.89E-05 002.2 229.9  04.2 0.079407 0.064006 0.170517 hargrave 2019-10-19 14:07:39 
TT 555 301.1  40.6 301.1  40.6 4.12E-05 005.6 226.6  02.7 0.287645 0.261297 0.139088 hargrave 2019-10-20 11:14:18 
TT 560 303.8  41.6 303.8  41.6 2.80E-05 002.7 224.8  04.1 0.086428 0.100897 0.051584 hargrave 2019-10-20 17:55:08 
TT 565 306.8  37.5 306.8  37.5 2.00E-05 004.8 227.6  08.0 0.122803 0.128176 0.022409 hargrave 2019-10-21 12:58:30 
TT 568 297.4  34.7 297.4  34.7 1.54E-05 002.3 233.2  02.1 0.051220 0.044716 0.030051 hargrave 2019-10-21 19:40:07 
TT 570 299.4  38.6 299.4  38.6 1.05E-05 005.9 229.0  02.2 0.082629 0.073863 0.017350 hargrave 2019-10-25 16:33:01 
TT 575 292.9  45.1 292.9  45.1 7.13E-06 005.6 224.4 -04.5 0.036965 0.058903 0.019874 hargrave 2019-10-26 11:02:34 
TT 577 290.2  39.7 290.2  39.7 6.33E-06 001.5 230.1 -04.9 0.012121 0.018029 0.005433 hargrave 2019-11-01 15:20:16 
TT 579 306.2  22.3 306.2  22.3 5.74E-06 004.8 241.9  13.9 0.039339 0.030213 0.003271 hargrave 2019-11-02 13:07:01 
TT 581 273.6  27.7 273.6  27.7 6.09E-06 002.2 244.9 -15.9 0.022074 0.010097 0.005982 hargrave 2019-11-03 11:28:33 
TT 585 283.8  19.1 283.8  19.1 5.29E-06 001.6 251.6 -05.0 0.011081 0.014446 0.003038 hargrave 2019-11-03 17:39:23 
TT 600 286.0  47.0 286.0  47.0 5.12E-06 008.0 223.7 -09.6 0.043657 0.058830 0.003214 hargrave 2019-11-15 15:56:13 
TT 600 287.3  45.2 287.3  45.2 5.23E-06 004.9 225.3 -08.3 0.032467 0.031921 0.003558 hargrave 2019-11-15 16:44:08 
TT 615 308.4  02.2 308.4  02.2 2.77E-06 004.7 261.0  22.9 0.014478 0.008521 0.016079 hargrave 2019-11-16 10:59:34 
TT 630 280.3  15.3 280.3  15.3 1.14E-06 004.1 256.1 -07.4 0.006392 0.008549 0.002570 hargrave 2019-11-16 17:34:57 
TT 645 150.6  17.8 150.6  17.8 3.72E-07 021.5 100.1 -48.3 0.001660 0.015624 0.003629 hargrave 2019-11-23 17:24:01 
TT 645 184.8  14.7 184.8  14.7 3.51E-07 006.1 088.9 -81.1 0.001681 0.002941 0.002905 hargrave 2019-11-23 19:16:33 
TT 660 120.7 -21.9 120.7 -21.9 5.54E-07 005.8 064.2 -09.2 0.002818 0.009327 0.003226 hargrave 2019-12-01 14:52:36 
TT 675 019.2 -73.2 019.2 -73.2 8.38E-07 003.4 001.8  31.8 0.003598 0.004359 0.001712 hargrave 2019-12-02 13:21:06 
TT 685 106.3 -43.0 106.3 -43.0 9.54E-07 006.0 047.6  08.5 0.005774 0.008185 0.003340 hargrave 2019-12-06 15:41:49 
