AX14- 8b mag compass orientation (IGRF corrected)
      0 100.1 124.0   0.0   0.0   1.0
NRM    296.1  35.0 296.1  35.0 2.45E-04 003.9 232.6 -07.7 1.289487 0.999024 0.254827 hargrave 2019-09-13 20:13:39 
TT 100 293.3  32.8 293.3  32.8 2.44E-04 000.9 235.8 -08.3 0.210354 0.257845 0.218623 hargrave 2019-09-20 15:05:34 
TT 150 291.0  31.0 291.0  31.0 2.39E-04 002.5 238.4 -08.8 0.858556 0.548063 0.235443 hargrave 2019-09-21 13:05:53 
TT 200 293.3  34.2 293.3  34.2 2.31E-04 002.2 234.6 -09.1 0.672947 0.592923 0.201952 hargrave 2019-09-21 18:47:45 
TT 250 291.6  32.6 291.6  32.6 2.23E-04 005.2 236.7 -09.3 1.713947 1.072526 0.155278 hargrave 2019-09-22 16:06:38 
TT 300 290.9  32.2 290.9  32.2 2.17E-04 003.3 237.5 -09.6 1.064078 0.587739 0.243479 hargrave 2019-09-27 15:52:30 
TT 350 288.2  30.3 288.2  30.3 2.10E-04 009.0 240.4 -10.4 2.902009 1.643628 0.130583 hargrave 2019-09-28 11:24:29 
TT 350 291.8  34.5 291.8  34.5 2.11E-04 003.2 235.2 -10.3 1.026913 0.614988 0.136241 hargrave 2019-09-28 12:12:07 
TT 400 291.8  34.2 291.8  34.2 2.00E-04 003.4 235.3 -10.1 0.967239 0.686406 0.167315 hargrave 2019-09-28 18:19:36 
TT 450 296.0  39.3 296.0  39.3 1.83E-04 000.9 229.1 -10.3 0.224444 0.238105 0.144768 hargrave 2019-09-29 15:51:50 
TT 475 292.8  34.9 292.8  34.9 1.69E-04 002.3 234.3 -09.8 0.433027 0.412315 0.341973 hargrave 2019-10-04 13:21:55 
TT 500 293.8  35.9 293.8  35.9 1.48E-04 002.5 233.0 -09.7 0.421385 0.413187 0.272270 hargrave 2019-10-04 19:54:37 
TT 520 291.1  33.4 291.1  33.4 1.22E-04 001.9 236.4 -10.2 0.248083 0.247598 0.220249 hargrave 2019-10-06 12:45:03 
TT 540 292.2  36.2 292.2  36.2 8.67E-05 003.8 233.5 -10.9 0.415105 0.353024 0.177550 hargrave 2019-10-06 19:08:59 
TT 545 292.6  35.5 292.6  35.5 8.03E-05 001.7 233.8 -10.3 0.184406 0.101067 0.136179 hargrave 2019-10-14 15:39:29 
TT 550 292.7  35.6 292.7  35.6 7.09E-05 005.1 233.7 -10.3 0.489920 0.393091 0.122889 hargrave 2019-10-19 14:12:51 
TT 555 293.6  35.9 293.6  35.9 6.04E-05 005.5 233.0 -09.9 0.461092 0.347623 0.064069 hargrave 2019-10-20 11:19:30 
TT 560 289.6  32.4 289.6  32.4 4.60E-05 002.2 237.9 -10.6 0.152729 0.088467 0.025620 hargrave 2019-10-20 18:00:23 
TT 565 292.0  35.7 292.0  35.7 3.79E-05 005.1 234.0 -10.8 0.279188 0.196275 0.024204 hargrave 2019-10-21 13:03:45 
TT 568 290.7  33.0 290.7  33.0 2.91E-05 001.2 236.9 -10.2 0.043328 0.063606 0.017303 hargrave 2019-10-21 19:46:06 
TT 570 287.3  29.6 287.3  29.6 2.63E-05 003.2 241.4 -10.7 0.117274 0.087573 0.048916 hargrave 2019-10-25 16:39:02 
TT 575 286.9  29.1 286.9  29.1 2.15E-05 000.9 242.1 -10.7 0.035844 0.041163 0.011610 hargrave 2019-10-26 11:06:58 
TT 577 293.6  28.6 293.6  28.6 2.05E-05 005.0 239.1 -05.6 0.144463 0.118237 0.015480 hargrave 2019-11-01 15:24:40 
TT 579 288.0  28.0 288.0  28.0 1.96E-05 002.9 242.4 -09.3 0.082027 0.066268 0.013140 hargrave 2019-11-02 13:11:26 
TT 581 291.8  29.4 291.8  29.4 1.85E-05 004.7 239.4 -07.4 0.126993 0.089007 0.013982 hargrave 2019-11-03 11:34:34 
TT 585 286.2  30.4 286.2  30.4 1.71E-05 003.5 241.3 -11.9 0.087943 0.058705 0.012540 hargrave 2019-11-03 17:44:18 
TT 600 297.6  29.4 297.6  29.4 1.56E-05 001.8 236.3 -03.3 0.040444 0.033896 0.016903 hargrave 2019-11-15 16:00:34 
TT 615 290.4  14.9 290.4  14.9 8.49E-06 006.6 252.0 -00.0 0.089476 0.041963 0.014073 hargrave 2019-11-16 11:05:35 
TT 630 294.1  25.1 294.1  25.1 5.44E-06 001.5 241.7 -03.2 0.015688 0.009506 0.003913 hargrave 2019-11-16 17:40:57 
TT 645 282.9  05.9 282.9  05.9 3.92E-06 007.9 263.6 -01.0 0.053486 0.012881 0.007191 hargrave 2019-11-23 17:28:32 
TT 660 318.0  28.8 318.0  28.8 2.12E-06 006.6 224.7  10.2 0.013009 0.022076 0.001800 hargrave 2019-12-01 14:57:01 
TT 675 316.0 -09.7 316.0 -09.7 9.59E-07 008.4 257.1  35.0 0.011140 0.005884 0.006739 hargrave 2019-12-02 13:25:33 
TT 675 320.2 -12.1 320.2 -12.1 8.37E-07 005.1 256.5  39.8 0.005534 0.003914 0.003107 hargrave 2019-12-02 16:12:04 
TT 685 249.5  05.4 249.5  05.4 1.08E-06 002.4 283.5 -28.3 0.005020 0.004148 0.003488 hargrave 2019-12-06 15:46:14 
