AX14- 7b sun compass orientation
      0 102.8 105.0   0.0   0.0   1.0
NRM    004.8  80.7 004.8  80.7 1.90E-04 001.0 181.3 -05.8 0.092332 0.113470 0.323885 hargrave 2019-09-13 19:16:39 
TT 100 015.5  80.7 015.5  80.7 1.89E-04 003.4 179.6 -05.7 0.114808 1.070309 0.347498 hargrave 2019-09-20 15:01:54 
TT 150 014.3  80.7 014.3  80.7 1.86E-04 006.1 179.8 -05.7 0.073156 1.962079 0.318268 hargrave 2019-09-21 13:02:52 
TT 200 015.1  81.0 015.1  81.0 1.85E-04 001.5 179.6 -06.0 0.100337 0.298314 0.380976 hargrave 2019-09-21 18:44:45 
TT 250 027.1  80.7 027.1  80.7 1.82E-04 002.0 177.7 -05.9 0.116567 0.457134 0.438414 hargrave 2019-09-22 16:02:51 
TT 300 019.8  81.2 019.8  81.2 1.78E-04 003.1 178.9 -06.2 0.086062 0.952502 0.200825 hargrave 2019-09-27 15:50:46 
TT 350 010.5  81.4 010.5  81.4 1.73E-04 001.5 180.3 -06.4 0.046572 0.323135 0.312231 hargrave 2019-09-28 11:21:27 
TT 400 012.1  81.3 012.1  81.3 1.65E-04 005.8 180.1 -06.3 0.116315 1.605474 0.467862 hargrave 2019-09-28 18:16:35 
TT 450 358.9  81.1 358.9  81.1 1.51E-04 004.5 182.1 -06.4 0.025726 1.129216 0.372751 hargrave 2019-09-29 15:49:28 
TT 475 008.0  75.0 008.0  75.0 1.43E-04 007.1 181.2 -00.1 0.040391 0.151972 1.769075 hargrave 2019-10-04 13:18:15 
TT 500 032.4  81.1 032.4  81.1 1.26E-04 001.3 177.0 -06.6 0.043921 0.280725 0.082984 hargrave 2019-10-04 19:51:45 
TT 520 041.1  81.0 041.1  81.0 1.05E-04 001.3 175.7 -07.0 0.050515 0.229051 0.067754 hargrave 2019-10-06 12:42:12 
TT 540 025.3  82.9 025.3  82.9 6.86E-05 001.2 178.4 -08.0 0.020525 0.132002 0.044308 hargrave 2019-10-06 19:06:08 
TT 545 029.8  82.5 029.8  82.5 6.04E-05 000.8 177.8 -07.9 0.080891 0.068860 0.056697 hargrave 2019-10-14 15:35:49 
TT 550 031.2  82.0 031.2  82.0 5.24E-05 006.1 177.5 -07.4 0.085433 0.552573 0.053692 hargrave 2019-10-19 14:09:12 
TT 555 007.5  81.4 007.5  81.4 4.43E-05 001.7 180.8 -06.4 0.086967 0.107450 0.069411 hargrave 2019-10-20 11:15:52 
TT 560 349.5  79.9 349.5  79.9 2.98E-05 002.6 184.0 -05.7 0.073265 0.099414 0.088860 hargrave 2019-10-20 17:56:41 
TT 565 038.3  79.6 038.3  79.6 2.34E-05 003.3 175.5 -05.6 0.060231 0.108446 0.076861 hargrave 2019-10-21 13:00:06 
TT 568 356.6  78.2 356.6  78.2 1.80E-05 002.4 183.3 -03.7 0.038791 0.053142 0.054348 hargrave 2019-10-21 19:41:39 
TT 570 353.9  81.7 353.9  81.7 1.48E-05 003.4 182.7 -07.1 0.029761 0.079875 0.037251 hargrave 2019-10-25 16:34:34 
TT 575 002.8  77.6 002.8  77.6 1.21E-05 001.2 182.1 -02.8 0.024128 0.023736 0.007430 hargrave 2019-10-26 11:04:06 
TT 577 341.6  82.2 341.6  82.2 1.08E-05 003.1 184.1 -08.3 0.023014 0.046140 0.036051 hargrave 2019-11-01 15:21:49 
TT 579 031.5  81.7 031.5  81.7 1.01E-05 002.6 177.3 -07.1 0.019959 0.029553 0.035603 hargrave 2019-11-02 13:08:34 
TT 581 349.8  81.2 349.8  81.2 1.03E-05 003.0 183.4 -06.9 0.019689 0.036914 0.038638 hargrave 2019-11-03 11:30:06 
TT 585 025.1  82.3 025.1  82.3 1.01E-05 005.1 178.3 -07.4 0.015761 0.083127 0.032980 hargrave 2019-11-03 17:40:37 
TT 600 016.3  75.8 016.3  75.8 9.42E-06 002.6 179.1 -00.8 0.019255 0.020671 0.037923 hargrave 2019-11-15 15:57:44 
TT 615 281.9  76.1 281.9  76.1 6.26E-06 003.5 194.4 -14.8 0.012722 0.022006 0.031431 hargrave 2019-11-16 11:01:06 
TT 630 293.5  77.3 293.5  77.3 4.90E-06 008.1 192.8 -12.3 0.014685 0.065234 0.021538 hargrave 2019-11-16 17:36:29 
TT 645 256.0  69.3 256.0  69.3 3.21E-06 002.1 200.1 -23.3 0.006999 0.009814 0.005132 hargrave 2019-11-23 17:25:35 
TT 660 321.3  82.0 321.3  82.0 1.75E-06 003.6 186.3 -10.0 0.003595 0.009563 0.005527 hargrave 2019-12-01 14:54:08 
TT 675 291.2  52.3 291.2  52.3 1.24E-06 002.9 217.6 -06.8 0.004128 0.004881 0.002268 hargrave 2019-12-02 13:22:40 
TT 685 316.1 -12.7 316.1 -12.7 3.68E-07 003.2 275.1  35.0 0.000954 0.001860 0.001009 hargrave 2019-12-06 15:43:22 
