AX14- 1b sun compass orientation
      0  55.7  85.0   0.0   0.0   1.0
NRM    296.8  35.0 296.8  35.0 3.24E-04 001.6 217.9  49.8 0.544255 0.686415 0.128159 hargrave 2019-09-13 19:06:58 
TT 100 296.2  34.7 296.2  34.7 3.24E-04 003.6 218.7  49.7 1.347230 1.487458 0.168788 hargrave 2019-09-20 14:54:03 
TT 150 295.2  34.1 295.2  34.1 3.21E-04 000.8 220.3  49.5 0.219415 0.343438 0.169480 hargrave 2019-09-21 12:55:41 
TT 200 294.9  34.2 294.9  34.2 3.16E-04 000.7 220.5  49.2 0.253565 0.301600 0.175749 hargrave 2019-09-21 18:37:21 
TT 250 295.8  35.1 295.8  35.1 3.13E-04 002.1 218.5  49.2 0.924267 0.674280 0.157947 hargrave 2019-09-22 15:55:23 
TT 300 295.7  34.5 295.7  34.5 3.05E-04 001.7 219.4  49.5 0.554249 0.685850 0.123051 hargrave 2019-09-27 14:04:12 
TT 350 294.4  34.2 294.4  34.2 3.01E-04 000.7 220.7  48.8 0.283151 0.197222 0.222317 hargrave 2019-09-28 11:12:42 
TT 400 294.7  34.8 294.7  34.8 2.91E-04 001.1 219.8  48.7 0.489355 0.187394 0.223094 hargrave 2019-09-28 18:08:57 
TT 450 294.5  34.7 294.5  34.7 2.72E-04 003.1 220.1  48.6 1.067381 1.017618 0.177497 hargrave 2019-09-29 15:41:47 
TT 475 295.6  34.6 295.6  34.6 2.62E-04 001.8 219.3  49.4 0.231053 0.744304 0.220991 hargrave 2019-10-04 13:08:51 
TT 500 295.8  34.4 295.8  34.4 2.31E-04 001.8 219.4  49.6 0.602763 0.354304 0.176231 hargrave 2019-10-04 19:42:25 
TT 520 295.3  34.6 295.3  34.6 1.98E-04 000.9 219.5  49.2 0.126967 0.257357 0.150929 hargrave 2019-10-06 12:32:52 
TT 540 291.7  36.7 291.7  36.7 1.06E-04 000.7 219.8  45.6 0.077646 0.093494 0.068986 hargrave 2019-10-06 18:56:48 
TT 545 293.2  37.5 293.2  37.5 9.75E-05 000.6 217.8  46.0 0.080822 0.064942 0.047081 hargrave 2019-10-14 15:26:15 
TT 550 293.7  38.2 293.7  38.2 8.47E-05 000.6 216.7  45.9 0.076494 0.072395 0.034817 hargrave 2019-10-19 13:59:48 
TT 555 291.0  37.7 291.0  37.7 6.15E-05 001.0 219.2  44.6 0.077473 0.065874 0.056386 hargrave 2019-10-20 11:06:30 
TT 560 290.6  36.1 290.6  36.1 3.97E-05 001.6 221.3  45.2 0.088493 0.055808 0.051719 hargrave 2019-10-20 17:47:17 
TT 565 291.4  37.1 291.4  37.1 3.36E-05 002.6 219.5  45.2 0.093830 0.107953 0.060843 hargrave 2019-10-21 12:50:39 
TT 568 288.2  34.3 288.2  34.3 2.69E-05 002.4 225.0  44.6 0.102695 0.050894 0.040854 hargrave 2019-10-21 19:32:19 
TT 570 286.0  32.3 286.0  32.3 2.49E-05 004.7 228.7  44.0 0.144006 0.151846 0.017270 hargrave 2019-10-25 16:25:08 
TT 575 288.3  38.5 288.3  38.5 2.13E-05 001.7 220.1  42.4 0.049876 0.033281 0.026351 hargrave 2019-10-26 10:54:43 
TT 577 287.4  37.6 287.4  37.6 2.08E-05 002.1 221.6  42.3 0.035073 0.060185 0.036697 hargrave 2019-11-01 15:12:26 
TT 579 288.9  35.9 288.9  35.9 1.98E-05 002.0 222.6  44.2 0.024572 0.053329 0.041229 hargrave 2019-11-02 12:59:09 
TT 581 292.2  34.6 292.2  34.6 1.79E-05 003.1 221.9  47.2 0.037662 0.082337 0.041093 hargrave 2019-11-03 11:20:42 
TT 585 289.4  30.8 289.4  30.8 1.80E-05 001.4 228.5  47.2 0.025165 0.029778 0.030086 hargrave 2019-11-03 17:33:01 
TT 600 285.4  34.0 285.4  34.0 1.54E-05 001.9 226.9  42.7 0.025054 0.041169 0.024327 hargrave 2019-11-15 15:48:26 
TT 615 286.0  28.0 286.0  28.0 8.59E-06 001.7 234.0  45.8 0.011559 0.015249 0.020032 hargrave 2019-11-16 10:51:42 
TT 630 291.7  35.3 291.7  35.3 5.16E-06 002.0 221.5  46.4 0.009452 0.009841 0.012766 hargrave 2019-11-16 17:27:07 
TT 645 290.9  17.0 290.9  17.0 4.31E-06 002.0 247.9  53.9 0.008130 0.013763 0.001449 hargrave 2019-11-23 17:16:01 
TT 660 240.8  02.7 240.8  02.7 1.44E-06 010.0 267.8  05.3 0.025145 0.008172 0.000966 hargrave 2019-12-01 14:44:41 
TT 675 020.7 -55.1 020.7 -55.1 1.41E-06 003.1 029.0  14.8 0.007781 0.003119 0.007422 hargrave 2019-12-02 13:13:11 
TT 685 267.9  71.8 267.9  71.8 1.20E-06 007.8 195.8  14.4 0.003586 0.015658 0.004186 hargrave 2019-12-06 15:33:56 
