AX14- 3b sun compass orientation
      0  60.2  76.0   0.0   0.0   1.0
NRM    312.0  38.3 312.0  38.3 3.85E-04 002.4 210.2  60.8 0.199781 1.482606 0.532461 hargrave 2019-09-13 19:10:11 
TT 100 312.3  35.0 312.3  35.0 3.83E-04 001.8 214.3  63.5 0.598330 0.903074 0.512154 hargrave 2019-09-20 14:56:41 
TT 150 310.2  31.8 310.2  31.8 3.73E-04 002.6 222.3  64.5 1.534150 0.339970 0.616145 hargrave 2019-09-21 12:58:05 
TT 200 307.8  29.8 307.8  29.8 3.57E-04 002.3 228.9  64.0 0.776066 1.075547 0.607131 hargrave 2019-09-21 18:39:49 
TT 250 306.3  30.7 306.3  30.7 3.48E-04 002.8 228.7  62.4 1.532040 0.421491 0.574805 hargrave 2019-09-22 15:57:50 
TT 300 304.7  30.4 304.7  30.4 3.38E-04 002.1 230.8  61.4 0.203344 1.095845 0.518433 hargrave 2019-09-27 15:44:48 
TT 350 300.6  27.2 300.6  27.2 3.20E-04 007.8 239.8  59.4 4.170826 1.359447 0.458795 hargrave 2019-09-28 11:16:27 
TT 400 299.7  30.8 299.7  30.8 3.00E-04 003.2 234.0  57.4 0.419271 1.474500 0.626303 hargrave 2019-09-28 18:11:35 
TT 450 298.0  29.0 298.0  29.0 2.68E-04 002.5 238.1  56.7 1.045090 0.242121 0.510600 hargrave 2019-09-29 15:44:27 
TT 475 299.8  30.6 299.8  30.6 2.52E-04 001.4 234.1  57.5 0.097507 0.500460 0.323047 hargrave 2019-10-04 13:12:04 
TT 500 299.3  28.6 299.3  28.6 2.23E-04 001.5 237.9  57.8 0.084028 0.510970 0.299430 hargrave 2019-10-04 19:45:37 
TT 520 299.7  29.3 299.7  29.3 1.97E-04 001.3 236.4  58.0 0.203837 0.297399 0.291997 hargrave 2019-10-06 12:36:04 
TT 540 303.0  33.3 303.0  33.3 1.37E-04 001.5 227.3  58.6 0.197339 0.227018 0.211999 hargrave 2019-10-06 19:00:01 
TT 545 300.2  36.4 300.2  36.4 1.10E-04 001.8 224.7  55.1 0.170016 0.200048 0.231056 hargrave 2019-10-14 15:29:34 
TT 550 301.0  35.0 301.0  35.0 1.07E-04 001.8 226.2  56.4 0.224981 0.163249 0.188939 hargrave 2019-10-19 14:03:01 
TT 555 302.2  39.9 302.2  39.9 5.65E-05 002.3 218.2  54.3 0.063034 0.197383 0.091062 hargrave 2019-10-20 11:09:42 
TT 560 305.4  38.1 305.4  38.1 4.92E-05 003.2 217.8  57.3 0.088989 0.230765 0.134294 hargrave 2019-10-20 17:50:30 
TT 565 299.6  37.5 299.6  37.5 2.84E-05 003.7 223.6  54.1 0.122663 0.087169 0.105498 hargrave 2019-10-21 12:53:53 
TT 568 286.0  40.4 286.0  40.4 2.73E-05 003.9 226.9  43.4 0.084919 0.127475 0.115868 hargrave 2019-10-21 19:35:31 
TT 570 287.4  45.3 287.4  45.3 2.40E-05 002.9 220.2  42.3 0.049274 0.087574 0.084668 hargrave 2019-10-25 16:28:22 
TT 575 287.7  27.7 287.7  27.7 3.08E-05 001.8 243.9  48.3 0.034991 0.073937 0.063054 hargrave 2019-10-26 10:57:56 
TT 577 290.1  26.3 290.1  26.3 2.32E-05 002.9 245.5  50.6 0.073227 0.061272 0.068997 hargrave 2019-11-01 15:15:40 
TT 579 304.5  40.2 304.5  40.2 2.07E-05 003.3 215.8  55.5 0.040505 0.095633 0.064204 hargrave 2019-11-02 13:02:24 
TT 581 284.2  33.2 284.2  33.2 2.31E-05 003.4 237.0  44.2 0.029351 0.101908 0.089806 hargrave 2019-11-03 11:23:56 
TT 585 282.6  29.5 282.6  29.5 1.97E-05 003.3 242.4  43.6 0.073205 0.047056 0.075923 hargrave 2019-11-03 17:35:37 
TT 600 261.9  09.7 261.9  09.7 1.46E-05 002.6 265.3  23.3 0.031589 0.046097 0.045510 hargrave 2019-11-15 15:51:38 
TT 615 268.0  41.3 268.0  41.3 1.18E-05 006.1 230.1  29.9 0.096310 0.066392 0.054949 hargrave 2019-11-16 10:54:55 
TT 630 284.8  36.4 284.8  36.4 1.17E-05 004.2 232.5  43.8 0.055109 0.032218 0.059613 hargrave 2019-11-16 17:30:20 
TT 645 298.6 -25.7 298.6 -25.7 4.55E-06 003.6 322.1  39.7 0.019616 0.020936 0.009025 hargrave 2019-11-23 17:19:16 
TT 660 207.4  50.5 207.4  50.5 1.72E-06 010.7 212.7 -08.5 0.013841 0.029744 0.007101 hargrave 2019-12-01 14:47:56 
TT 675 227.9  23.6 227.9  23.6 3.74E-06 002.8 244.0 -05.3 0.009998 0.031573 0.015414 hargrave 2019-12-02 13:16:27 
TT 685 001.1  67.7 001.1  67.7 4.70E-06 002.1 166.6  32.7 0.010812 0.012348 0.017361 hargrave 2019-12-06 15:37:10 
