AX14- 2b sun compass orientation
      0  50.5 103.0   0.0   0.0   1.0
NRM    300.0  36.2 300.0  36.2 2.76E-04 002.0 200.8  37.1 0.588812 0.148050 0.748381 hargrave 2019-09-13 19:08:36 
TT 100 296.8  34.3 296.8  34.3 2.76E-04 002.8 204.7  37.6 0.196563 1.201370 0.605313 hargrave 2019-09-20 14:55:22 
TT 150 295.8  34.0 295.8  34.0 2.74E-04 002.7 205.9  37.4 0.271811 1.181309 0.502333 hargrave 2019-09-21 12:56:52 
TT 200 296.5  34.8 296.5  34.8 2.67E-04 004.0 204.8  37.1 1.258854 1.314382 0.543140 hargrave 2019-09-21 18:38:35 
TT 250 296.0  35.0 296.0  35.0 2.64E-04 002.6 205.0  36.7 0.320185 0.998960 0.604115 hargrave 2019-09-22 15:56:35 
TT 300 294.4  34.2 294.4  34.2 2.55E-04 002.6 207.0  36.7 0.831669 0.638181 0.543772 hargrave 2019-09-27 15:43:16 
TT 350 292.3  33.5 292.3  33.5 2.49E-04 002.9 209.3  36.3 0.139358 1.139477 0.523234 hargrave 2019-09-28 11:15:03 
TT 400 293.0  34.2 293.0  34.2 2.39E-04 002.6 208.2  36.0 0.274794 0.854592 0.640377 hargrave 2019-09-28 18:10:15 
TT 450 289.6  32.4 289.6  32.4 2.19E-04 004.6 212.3  35.9 1.233843 1.071503 0.633877 hargrave 2019-09-29 15:43:04 
TT 475 291.1  33.8 291.1  33.8 2.07E-04 001.7 210.0  35.5 0.371981 0.179641 0.443007 hargrave 2019-10-04 13:10:26 
TT 500 293.4  33.8 293.4  33.8 1.79E-04 003.5 208.1  36.6 0.426705 0.997905 0.205096 hargrave 2019-10-04 19:44:00 
TT 520 298.9  36.3 298.9  36.3 1.60E-04 001.5 201.7  36.7 0.173431 0.381567 0.115272 hargrave 2019-10-06 12:34:27 
TT 540 294.7  35.3 294.7  35.3 1.22E-04 002.7 206.0  35.9 0.220246 0.519906 0.123568 hargrave 2019-10-06 18:58:23 
TT 545 296.0  35.4 296.0  35.4 1.08E-04 002.4 204.8  36.4 0.133878 0.407776 0.164639 hargrave 2019-10-14 15:27:54 
TT 550 296.1  36.4 296.1  36.4 9.58E-05 001.8 204.1  35.5 0.170265 0.113237 0.235409 hargrave 2019-10-19 14:01:24 
TT 555 294.9  35.8 294.9  35.8 5.91E-05 004.4 205.5  35.5 0.122638 0.422345 0.133493 hargrave 2019-10-20 11:08:05 
TT 560 294.4  36.7 294.4  36.7 3.43E-05 003.0 205.4  34.6 0.077882 0.134913 0.108734 hargrave 2019-10-20 17:48:53 
TT 565 291.6  33.1 291.6  33.1 2.93E-05 005.5 210.2  36.2 0.098966 0.250722 0.094466 hargrave 2019-10-21 12:52:15 
TT 568 290.6  33.6 290.6  33.6 2.31E-05 003.1 210.6  35.4 0.068435 0.081596 0.074499 hargrave 2019-10-21 19:33:54 
TT 570 292.2  31.0 292.2  31.0 2.12E-05 002.5 211.2  38.2 0.034676 0.084347 0.030360 hargrave 2019-10-25 16:26:44 
TT 575 290.4  32.2 290.4  32.2 2.02E-05 005.0 211.8  36.4 0.091881 0.153349 0.028662 hargrave 2019-10-26 10:56:19 
TT 577 291.4  36.7 291.4  36.7 1.82E-05 004.2 207.8  33.3 0.035711 0.107112 0.076873 hargrave 2019-11-01 15:14:02 
TT 579 293.5  30.7 293.5  30.7 1.71E-05 005.5 210.3  39.2 0.039080 0.147779 0.070531 hargrave 2019-11-02 13:00:45 
TT 581 290.8  31.9 290.8  31.9 1.70E-05 002.5 211.7  36.9 0.026373 0.056940 0.047059 hargrave 2019-11-03 11:22:18 
TT 585 286.5  29.2 286.5  29.2 1.52E-05 003.0 217.5  36.5 0.026023 0.056213 0.059330 hargrave 2019-11-03 17:34:19 
TT 600 290.1  32.1 290.1  32.1 1.29E-05 003.8 212.1  36.3 0.020772 0.069829 0.047466 hargrave 2019-11-15 15:50:01 
TT 615 287.7  12.0 287.7  12.0 6.23E-06 002.3 233.8  49.0 0.021815 0.007948 0.009043 hargrave 2019-11-16 10:53:18 
TT 630 279.1  26.0 279.1  26.0 2.85E-06 005.5 225.8  34.0 0.014172 0.021797 0.010009 hargrave 2019-11-16 17:28:43 
TT 645 299.6 -23.0 299.6 -23.0 1.46E-06 003.3 299.6  67.8 0.008241 0.002623 0.002344 hargrave 2019-11-23 17:17:38 
TT 660 274.5 -35.6 274.5 -35.6 5.72E-07 007.7 306.9  42.9 0.002550 0.003512 0.006694 hargrave 2019-12-01 14:46:18 
TT 675 270.7  59.8 270.7  59.8 1.62E-06 011.1 202.8  07.0 0.004818 0.030379 0.010130 hargrave 2019-12-02 13:14:49 
TT 675 271.2  55.5 271.2  55.5 1.72E-06 008.4 205.9  10.0 0.009968 0.022397 0.007374 hargrave 2019-12-02 16:08:43 
TT 685 067.5  87.4 067.5  87.4 9.60E-07 011.7 177.4 -13.8 0.002200 0.018928 0.006237 hargrave 2019-12-06 15:35:32 
TT 685 211.5  83.9 211.5  83.9 9.39E-07 008.4 185.9 -14.9 0.003375 0.012943 0.004143 hargrave 2019-12-06 16:07:13 
