AX14- 4b sun compass orientation
      0  61.2  84.0   0.0   0.0   1.0
NRM    294.7  38.0 294.7  38.0 2.17E-04 001.4 220.6  43.9 0.453238 0.194322 0.226798 hargrave 2019-09-13 19:11:46 
TT 100 294.3  37.2 294.3  37.2 2.18E-04 001.0 221.8  44.2 0.288191 0.178374 0.204941 hargrave 2019-09-20 14:57:56 
TT 150 294.1  37.6 294.1  37.6 2.17E-04 002.3 221.4  43.8 0.479490 0.712148 0.201303 hargrave 2019-09-21 12:59:19 
TT 200 295.4  39.2 295.4  39.2 2.16E-04 002.0 218.8  43.7 0.518287 0.543488 0.182897 hargrave 2019-09-21 18:41:06 
TT 250 294.5  38.5 294.5  38.5 2.16E-04 002.4 220.2  43.6 0.554356 0.715543 0.162464 hargrave 2019-09-22 15:59:08 
TT 300 296.7  40.1 296.7  40.1 2.12E-04 001.3 217.0  44.0 0.094095 0.419088 0.199311 hargrave 2019-09-27 15:46:19 
TT 350 142.6  83.8 142.6  83.8 1.16E-04 058.2 179.1 -00.2 0.374643 11.07259 15.26721 hargrave 2019-09-28 11:17:44 
TT 350 293.5  38.1 293.5  38.1 2.12E-04 001.3 221.3  43.1 0.270603 0.389205 0.188468 hargrave 2019-09-28 12:10:41 
TT 400 294.1  39.2 294.1  39.2 2.07E-04 000.7 219.6  42.9 0.213530 0.195459 0.103037 hargrave 2019-09-28 18:12:52 
TT 450 295.8  40.7 295.8  40.7 1.96E-04 001.6 216.9  43.0 0.478919 0.302324 0.103325 hargrave 2019-09-29 15:45:45 
TT 475 295.9  39.5 295.9  39.5 1.90E-04 002.3 218.2  43.8 0.083623 0.660006 0.374794 hargrave 2019-10-04 13:13:41 
TT 500 295.2  39.2 295.2  39.2 1.71E-04 001.7 219.0  43.6 0.300180 0.284395 0.316571 hargrave 2019-10-04 19:47:13 
TT 520 296.0  41.2 296.0  41.2 1.41E-04 001.9 216.3  42.9 0.204226 0.317032 0.271438 hargrave 2019-10-06 12:37:40 
TT 540 289.9  39.9 289.9  39.9 6.95E-05 002.5 221.3  39.8 0.091434 0.279792 0.104058 hargrave 2019-10-06 19:01:36 
TT 545 290.2  41.3 290.2  41.3 5.32E-05 001.3 219.6  39.3 0.063913 0.089859 0.063084 hargrave 2019-10-14 15:31:12 
TT 550 290.4  42.1 290.4  42.1 4.50E-05 001.5 218.6  38.9 0.057795 0.101051 0.057310 hargrave 2019-10-19 14:04:38 
TT 555 291.0  42.9 291.0  42.9 3.90E-05 002.8 217.4  38.9 0.137676 0.136837 0.028191 hargrave 2019-10-20 11:11:18 
TT 560 289.3  43.8 289.3  43.8 3.06E-05 002.1 217.3  37.3 0.099311 0.068975 0.022876 hargrave 2019-10-20 17:52:06 
TT 565 290.0  44.0 290.0  44.0 1.95E-05 001.7 216.7  37.7 0.031380 0.045440 0.029341 hargrave 2019-10-21 12:55:29 
TT 568 286.2  42.9 286.2  42.9 1.80E-05 002.3 219.7  35.9 0.050246 0.060014 0.024046 hargrave 2019-10-21 19:37:07 
TT 570 288.8  40.1 288.8  40.1 1.08E-05 001.3 221.6  39.0 0.020299 0.013726 0.011808 hargrave 2019-10-25 16:29:59 
TT 575 285.8  44.1 285.8  44.1 7.21E-06 004.7 218.6  35.1 0.049008 0.039809 0.021834 hargrave 2019-10-26 10:59:32 
TT 577 281.3  38.3 281.3  38.3 3.40E-06 005.2 226.9  34.6 0.012767 0.017477 0.025110 hargrave 2019-11-01 15:17:16 
TT 579 282.3  38.8 282.3  38.8 2.06E-06 008.3 225.9  35.1 0.005372 0.017482 0.024837 hargrave 2019-11-02 13:04:00 
TT 579 284.5  35.6 284.5  35.6 2.17E-06 003.6 228.6  38.0 0.009016 0.010564 0.002264 hargrave 2019-11-02 13:59:03 
TT 581 293.0  19.4 293.0  19.4 2.67E-06 004.4 246.6  50.6 0.005013 0.006867 0.024065 hargrave 2019-11-03 11:25:33 
TT 585 285.4  57.1 285.4  57.1 2.90E-06 007.9 206.1  27.6 0.009164 0.029078 0.027638 hargrave 2019-11-03 17:36:55 
TT 600 282.6  44.9 282.6  44.9 1.78E-06 006.1 219.2  32.7 0.006978 0.018687 0.002026 hargrave 2019-11-15 15:53:13 
TT 615 296.1  36.6 296.1  36.6 9.21E-07 006.3 221.4  45.7 0.002160 0.010506 0.002006 hargrave 2019-11-16 10:56:32 
TT 630 252.4  39.8 252.4  39.8 7.90E-07 009.6 230.5  12.4 0.005879 0.013978 0.000846 hargrave 2019-11-16 17:31:57 
TT 645 212.9 -34.9 212.9 -34.9 6.73E-07 004.3 306.2 -26.5 0.005924 0.005657 0.000917 hargrave 2019-11-23 17:20:56 
TT 660 234.9  06.9 234.9  06.9 6.21E-07 004.5 262.4 -05.5 0.003945 0.008222 0.000505 hargrave 2019-12-01 14:49:32 
TT 675 143.6  49.3 143.6  49.3 4.09E-07 013.9 174.0 -34.3 0.002959 0.008477 0.004826 hargrave 2019-12-02 13:18:04 
TT 675 145.0  36.3 145.0  36.3 3.60E-07 006.7 172.7 -47.3 0.001496 0.003860 0.001843 hargrave 2019-12-02 16:10:20 
TT 685 129.2  66.3 129.2  66.3 4.83E-07 010.4 171.0 -16.0 0.001481 0.008829 0.001067 hargrave 2019-12-06 15:38:47 
TT 685 136.7  66.8 136.7  66.8 4.65E-07 010.2 174.1 -16.5 0.001845 0.008070 0.001984 hargrave 2019-12-06 16:08:50 
