AX14- 5b sun compass orientation
      0 101.0 104.0   0.0   0.0   1.0
NRM    293.1  36.8 293.1  36.8 1.91E-04 003.8 231.5  01.0 0.973397 0.752669 0.272782 hargrave 2019-09-13 19:13:18 
TT 100 293.2  37.5 293.2  37.5 1.92E-04 001.2 230.8  00.8 0.217042 0.183785 0.321453 hargrave 2019-09-20 14:59:09 
TT 150 291.5  36.0 291.5  36.0 1.90E-04 001.8 232.7  00.1 0.346376 0.403899 0.318037 hargrave 2019-09-21 13:00:29 
TT 200 292.4  39.3 292.4  39.3 1.87E-04 002.7 229.3 -00.2 0.636575 0.554677 0.287979 hargrave 2019-09-21 18:42:17 
TT 250 292.0  38.0 292.0  38.0 1.82E-04 001.5 230.7 -00.2 0.193995 0.157342 0.395134 hargrave 2019-09-22 16:00:23 
TT 300 293.3  40.9 293.3  40.9 1.78E-04 005.5 227.6 -00.1 1.173754 1.246759 0.259287 hargrave 2019-09-27 15:47:47 
TT 350 293.4  42.3 293.4  42.3 1.75E-04 001.2 226.2 -00.5 0.200544 0.224514 0.239551 hargrave 2019-09-28 11:18:59 
TT 400 292.0  39.5 292.0  39.5 1.65E-04 001.6 229.3 -00.6 0.133894 0.112414 0.425335 hargrave 2019-09-28 18:14:07 
TT 450 292.0  39.7 292.0  39.7 1.52E-04 002.1 229.1 -00.7 0.263837 0.391076 0.365234 hargrave 2019-09-29 15:46:59 
TT 475 293.1  39.7 293.1  39.7 1.43E-04 001.0 228.8  00.2 0.152232 0.162635 0.115285 hargrave 2019-10-04 13:15:12 
TT 500 292.2  37.4 292.2  37.4 1.27E-04 002.2 231.2  00.2 0.383717 0.280562 0.107275 hargrave 2019-10-04 19:48:44 
TT 520 293.1  41.6 293.1  41.6 1.04E-04 001.7 227.0 -00.5 0.207239 0.231019 0.085235 hargrave 2019-10-06 12:39:11 
TT 540 291.6  42.0 291.6  42.0 6.60E-05 002.1 226.9 -01.7 0.191497 0.157718 0.061732 hargrave 2019-10-06 19:03:07 
TT 545 291.0  39.4 291.0  39.4 5.60E-05 002.3 229.6 -01.3 0.174616 0.144579 0.079553 hargrave 2019-10-14 15:32:45 
TT 550 293.3  43.7 293.3  43.7 4.88E-05 000.9 225.0 -01.0 0.078750 0.063335 0.045045 hargrave 2019-10-19 14:06:10 
TT 555 290.6  35.3 290.6  35.3 4.27E-05 003.1 233.6 -00.5 0.180494 0.127751 0.093496 hargrave 2019-10-20 11:12:49 
TT 560 291.6  38.8 291.6  38.8 3.20E-05 002.3 230.0 -00.8 0.079270 0.075283 0.098018 hargrave 2019-10-20 17:53:39 
TT 565 290.0  37.5 290.0  37.5 2.42E-05 002.2 231.6 -01.5 0.034607 0.048904 0.083451 hargrave 2019-10-21 12:57:01 
TT 568 288.7  32.5 288.7  32.5 2.10E-05 004.7 236.7 -01.2 0.135650 0.085231 0.073338 hargrave 2019-10-21 19:38:38 
TT 570 287.6  34.8 287.6  34.8 1.68E-05 003.8 234.7 -02.6 0.092876 0.070655 0.013985 hargrave 2019-10-25 16:31:31 
TT 575 287.8  37.8 287.8  37.8 1.39E-05 004.4 231.8 -03.3 0.087397 0.066968 0.008752 hargrave 2019-10-26 11:01:04 
TT 577 289.4  30.0 289.4  30.0 1.26E-05 003.9 239.0  00.1 0.069138 0.047151 0.031443 hargrave 2019-11-01 15:18:47 
TT 579 285.1  33.5 285.1  33.5 1.09E-05 005.4 236.5 -04.4 0.082810 0.058342 0.029121 hargrave 2019-11-02 13:05:32 
TT 581 289.7  33.1 289.7  33.1 1.09E-05 008.7 235.9 -00.6 0.137255 0.092439 0.027564 hargrave 2019-11-03 11:27:04 
TT 581 289.3  32.1 289.3  32.1 1.10E-05 006.3 237.0 -00.6 0.099461 0.064348 0.028300 hargrave 2019-11-03 12:19:47 
TT 585 290.3  39.8 290.3  39.8 1.06E-05 003.1 229.4 -02.0 0.039230 0.036432 0.028192 hargrave 2019-11-03 17:38:10 
TT 600 287.1  30.9 287.1  30.9 9.71E-06 006.1 238.6 -02.0 0.087315 0.053335 0.025817 hargrave 2019-11-15 15:54:45 
TT 615 282.8  35.0 282.8  35.0 5.54E-06 007.1 235.5 -06.5 0.055963 0.038707 0.013591 hargrave 2019-11-16 10:58:03 
TT 630 277.5  17.8 277.5  17.8 2.89E-06 007.3 253.4 -07.5 0.034844 0.011767 0.005845 hargrave 2019-11-16 17:33:28 
TT 645 276.8  20.8 276.8  20.8 1.72E-06 007.6 250.6 -08.7 0.020673 0.010124 0.003569 hargrave 2019-11-23 17:22:28 
TT 660 296.1  14.6 296.1  14.6 9.79E-07 009.3 251.8  10.6 0.012540 0.010547 0.004111 hargrave 2019-12-01 14:51:03 
TT 675 281.8 -33.5 281.8 -33.5 7.39E-07 004.2 302.6  08.3 0.005911 0.001629 0.000832 hargrave 2019-12-02 13:19:36 
TT 685 359.7 -65.4 359.7 -65.4 3.43E-07 002.7 354.0  38.0 0.001616 0.001291 0.000267 hargrave 2019-12-06 15:40:19 
