AX15- 7b sun compass orientation
      0  35.3  88.0   0.0   0.0   1.0
NRM    283.0  42.7 283.0  42.7 2.79E-05 001.1 203.0  44.7 0.046575 0.035683 0.017975 hargrave 2019-09-13 20:26:20 
TT 100 288.4  44.3 288.4  44.3 2.77E-05 001.9 197.1  45.1 0.072287 0.077509 0.027959 hargrave 2019-09-20 15:15:05 
TT 150 280.3  41.1 280.3  41.1 2.76E-05 002.2 206.7  44.9 0.054526 0.092783 0.023124 hargrave 2019-09-21 13:18:15 
TT 200 278.8  40.5 278.8  40.5 2.72E-05 001.9 208.5  44.6 0.045509 0.079534 0.029009 hargrave 2019-09-21 18:56:01 
TT 250 280.1  40.7 280.1  40.7 2.66E-05 002.1 207.2  45.1 0.047459 0.085632 0.036377 hargrave 2019-09-22 16:19:42 
TT 300 282.1  41.8 282.1  41.8 2.64E-05 001.4 204.6  45.0 0.042305 0.059078 0.026765 hargrave 2019-09-27 16:03:41 
TT 350 278.7  39.5 278.7  39.5 2.51E-05 002.9 209.5  45.4 0.079443 0.098402 0.018823 hargrave 2019-09-28 11:38:27 
TT 400 275.5  38.2 275.5  38.2 2.39E-05 003.5 213.3  44.6 0.060449 0.131459 0.025508 hargrave 2019-09-28 18:29:03 
TT 450 284.7  42.7 284.7  42.7 2.30E-05 001.8 201.6  45.3 0.020648 0.069604 0.017538 hargrave 2019-09-29 16:01:58 
TT 475 281.1  41.7 281.1  41.7 2.28E-05 001.3 205.5  44.7 0.042690 0.035914 0.011990 hargrave 2019-10-04 13:33:31 
TT 500 281.7  41.2 281.7  41.2 2.22E-05 002.8 205.4  45.4 0.066413 0.085943 0.024741 hargrave 2019-10-04 20:06:57 
TT 520 283.9  42.1 283.9  42.1 2.16E-05 001.5 202.7  45.5 0.042263 0.034470 0.023702 hargrave 2019-10-06 12:56:36 
TT 540 279.8  39.9 279.8  39.9 2.00E-05 005.5 208.2  45.6 0.105872 0.159230 0.020925 hargrave 2019-10-06 19:20:30 
TT 545 282.8  41.1 282.8  41.1 1.98E-05 003.6 204.6  46.0 0.067226 0.106822 0.013618 hargrave 2019-10-14 15:51:18 
TT 550 284.1  42.1 284.1  42.1 1.88E-05 001.2 202.5  45.6 0.029891 0.026434 0.013830 hargrave 2019-10-19 14:24:28 
TT 555 281.3  40.9 281.3  40.9 1.66E-05 003.2 205.9  45.5 0.044992 0.080989 0.009606 hargrave 2019-10-20 11:31:05 
TT 560 279.9  39.9 279.9  39.9 1.60E-05 005.6 208.1  45.6 0.067788 0.142757 0.009314 hargrave 2019-10-20 18:11:58 
TT 565 280.8  41.9 280.8  41.9 1.25E-05 003.9 205.6  44.4 0.022697 0.081470 0.019822 hargrave 2019-10-21 13:15:18 
TT 568 278.9  41.2 278.9  41.2 7.62E-06 003.2 207.8  44.1 0.012360 0.040422 0.011623 hargrave 2019-10-21 19:57:41 
TT 570 279.3  43.0 279.3  43.0 7.09E-06 002.7 206.0  42.9 0.017983 0.027280 0.020045 hargrave 2019-10-25 16:51:30 
TT 575 279.5  40.4 279.5  40.4 3.59E-06 005.3 208.0  45.1 0.018103 0.025617 0.018830 hargrave 2019-10-26 11:19:22 
TT 577 280.0  42.1 280.0  42.1 3.18E-06 002.8 206.2  44.0 0.005817 0.014444 0.003354 hargrave 2019-11-01 15:37:02 
TT 579 275.9  41.0 275.9  41.0 2.78E-06 002.8 210.4  42.9 0.004278 0.012574 0.003644 hargrave 2019-11-02 13:23:55 
TT 581 278.1  42.1 278.1  42.1 2.66E-06 002.7 207.6  43.1 0.003888 0.011686 0.004281 hargrave 2019-11-03 11:47:01 
TT 585 275.4  42.1 275.4  42.1 2.50E-06 001.7 209.7  41.7 0.002892 0.006062 0.004115 hargrave 2019-11-03 17:53:47 
TT 600 272.6  40.9 272.6  40.9 2.09E-06 002.4 212.9  41.2 0.002863 0.007515 0.003926 hargrave 2019-11-15 16:12:03 
TT 615 274.3  43.9 274.3  43.9 1.02E-06 003.9 208.9  39.9 0.002532 0.006362 0.002214 hargrave 2019-11-16 11:17:14 
TT 630 200.5 -02.5 200.5 -02.5 6.35E-08 009.5 272.0 -14.9 0.000850 0.001703 0.001083 hargrave 2019-11-16 17:52:32 
TT 630 192.7 -12.7 192.7 -12.7 7.91E-08 015.7 282.9 -22.5 0.002139 0.001439 0.001788 hargrave 2019-11-16 19:25:04 
TT 645 272.5 -27.2 272.5 -27.2 1.02E-07 010.3 315.0  46.9 0.000851 0.001304 0.001041 hargrave 2019-11-23 17:40:24 
TT 660 066.6  84.2 066.6  84.2 8.40E-08 018.2 175.0 -01.0 0.000389 0.002429 0.001337 hargrave 2019-12-01 15:08:35 
