AX15- 1b sun compass orientation
      0  34.0  85.0   0.0   0.0   1.0
NRM    280.7  45.9 280.7  45.9 3.03E-05 001.9 202.6  44.4 0.088851 0.025912 0.063214 hargrave 2019-09-13 20:16:07 
TT 100 279.0  45.8 279.0  45.8 3.04E-05 003.6 204.1  43.8 0.092725 0.173860 0.029610 hargrave 2019-09-20 15:06:51 
TT 150 279.7  46.1 279.7  46.1 3.01E-05 002.5 203.3  43.8 0.071860 0.120268 0.028522 hargrave 2019-09-21 13:07:08 
TT 200 280.4  46.7 280.4  46.7 2.98E-05 002.9 202.3  43.6 0.079936 0.142995 0.024524 hargrave 2019-09-21 18:49:00 
TT 250 279.6  46.3 279.6  46.3 2.94E-05 003.9 203.2  43.6 0.078924 0.186132 0.052253 hargrave 2019-09-22 16:08:36 
TT 300 280.1  45.6 280.1  45.6 2.92E-05 001.5 203.4  44.4 0.043508 0.052573 0.049650 hargrave 2019-09-27 15:54:03 
TT 350 278.5  44.8 278.5  44.8 2.80E-05 001.4 205.3  44.4 0.054667 0.047567 0.016972 hargrave 2019-09-28 11:25:46 
TT 400 278.4  45.1 278.4  45.1 2.70E-05 001.5 205.1  44.1 0.048969 0.049365 0.021450 hargrave 2019-09-28 18:20:52 
TT 450 281.7  46.6 281.7  46.6 2.51E-05 001.8 201.3  44.2 0.054191 0.057985 0.024162 hargrave 2019-09-29 15:53:07 
TT 475 279.6  45.3 279.6  45.3 2.49E-05 003.3 204.0  44.5 0.060580 0.129318 0.024007 hargrave 2019-10-04 13:23:30 
TT 500 281.1  46.2 281.1  46.2 2.39E-05 003.4 202.1  44.3 0.065131 0.129486 0.014172 hargrave 2019-10-04 19:56:10 
TT 520 279.5  45.9 279.5  45.9 2.31E-05 003.4 203.6  43.9 0.079678 0.112295 0.022274 hargrave 2019-10-06 12:46:36 
TT 540 279.4  45.2 279.4  45.2 2.13E-05 003.9 204.3  44.5 0.069931 0.130482 0.013642 hargrave 2019-10-06 19:10:33 
TT 545 278.0  44.5 278.0  44.5 2.08E-05 001.9 206.0  44.4 0.066467 0.042982 0.022873 hargrave 2019-10-14 15:41:07 
TT 550 278.8  44.3 278.8  44.3 1.94E-05 002.4 205.5  44.9 0.063745 0.058489 0.028925 hargrave 2019-10-19 14:14:26 
TT 555 278.3  45.1 278.3  45.1 1.70E-05 003.2 205.2  44.1 0.062825 0.080487 0.018192 hargrave 2019-10-20 11:21:04 
TT 560 280.5  47.5 280.5  47.5 1.41E-05 003.3 201.6  43.0 0.059660 0.064029 0.022378 hargrave 2019-10-20 18:01:56 
TT 565 278.4  46.1 278.4  46.1 1.07E-05 004.8 204.3  43.2 0.053113 0.076504 0.028380 hargrave 2019-10-21 13:05:18 
TT 568 273.9  45.7 273.9  45.7 6.77E-06 006.3 207.9  41.6 0.044063 0.064678 0.012996 hargrave 2019-10-21 19:47:40 
TT 570 279.7  45.5 279.7  45.5 5.34E-06 005.4 203.7  44.3 0.020599 0.042929 0.021319 hargrave 2019-10-25 16:41:24 
TT 575 276.1  50.9 276.1  50.9 2.73E-06 005.5 202.2  38.5 0.010619 0.015347 0.022903 hargrave 2019-10-26 11:09:20 
TT 577 282.2  44.3 282.2  44.3 2.30E-06 003.2 202.6  46.3 0.004868 0.009481 0.007450 hargrave 2019-11-01 15:27:01 
TT 579 277.9  45.8 277.9  45.8 2.24E-06 004.4 204.9  43.4 0.002421 0.016142 0.006347 hargrave 2019-11-02 13:13:47 
TT 581 277.6  46.9 277.6  46.9 2.07E-06 006.7 204.3  42.3 0.005286 0.022806 0.007225 hargrave 2019-11-03 11:36:56 
TT 585 277.4  48.1 277.4  48.1 2.01E-06 002.6 203.4  41.3 0.003261 0.005477 0.006864 hargrave 2019-11-03 17:45:34 
TT 600 271.4  45.6 271.4  45.6 1.62E-06 004.3 209.7  40.5 0.002438 0.010995 0.005065 hargrave 2019-11-15 16:02:08 
TT 615 296.4  50.6 296.4  50.6 8.41E-07 011.4 186.7  43.9 0.001216 0.016468 0.004157 hargrave 2019-11-16 11:07:09 
TT 615 294.4  51.4 294.4  51.4 8.35E-07 003.6 188.1  42.9 0.002340 0.002973 0.003982 hargrave 2019-11-16 11:55:49 
TT 630 014.7  51.2 014.7  51.2 2.09E-07 022.3 142.1  15.9 0.002122 0.008839 0.002407 hargrave 2019-11-16 17:42:31 
TT 630 010.5  52.6 010.5  52.6 1.99E-07 008.5 144.1  18.1 0.001014 0.001023 0.002789 hargrave 2019-11-16 19:16:44 
TT 645 028.7 -28.1 028.7 -28.1 2.73E-07 005.6 061.5  02.3 0.001070 0.004098 0.001721 hargrave 2019-11-23 17:30:09 
TT 660 038.1  28.9 038.1  28.9 3.04E-07 010.8 119.2 -01.1 0.002287 0.006415 0.002533 hargrave 2019-12-01 14:58:35 
