AX15- 2b sun compass orientation
      0  33.9  86.0   0.0   0.0   1.0
NRM    273.9  45.6 273.9  45.6 3.28E-05 004.0 207.5  40.9 0.116499 0.199702 0.024717 hargrave 2019-09-13 20:17:46 
TT 100 277.9  47.9 277.9  47.9 3.28E-05 004.2 202.8  40.8 0.107405 0.219523 0.034512 hargrave 2019-09-20 15:08:10 
TT 150 275.4  46.9 275.4  46.9 3.24E-05 002.1 205.4  40.6 0.064412 0.110061 0.027672 hargrave 2019-09-21 13:08:19 
TT 200 277.5  48.1 277.5  48.1 3.21E-05 002.4 203.0  40.5 0.078676 0.124124 0.020169 hargrave 2019-09-21 18:50:12 
TT 250 273.6  45.9 273.6  45.9 3.18E-05 002.9 207.5  40.5 0.080623 0.148203 0.025037 hargrave 2019-09-22 16:09:49 
TT 300 278.6  47.4 278.6  47.4 3.12E-05 001.7 202.6  41.4 0.040607 0.081574 0.040053 hargrave 2019-09-27 15:55:33 
TT 350 274.8  47.0 274.8  47.0 3.09E-05 002.7 205.7  40.2 0.160043 0.087302 0.021616 hargrave 2019-09-28 11:27:02 
TT 400 277.7  47.7 277.7  47.7 2.90E-05 004.0 203.1  40.9 0.119419 0.167114 0.023152 hargrave 2019-09-28 18:22:08 
TT 450 276.0  46.9 276.0  46.9 2.67E-05 001.6 205.0  40.8 0.026754 0.068622 0.020007 hargrave 2019-09-29 15:54:23 
TT 475 273.4  45.1 273.4  45.1 2.61E-05 004.3 208.3  41.0 0.104220 0.170426 0.016030 hargrave 2019-10-04 13:25:04 
TT 500 275.1  46.8 275.1  46.8 2.50E-05 005.6 205.7  40.5 0.130876 0.211169 0.019468 hargrave 2019-10-04 19:57:44 
TT 520 276.1  47.0 276.1  47.0 2.42E-05 005.2 204.8  40.8 0.129038 0.182826 0.016797 hargrave 2019-10-06 12:48:11 
TT 540 277.1  47.8 277.1  47.8 2.22E-05 004.5 203.5  40.5 0.087937 0.154070 0.015361 hargrave 2019-10-06 19:12:06 
TT 545 282.8  50.1 282.8  50.1 2.17E-05 001.2 197.7  40.6 0.033490 0.035040 0.018976 hargrave 2019-10-14 15:42:43 
TT 550 278.8  48.1 278.8  48.1 2.00E-05 001.1 202.1  40.9 0.029678 0.029687 0.019385 hargrave 2019-10-19 14:16:00 
TT 555 274.3  45.8 274.3  45.8 1.78E-05 005.7 207.0  40.9 0.079580 0.157631 0.012632 hargrave 2019-10-20 11:22:38 
TT 560 277.3  48.2 277.3  48.2 1.54E-05 002.9 203.0  40.3 0.028727 0.073799 0.021281 hargrave 2019-10-20 18:03:34 
TT 565 274.1  46.6 274.1  46.6 1.18E-05 005.3 206.5  40.2 0.036395 0.101193 0.021568 hargrave 2019-10-21 13:06:52 
TT 568 271.5  46.1 271.5  46.1 6.98E-06 002.5 208.7  39.4 0.010457 0.027817 0.012495 hargrave 2019-10-21 19:49:18 
TT 570 272.4  48.6 272.4  48.6 5.92E-06 002.6 206.0  37.9 0.013503 0.024268 0.002869 hargrave 2019-10-25 16:42:58 
TT 575 268.8  47.7 268.8  47.7 3.56E-06 005.3 208.9  36.9 0.018176 0.027573 0.003813 hargrave 2019-10-26 11:10:54 
TT 577 269.7  42.6 269.7  42.6 3.17E-06 006.0 213.2  40.9 0.016002 0.029104 0.005315 hargrave 2019-11-01 15:28:34 
TT 579 271.7  46.9 271.7  46.9 2.96E-06 006.5 207.9  38.9 0.012269 0.031161 0.004862 hargrave 2019-11-02 13:15:22 
TT 581 273.5  48.0 273.5  48.0 2.69E-06 010.8 205.8  38.9 0.018234 0.048004 0.005424 hargrave 2019-11-03 11:38:32 
TT 581 127.4  85.9 127.4  85.9 1.97E-06 045.6 180.2 -00.1 0.004478 0.081498 0.184434 hargrave 2019-11-03 12:21:26 
TT 585 266.8  42.1 266.8  42.1 2.80E-06 002.0 215.5  39.6 0.006824 0.004987 0.005471 hargrave 2019-11-03 17:46:50 
TT 600 273.0  47.4 273.0  47.4 1.96E-06 002.6 206.6  39.1 0.006645 0.004242 0.004673 hargrave 2019-11-15 16:03:41 
TT 615 258.8  40.7 258.8  40.7 7.22E-07 003.5 221.2  35.4 0.002008 0.003538 0.002140 hargrave 2019-11-16 11:08:44 
TT 630 021.6  45.1 021.6  45.1 9.83E-08 011.7 135.3  11.5 0.001671 0.000718 0.001325 hargrave 2019-11-16 17:44:04 
TT 630 026.2  59.7 026.2  59.7 9.47E-08 011.2 149.7  07.3 0.000923 0.001358 0.001071 hargrave 2019-11-16 19:18:17 
TT 645 312.4 -02.3 312.4 -02.3 6.73E-08 009.0 053.7  79.4 0.000412 0.001052 0.000623 hargrave 2019-11-23 17:31:48 
TT 660 097.0  42.1 097.0  42.1 1.00E-07 013.7 154.8 -37.8 0.000415 0.002325 0.000630 hargrave 2019-12-01 15:00:09 
