AX15- 6b sun compass orientation
      0  34.5  84.0   0.0   0.0   1.0
NRM    273.8  42.0 273.8  42.0 2.04E-05 001.3 212.4  44.9 0.048933 0.031402 0.011314 hargrave 2019-09-13 20:24:42 
TT 100 271.6  38.7 271.6  38.7 2.01E-05 002.4 217.4  45.8 0.051245 0.069862 0.012671 hargrave 2019-09-20 15:13:46 
TT 150 273.9  40.3 273.9  40.3 1.98E-05 002.5 214.0  46.1 0.048084 0.073921 0.013748 hargrave 2019-09-21 13:12:49 
TT 200 272.8  39.8 272.8  39.8 1.95E-05 002.3 215.3  45.8 0.049181 0.066993 0.010544 hargrave 2019-09-21 18:54:48 
TT 250 270.2  35.8 270.2  35.8 1.89E-05 008.2 221.8  46.7 0.184592 0.202549 0.012711 hargrave 2019-09-22 16:18:32 
TT 250 274.4  40.2 274.4  40.2 1.92E-05 001.7 213.8  46.5 0.025354 0.050445 0.014514 hargrave 2019-09-22 16:45:55 
TT 300 274.9  41.8 274.9  41.8 1.90E-05 001.6 211.8  45.6 0.028896 0.040584 0.019774 hargrave 2019-09-27 16:02:15 
TT 350 276.6  42.7 276.6  42.7 1.79E-05 004.6 209.6  45.8 0.067039 0.128633 0.021860 hargrave 2019-09-28 11:37:04 
TT 400 275.4  42.7 275.4  42.7 1.70E-05 001.3 210.5  45.2 0.020797 0.030200 0.029693 hargrave 2019-09-28 18:27:40 
TT 450 273.9  41.6 273.9  41.6 1.63E-05 001.0 212.7  45.2 0.016317 0.012597 0.030687 hargrave 2019-09-29 16:00:36 
TT 475 275.3  42.0 275.3  42.0 1.62E-05 002.3 211.3  45.7 0.058785 0.033747 0.016778 hargrave 2019-10-04 13:31:50 
TT 500 275.3  40.8 275.3  40.8 1.57E-05 001.9 212.5  46.5 0.043561 0.021125 0.025815 hargrave 2019-10-04 20:05:16 
TT 520 276.6  42.6 276.6  42.6 1.52E-05 003.7 209.6  45.9 0.076729 0.065527 0.013743 hargrave 2019-10-06 12:54:55 
TT 540 280.3  44.8 280.3  44.8 1.43E-05 004.2 204.7  45.8 0.069629 0.082069 0.013618 hargrave 2019-10-06 19:18:50 
TT 545 276.8  42.8 276.8  42.8 1.41E-05 002.6 209.3  45.8 0.054688 0.043394 0.014601 hargrave 2019-10-14 15:49:37 
TT 550 275.8  42.4 275.8  42.4 1.33E-05 002.6 210.5  45.7 0.052227 0.042940 0.013316 hargrave 2019-10-19 14:22:47 
TT 555 276.9  43.8 276.9  43.8 1.19E-05 003.4 208.3  45.1 0.050191 0.056352 0.018624 hargrave 2019-10-20 11:29:24 
TT 560 274.6  42.4 274.6  42.4 1.15E-05 002.5 211.4  45.0 0.040803 0.034108 0.025245 hargrave 2019-10-20 18:10:18 
TT 565 276.1  41.8 276.1  41.8 9.21E-06 002.4 210.8  46.2 0.014786 0.030087 0.027475 hargrave 2019-10-21 13:13:37 
TT 568 272.6  43.3 272.6  43.3 5.63E-06 004.3 211.9  43.3 0.018689 0.033676 0.024875 hargrave 2019-10-21 19:56:02 
TT 570 273.4  41.2 273.4  41.2 5.25E-06 001.6 213.5  45.2 0.011622 0.008074 0.005696 hargrave 2019-10-25 16:49:49 
TT 575 273.6  44.2 273.6  44.2 2.71E-06 005.4 210.3  43.2 0.011687 0.008983 0.025038 hargrave 2019-10-26 11:17:42 
TT 577 274.1  39.2 274.1  39.2 2.41E-06 002.6 215.0  47.0 0.007413 0.007761 0.002065 hargrave 2019-11-01 15:35:21 
TT 579 274.9  41.1 274.9  41.1 2.30E-06 001.3 212.4  46.1 0.003083 0.004455 0.002021 hargrave 2019-11-02 13:22:14 
TT 581 274.9  42.0 274.9  42.0 2.19E-06 001.5 211.5  45.4 0.003481 0.004736 0.002034 hargrave 2019-11-03 11:45:19 
TT 585 270.2  39.5 270.2  39.5 2.14E-06 004.2 217.5  44.5 0.009280 0.012849 0.002618 hargrave 2019-11-03 17:52:25 
TT 600 278.3  44.1 278.3  44.1 1.83E-06 001.5 206.9  45.5 0.002961 0.003590 0.001890 hargrave 2019-11-15 16:10:23 
TT 615 276.8  44.3 276.8  44.3 9.41E-07 008.5 207.9  44.6 0.006335 0.012638 0.001385 hargrave 2019-11-16 11:15:33 
TT 615 270.6  39.7 270.6  39.7 9.51E-07 002.2 217.1  44.6 0.001939 0.002771 0.001738 hargrave 2019-11-16 11:59:13 
TT 630 037.0  39.2 037.0  39.2 5.20E-08 020.2 129.2  01.8 0.000740 0.001874 0.000860 hargrave 2019-11-16 17:50:51 
TT 630 065.6  40.4 065.6  40.4 3.76E-08 033.4 136.5 -18.8 0.000814 0.001761 0.001725 hargrave 2019-11-16 19:23:23 
TT 645 007.4 -35.3 007.4 -35.3 1.06E-07 011.1 049.8  18.0 0.002216 0.000590 0.000648 hargrave 2019-11-23 17:38:43 
TT 660 163.9  42.7 163.9  42.7 8.95E-08 010.0 212.4 -29.6 0.000488 0.001454 0.000895 hargrave 2019-12-01 15:06:55 
