AX15- 4b sun compass orientation
      0  34.3  73.0   0.0   0.0   1.0
NRM    288.3  35.9 288.3  35.9 5.49E-05 001.7 213.7  66.3 0.095373 0.131977 0.027249 hargrave 2019-09-13 20:21:13 
TT 100 288.6  36.2 288.6  36.2 5.48E-05 001.7 213.0  66.3 0.106200 0.122811 0.029423 hargrave 2019-09-20 15:10:58 
TT 150 287.6  35.7 287.6  35.7 5.45E-05 003.1 215.2  66.1 0.194609 0.227553 0.034571 hargrave 2019-09-21 13:10:35 
TT 200 287.4  35.6 287.4  35.6 5.44E-05 002.0 215.7  66.1 0.152573 0.124258 0.030732 hargrave 2019-09-21 18:52:29 
TT 250 287.1  35.5 287.1  35.5 5.40E-05 002.0 216.2  66.0 0.165503 0.111789 0.044787 hargrave 2019-09-22 16:16:16 
TT 300 287.6  34.8 287.6  34.8 5.36E-05 002.2 216.9  66.8 0.121706 0.169550 0.027378 hargrave 2019-09-27 15:59:30 
TT 350 287.5  34.7 287.5  34.7 5.28E-05 001.6 217.1  66.8 0.071794 0.125684 0.024497 hargrave 2019-09-28 11:31:48 
TT 400 288.6  35.2 288.6  35.2 5.15E-05 001.3 214.6  67.0 0.055640 0.095781 0.026821 hargrave 2019-09-28 18:24:49 
TT 450 287.0  33.9 287.0  33.9 5.01E-05 000.9 219.2  67.1 0.050822 0.068867 0.023235 hargrave 2019-09-29 15:57:04 
TT 475 288.6  35.1 288.6  35.1 4.96E-05 002.1 214.6  67.1 0.152206 0.097373 0.018524 hargrave 2019-10-04 13:28:23 
TT 500 289.0  34.9 289.0  34.9 4.82E-05 003.2 214.3  67.5 0.203741 0.181661 0.027816 hargrave 2019-10-04 20:01:00 
TT 520 289.4  34.8 289.4  34.8 4.67E-05 003.1 213.9  67.8 0.201958 0.161602 0.028615 hargrave 2019-10-06 12:51:28 
TT 540 290.4  35.0 290.4  35.0 4.40E-05 003.9 211.9  68.2 0.206310 0.216058 0.027316 hargrave 2019-10-06 19:15:23 
TT 545 289.8  34.0 289.8  34.0 4.32E-05 001.9 214.7  68.6 0.085812 0.111497 0.042051 hargrave 2019-10-14 15:46:05 
TT 550 290.2  34.1 290.2  34.1 4.08E-05 002.2 213.8  68.7 0.101121 0.118575 0.027361 hargrave 2019-10-19 14:19:18 
TT 555 291.0  34.4 291.0  34.4 3.59E-05 002.8 211.9  68.9 0.088850 0.151729 0.023070 hargrave 2019-10-20 11:25:57 
TT 560 290.0  34.4 290.0  34.4 3.25E-05 002.3 213.6  68.4 0.042911 0.123416 0.023211 hargrave 2019-10-20 18:06:51 
TT 565 289.1  35.2 289.1  35.2 2.37E-05 003.3 213.8  67.3 0.048034 0.127919 0.024111 hargrave 2019-10-21 13:10:10 
TT 568 288.8  35.4 288.8  35.4 1.22E-05 003.0 213.8  67.0 0.009185 0.061890 0.011131 hargrave 2019-10-21 19:52:35 
TT 570 289.4  36.0 289.4  36.0 1.05E-05 002.7 212.0  66.9 0.026268 0.041222 0.014386 hargrave 2019-10-25 16:46:19 
TT 575 287.7  44.3 287.7  44.3 3.11E-06 005.6 203.7  59.3 0.015839 0.026501 0.006861 hargrave 2019-10-26 11:14:13 
TT 577 296.5  38.6 296.5  38.6 1.97E-06 007.0 196.0  67.3 0.002672 0.022449 0.012072 hargrave 2019-11-01 15:31:53 
TT 579 268.0  42.6 268.0  42.6 1.46E-06 011.2 222.6  49.9 0.003788 0.025979 0.012308 hargrave 2019-11-02 13:18:41 
TT 579 263.4  40.8 263.4  40.8 1.47E-06 006.6 227.2  47.5 0.006301 0.013987 0.007480 hargrave 2019-11-02 14:00:45 
TT 581 287.0  50.6 287.0  50.6 1.29E-06 009.4 198.6  53.6 0.006624 0.018649 0.013008 hargrave 2019-11-03 11:41:50 
TT 581 283.2  47.7 283.2  47.7 1.25E-06 005.5 204.9  54.8 0.001903 0.009848 0.007933 hargrave 2019-11-03 12:23:08 
TT 585 300.7  32.3 300.7  32.3 1.05E-06 011.1 191.4  74.3 0.001909 0.019096 0.014864 hargrave 2019-11-03 17:49:35 
TT 585 296.9  29.9 296.9  29.9 1.02E-06 005.2 206.2  75.4 0.002693 0.007735 0.007669 hargrave 2019-11-03 19:18:08 
TT 600 255.3  39.3 255.3  39.3 1.03E-06 012.3 231.9  42.1 0.003785 0.022275 0.006368 hargrave 2019-11-15 16:06:58 
TT 600 253.2  36.1 253.2  36.1 1.05E-06 006.9 236.6  41.1 0.003500 0.010397 0.006792 hargrave 2019-11-15 16:45:50 
TT 615 019.0  85.1 019.0  85.1 8.17E-07 014.6 175.0  18.2 0.005036 0.021029 0.007000 hargrave 2019-11-16 11:12:03 
TT 615 273.9  89.4 273.9  89.4 7.63E-07 007.9 180.3  17.5 0.002551 0.009341 0.004994 hargrave 2019-11-16 11:57:30 
TT 630 164.4  64.6 164.4  64.6 4.34E-07 019.7 196.1 -02.9 0.002629 0.013761 0.007126 hargrave 2019-11-16 17:47:23 
TT 630 178.9  55.3 178.9  55.3 3.89E-07 018.1 207.7 -04.3 0.002293 0.011764 0.006000 hargrave 2019-11-16 19:19:57 
TT 645 265.6 -71.7 265.6 -71.7 1.13E-06 010.1 348.6 -02.4 0.003025 0.019098 0.007647 hargrave 2019-11-23 17:35:07 
TT 660 059.7  59.0 059.7  59.0 8.86E-07 012.9 152.2  02.2 0.002127 0.022087 0.002645 hargrave 2019-12-01 15:03:27 
