AX15- 3b sun compass orientation
      0  31.4  78.0   0.0   0.0   1.0
NRM    279.2  47.7 279.2  47.7 3.08E-05 001.4 203.2  49.7 0.074427 0.026268 0.029783 hargrave 2019-09-13 20:19:26 
TT 100 284.4  49.2 284.4  49.2 3.07E-05 003.3 197.4  50.2 0.083307 0.164177 0.039703 hargrave 2019-09-20 15:09:33 
TT 150 274.9  44.4 274.9  44.4 3.01E-05 001.9 210.0  50.5 0.063233 0.079517 0.042026 hargrave 2019-09-21 13:09:29 
TT 200 276.7  45.7 276.7  45.7 2.95E-05 002.5 207.2  50.3 0.078420 0.113701 0.019042 hargrave 2019-09-21 18:51:22 
TT 250 280.2  46.7 280.2  46.7 2.87E-05 003.3 203.1  51.0 0.068319 0.153246 0.019659 hargrave 2019-09-22 16:15:07 
TT 300 276.9  46.0 276.9  46.0 2.84E-05 001.6 206.7  50.2 0.042405 0.070430 0.029460 hargrave 2019-09-27 15:56:59 
TT 350 274.2  43.3 274.2  43.3 2.72E-05 001.0 211.8  50.9 0.038045 0.027162 0.022954 hargrave 2019-09-28 11:29:39 
TT 400 281.2  46.9 281.2  46.9 2.58E-05 003.3 202.1  51.1 0.081870 0.124220 0.023236 hargrave 2019-09-28 18:23:27 
TT 450 279.3  46.6 279.3  46.6 2.41E-05 002.2 204.1  50.6 0.060001 0.073980 0.016356 hargrave 2019-09-29 15:55:42 
TT 475 278.7  46.8 278.7  46.8 2.35E-05 001.4 204.5  50.3 0.048751 0.034120 0.013934 hargrave 2019-10-04 13:26:42 
TT 500 278.9  47.2 278.9  47.2 2.26E-05 002.5 203.8  50.0 0.070524 0.072427 0.015705 hargrave 2019-10-04 19:59:21 
TT 520 277.3  45.8 277.3  45.8 2.18E-05 001.7 206.5  50.5 0.057920 0.038857 0.013971 hargrave 2019-10-06 12:49:48 
TT 540 278.5  46.8 278.5  46.8 1.97E-05 002.4 204.6  50.2 0.055458 0.066074 0.013366 hargrave 2019-10-06 19:13:43 
TT 545 280.5  46.7 280.5  46.7 1.90E-05 001.6 202.9  51.1 0.024705 0.047165 0.016570 hargrave 2019-10-14 15:44:21 
TT 550 278.7  46.2 278.7  46.2 1.78E-05 000.9 205.0  50.7 0.022849 0.021833 0.015487 hargrave 2019-10-19 14:17:38 
TT 555 278.9  46.4 278.9  46.4 1.52E-05 002.5 204.6  50.7 0.033878 0.058978 0.008772 hargrave 2019-10-20 11:24:16 
TT 560 278.6  46.6 278.6  46.6 1.38E-05 001.9 204.6  50.4 0.018455 0.042404 0.012588 hargrave 2019-10-20 18:05:11 
TT 565 278.0  48.3 278.0  48.3 1.03E-05 002.2 203.7  48.8 0.014118 0.036591 0.014601 hargrave 2019-10-21 13:08:29 
TT 568 276.2  45.9 276.2  45.9 6.80E-06 002.3 207.4  50.0 0.014439 0.007773 0.026164 hargrave 2019-10-21 19:50:54 
TT 570 272.2  49.3 272.2  49.3 5.81E-06 001.7 207.0  45.5 0.010603 0.011158 0.020669 hargrave 2019-10-25 16:44:36 
TT 575 278.5  50.2 278.5  50.2 3.65E-06 001.9 201.6  47.4 0.008561 0.007518 0.005462 hargrave 2019-10-26 11:12:32 
TT 577 280.7  50.1 280.7  50.1 3.34E-06 001.7 199.9  48.3 0.004488 0.008024 0.004623 hargrave 2019-11-01 15:30:12 
TT 579 286.3  49.9 286.3  49.9 2.93E-06 002.3 195.2  50.1 0.008079 0.007620 0.004343 hargrave 2019-11-02 13:17:00 
TT 581 277.7  49.1 277.7  49.1 2.71E-06 002.0 203.2  48.0 0.004138 0.007379 0.005058 hargrave 2019-11-03 11:40:09 
TT 585 272.9  48.4 272.9  48.4 2.67E-06 001.7 207.5  46.6 0.006203 0.003226 0.004639 hargrave 2019-11-03 17:48:13 
TT 600 273.3  44.9 273.3  44.9 1.86E-06 001.8 210.7  49.3 0.004782 0.002426 0.003114 hargrave 2019-11-15 16:05:18 
TT 615 273.4  60.4 273.4  60.4 5.99E-07 002.6 197.0  37.4 0.002019 0.001510 0.001623 hargrave 2019-11-16 11:10:21 
TT 630 296.4  73.3 296.4  73.3 1.29E-07 006.1 181.6  28.6 0.000712 0.000849 0.001315 hargrave 2019-11-16 17:45:42 
TT 645 302.4 -47.7 302.4 -47.7 3.02E-08 022.0 000.8  30.2 0.000195 0.000933 0.000907 hargrave 2019-11-23 17:33:25 
TT 645 296.5 -55.5 296.5 -55.5 2.62E-08 013.2 357.0  22.3 0.000475 0.000520 0.000329 hargrave 2019-11-23 19:19:03 
TT 660 019.8  45.5 019.8  45.5 1.66E-07 006.9 134.3  16.6 0.000858 0.001919 0.000920 hargrave 2019-12-01 15:01:46 
