AX15- 5b sun compass orientation
      0  18.6  92.0   0.0   0.0   1.0
NRM    302.4  34.6 302.4  34.6 5.86E-05 001.5 161.8  51.1 0.080901 0.129739 0.046042 hargrave 2019-09-13 20:23:01 
TT 100 303.4  34.6 303.4  34.6 5.88E-05 001.4 160.5  50.9 0.112154 0.095855 0.047807 hargrave 2019-09-20 15:12:24 
TT 150 300.0  35.7 300.0  35.7 5.85E-05 001.6 165.2  50.8 0.120274 0.109770 0.050919 hargrave 2019-09-21 13:11:42 
TT 200 297.9  36.0 297.9  36.0 5.82E-05 002.5 168.0  51.0 0.101252 0.238312 0.044305 hargrave 2019-09-21 18:53:41 
TT 250 297.8  35.9 297.8  35.9 5.77E-05 003.3 168.1  51.2 0.080628 0.330537 0.038697 hargrave 2019-09-22 16:17:24 
TT 300 301.0  34.4 301.0  34.4 5.71E-05 002.4 163.3  51.8 0.083228 0.207797 0.083656 hargrave 2019-09-27 16:00:52 
TT 350 300.7  35.0 300.7  35.0 5.64E-05 001.3 164.1  51.3 0.075926 0.090215 0.059375 hargrave 2019-09-28 11:35:35 
TT 400 302.5  34.0 302.5  34.0 5.52E-05 000.9 161.3  51.6 0.032676 0.070069 0.043147 hargrave 2019-09-28 18:26:15 
TT 450 297.3  35.3 297.3  35.3 5.38E-05 001.8 168.5  51.8 0.025044 0.167903 0.041001 hargrave 2019-09-29 15:58:29 
TT 475 298.8  34.8 298.8  34.8 5.29E-05 002.0 166.3  52.0 0.152772 0.080698 0.077011 hargrave 2019-10-04 13:30:07 
TT 500 301.9  34.0 301.9  34.0 5.18E-05 002.2 162.0  51.9 0.142718 0.120912 0.081105 hargrave 2019-10-04 20:02:44 
TT 520 302.5  33.9 302.5  33.9 5.08E-05 002.1 161.1  51.8 0.161744 0.059818 0.077757 hargrave 2019-10-06 12:53:11 
TT 540 298.5  34.7 298.5  34.7 4.83E-05 001.9 166.7  52.2 0.145702 0.045599 0.062793 hargrave 2019-10-06 19:17:07 
TT 545 298.9  34.8 298.9  34.8 4.77E-05 001.6 166.2  51.9 0.108977 0.049313 0.060196 hargrave 2019-10-14 15:47:53 
TT 550 299.0  34.7 299.0  34.7 4.53E-05 002.5 166.0  52.0 0.066470 0.178260 0.057923 hargrave 2019-10-19 14:21:02 
TT 555 301.9  34.6 301.9  34.6 3.97E-05 001.6 162.3  51.4 0.067127 0.092755 0.030381 hargrave 2019-10-20 11:27:40 
TT 560 301.5  34.7 301.5  34.7 3.70E-05 001.6 162.9  51.4 0.049670 0.095220 0.018244 hargrave 2019-10-20 18:08:35 
TT 565 301.8  35.3 301.8  35.3 2.65E-05 002.3 162.9  50.7 0.044465 0.101377 0.018800 hargrave 2019-10-21 13:11:53 
TT 568 296.8  37.3 296.8  37.3 1.32E-05 001.4 169.8  50.0 0.017157 0.029166 0.016001 hargrave 2019-10-21 19:54:18 
TT 570 299.2  36.6 299.2  36.6 1.14E-05 003.3 166.7  50.1 0.018159 0.061941 0.017003 hargrave 2019-10-25 16:48:04 
TT 575 297.8  39.3 297.8  39.3 3.37E-06 003.2 169.4  47.9 0.008064 0.016840 0.016122 hargrave 2019-10-26 11:15:58 
TT 577 303.0  41.1 303.0  41.1 2.56E-06 003.0 164.6  44.9 0.004171 0.012913 0.001699 hargrave 2019-11-01 15:33:37 
TT 579 301.5  40.4 301.5  40.4 1.88E-06 001.2 165.8  45.9 0.003121 0.002502 0.000809 hargrave 2019-11-02 13:20:26 
TT 581 299.9  43.0 299.9  43.0 1.84E-06 003.4 168.5  43.9 0.003786 0.010659 0.001222 hargrave 2019-11-03 11:43:34 
TT 585 313.5  35.4 313.5  35.4 1.66E-06 011.5 150.4  45.9 0.017920 0.028751 0.001223 hargrave 2019-11-03 17:51:00 
TT 585 302.4  41.1 302.4  41.1 1.68E-06 002.6 165.2  45.1 0.002825 0.007349 0.001013 hargrave 2019-11-03 19:19:33 
TT 600 273.3  39.5 273.3  39.5 1.32E-06 019.7 197.1  46.2 0.013804 0.045166 0.001087 hargrave 2019-11-15 16:08:41 
TT 600 292.5  44.5 292.5  44.5 1.39E-06 003.2 176.2  43.4 0.002425 0.007581 0.001380 hargrave 2019-11-15 16:47:34 
TT 615 301.8  53.2 301.8  53.2 6.59E-07 006.0 170.5  33.7 0.001733 0.006907 0.001345 hargrave 2019-11-16 11:13:48 
TT 630 168.0  43.1 168.0  43.1 5.56E-08 015.4 223.2 -23.2 0.000616 0.001624 0.000831 hargrave 2019-11-16 17:49:07 
TT 630 172.5  12.1 172.5  12.1 6.99E-08 019.2 257.5 -25.9 0.001757 0.002312 0.001297 hargrave 2019-11-16 19:21:40 
TT 645 210.3 -22.3 210.3 -22.3 1.09E-07 007.4 292.4  11.6 0.001444 0.001122 0.000669 hargrave 2019-11-23 17:36:55 
TT 660 047.4  55.0 047.4  55.0 7.58E-08 014.3 148.2 -17.7 0.000231 0.002045 0.000425 hargrave 2019-12-01 15:05:11 
