AX15- 8b sun compass orientation
      0  36.2  85.0   0.0   0.0   1.0
NRM    275.7  47.8 275.7  47.8 2.92E-05 002.6 206.4  39.9 0.073410 0.110188 0.045514 hargrave 2019-09-13 20:27:54 
TT 100 274.4  47.2 274.4  47.2 2.92E-05 004.3 207.8  39.7 0.128324 0.184125 0.055175 hargrave 2019-09-20 15:16:21 
TT 150 271.7  45.6 271.7  45.6 2.89E-05 003.1 211.0  39.5 0.112305 0.113376 0.057363 hargrave 2019-09-21 13:19:27 
TT 200 272.7  46.8 272.7  46.8 2.88E-05 002.4 209.2  39.3 0.071468 0.102348 0.045200 hargrave 2019-09-21 18:57:17 
TT 250 273.0  45.6 273.0  45.6 2.78E-05 007.1 210.1  40.2 0.210903 0.271354 0.062387 hargrave 2019-09-22 16:20:54 
TT 300 274.2  46.9 274.2  46.9 2.78E-05 001.4 208.2  39.8 0.047465 0.051674 0.026729 hargrave 2019-09-27 16:05:10 
TT 350 275.0  47.1 275.0  47.1 2.66E-05 002.2 207.5  40.1 0.079324 0.058325 0.039608 hargrave 2019-09-28 11:39:50 
TT 400 272.2  45.4 272.2  45.4 2.53E-05 002.8 210.8  40.0 0.099633 0.056847 0.052691 hargrave 2019-09-28 18:30:23 
TT 450 271.9  45.5 271.9  45.5 2.44E-05 001.8 210.9  39.7 0.060793 0.021128 0.047461 hargrave 2019-09-29 16:03:19 
TT 475 273.3  46.4 273.3  46.4 2.42E-05 001.7 209.2  39.8 0.044151 0.061422 0.019875 hargrave 2019-10-04 13:35:08 
TT 500 272.7  45.9 272.7  45.9 2.34E-05 003.1 210.0  39.9 0.069192 0.109139 0.019816 hargrave 2019-10-04 20:08:35 
TT 520 276.5  48.6 276.5  48.6 2.30E-05 002.6 205.2  39.7 0.052457 0.090888 0.022049 hargrave 2019-10-06 12:58:13 
TT 540 274.1  47.0 274.1  47.0 2.13E-05 002.3 208.1  39.8 0.042972 0.073784 0.030706 hargrave 2019-10-06 19:22:07 
TT 545 273.8  46.1 273.8  46.1 2.12E-05 003.4 209.1  40.2 0.053943 0.111234 0.032215 hargrave 2019-10-14 15:52:57 
TT 550 271.7  44.8 271.7  44.8 2.02E-05 001.4 211.6  40.1 0.033327 0.029739 0.031897 hargrave 2019-10-19 14:26:05 
TT 555 273.3  45.6 273.3  45.6 1.78E-05 002.6 210.0  40.4 0.037749 0.073067 0.021900 hargrave 2019-10-20 11:32:46 
TT 560 274.4  47.5 274.4  47.5 1.74E-05 002.4 207.5  39.5 0.035389 0.035593 0.059665 hargrave 2019-10-20 18:13:35 
TT 565 275.1  47.5 275.1  47.5 1.34E-05 004.6 207.0  39.8 0.023905 0.100399 0.035304 hargrave 2019-10-21 13:17:03 
TT 568 269.5  44.4 269.5  44.4 7.99E-06 002.1 213.4  39.2 0.013735 0.018490 0.019125 hargrave 2019-10-21 19:59:18 
TT 570 271.2  46.6 271.2  46.6 7.45E-06 002.0 210.3  38.6 0.018009 0.019602 0.007251 hargrave 2019-10-25 16:53:08 
TT 575 270.8  46.0 270.8  46.0 3.43E-06 004.2 211.1  38.8 0.013670 0.021199 0.001905 hargrave 2019-10-26 11:21:00 
TT 577 269.8  44.5 269.8  44.5 3.11E-06 005.6 213.1  39.3 0.011005 0.027937 0.007046 hargrave 2019-11-01 15:38:39 
TT 579 267.9  46.6 267.9  46.6 2.59E-06 004.5 212.2  36.9 0.005678 0.018507 0.006598 hargrave 2019-11-02 13:25:33 
TT 581 269.4  47.0 269.4  47.0 2.44E-06 005.2 211.0  37.4 0.006833 0.020675 0.005947 hargrave 2019-11-03 11:48:39 
TT 585 262.8  40.5 262.8  40.5 2.27E-06 003.6 221.1  37.4 0.011338 0.005485 0.006588 hargrave 2019-11-03 17:55:06 
TT 600 267.7  45.0 267.7  45.0 1.83E-06 003.7 213.9  37.8 0.003442 0.010584 0.005066 hargrave 2019-11-15 16:13:40 
TT 615 265.1  47.9 265.1  47.9 8.54E-07 008.2 212.4  34.6 0.004872 0.011045 0.002997 hargrave 2019-11-16 11:18:52 
TT 615 268.8  51.1 268.8  51.1 8.60E-07 003.7 207.5  34.4 0.001597 0.003973 0.003815 hargrave 2019-11-16 12:00:54 
TT 630 132.9  48.8 132.9  48.8 4.15E-08 030.2 185.5 -35.8 0.000506 0.002158 0.001032 hargrave 2019-11-16 17:54:10 
TT 630 151.4  21.0 151.4  21.0 4.78E-08 028.3 222.7 -54.0 0.001440 0.001496 0.001964 hargrave 2019-11-16 19:26:40 
TT 645 254.6 -54.4 254.6 -54.4 6.85E-08 010.9 331.6  16.8 0.000859 0.001240 0.000631 hargrave 2019-11-23 17:42:06 
TT 660 037.4  83.1 037.4  83.1 8.41E-08 011.6 173.1  04.8 0.000397 0.001371 0.001090 hargrave 2019-12-01 15:10:13 
