AX16- 2b sun compass orientation
      0  47.4  60.0   0.0   0.0   1.0
NRM    275.2  41.2 275.2  41.2 3.77E-05 002.6 240.0  54.3 0.127848 0.116422 0.017892 hargrave 2019-09-13 20:33:24 
TT 100 274.3  42.3 274.3  42.3 3.80E-05 001.9 238.2  53.6 0.052917 0.118559 0.035690 hargrave 2019-09-20 15:20:59 
TT 150 274.1  41.7 274.1  41.7 3.78E-05 001.9 239.3  53.4 0.064792 0.112498 0.040955 hargrave 2019-09-21 13:23:43 
TT 200 273.8  43.0 273.8  43.0 3.78E-05 002.9 237.2  53.1 0.183703 0.082620 0.032961 hargrave 2019-09-21 19:01:38 
TT 250 273.7  41.4 273.7  41.4 3.71E-05 002.4 239.8  53.1 0.138401 0.086224 0.036238 hargrave 2019-09-22 16:25:13 
TT 300 273.6  41.8 273.6  41.8 3.60E-05 001.9 239.2  53.0 0.064906 0.090280 0.058460 hargrave 2019-09-27 16:08:31 
TT 350 274.5  40.6 274.5  40.6 3.45E-05 001.9 241.2  53.8 0.072293 0.080851 0.051769 hargrave 2019-09-28 11:44:49 
TT 400 275.0  42.2 275.0  42.2 3.23E-05 002.4 238.3  54.0 0.125409 0.026390 0.051855 hargrave 2019-09-28 18:34:41 
TT 450 273.8  40.1 273.8  40.1 2.92E-05 002.2 241.9  53.3 0.113133 0.020891 0.017415 hargrave 2019-09-29 16:08:19 
TT 475 273.7  42.6 273.7  42.6 2.74E-05 002.1 237.7  53.0 0.081686 0.058060 0.015248 hargrave 2019-10-04 13:40:20 
TT 500 273.5  41.4 273.5  41.4 2.45E-05 003.3 239.9  53.0 0.120581 0.076366 0.012558 hargrave 2019-10-04 20:13:43 
TT 520 273.0  41.3 273.0  41.3 2.27E-05 002.3 240.0  52.7 0.072416 0.053099 0.012787 hargrave 2019-10-06 13:03:25 
TT 540 272.5  40.5 272.5  40.5 1.86E-05 004.6 241.3  52.3 0.127271 0.080070 0.010696 hargrave 2019-10-06 19:27:17 
TT 545 272.9  42.4 272.9  42.4 1.84E-05 001.8 238.3  52.5 0.033382 0.044762 0.016140 hargrave 2019-10-14 15:58:10 
TT 550 272.4  40.4 272.4  40.4 1.67E-05 004.4 241.6  52.2 0.102838 0.077973 0.011011 hargrave 2019-10-19 14:31:21 
TT 555 272.6  41.6 272.6  41.6 1.39E-05 003.0 239.5  52.3 0.051862 0.048270 0.016881 hargrave 2019-10-20 11:37:08 
TT 560 272.0  42.9 272.0  42.9 1.36E-05 001.5 237.4  51.8 0.012652 0.029127 0.018768 hargrave 2019-10-20 18:17:59 
TT 565 271.5  44.2 271.5  44.2 9.58E-06 003.1 235.4  51.3 0.026401 0.041509 0.017361 hargrave 2019-10-21 13:21:25 
TT 568 274.9  45.9 274.9  45.9 4.57E-06 001.9 232.1  53.4 0.005593 0.012662 0.007802 hargrave 2019-10-21 20:05:15 
TT 570 272.0  43.3 272.0  43.3 4.23E-06 001.7 236.9  51.8 0.007474 0.010251 0.003985 hargrave 2019-10-25 16:57:36 
TT 575 276.1  51.3 276.1  51.3 2.22E-06 004.4 223.2  52.9 0.008425 0.008101 0.021097 hargrave 2019-10-26 11:25:24 
TT 577 279.8  54.3 279.8  54.3 1.90E-06 003.0 217.1  53.7 0.002734 0.008929 0.003824 hargrave 2019-11-01 15:43:03 
TT 579 278.3  50.3 278.3  50.3 1.66E-06 002.6 223.8  54.5 0.002250 0.007120 0.002265 hargrave 2019-11-02 13:30:48 
TT 581 277.7  50.5 277.7  50.5 1.35E-06 003.2 223.9  54.1 0.001916 0.006728 0.003326 hargrave 2019-11-03 11:54:38 
TT 585 271.5  53.8 271.5  53.8 1.31E-06 002.8 220.7  49.4 0.002102 0.005952 0.002103 hargrave 2019-11-03 18:00:03 
TT 600 266.3  50.1 266.3  50.1 6.65E-07 003.9 227.2  47.1 0.000933 0.003812 0.002245 hargrave 2019-11-15 16:18:00 
TT 615 329.6  61.9 329.6  61.9 1.52E-07 006.2 169.4  57.1 0.000476 0.001606 0.000620 hargrave 2019-11-16 11:23:17 
TT 630 044.3  14.4 044.3  14.4 8.51E-08 005.7 101.1  09.8 0.000616 0.001197 0.000475 hargrave 2019-11-16 18:01:47 
TT 645 000.5 -48.1 000.5 -48.1 7.27E-08 006.4 027.2  02.8 0.000627 0.000651 0.000540 hargrave 2019-11-23 17:46:35 
TT 660 346.8  43.0 346.8  43.0 5.12E-08 012.1 127.1  63.1 0.000157 0.001196 0.000100 hargrave 2019-12-01 15:14:36 
