AX16- 8b mag compass orientation (IGRF corrected)
      0  61.1  60.0   0.0   0.0   1.0
NRM    272.9  40.4 272.9  40.4 2.19E-05 001.1 240.8  42.2 0.031972 0.033072 0.021771 hargrave 2019-09-13 20:44:13 
TT 100 273.4  43.9 273.4  43.9 2.16E-05 001.8 236.2  42.9 0.055646 0.028236 0.033574 hargrave 2019-09-20 15:29:50 
TT 150 273.7  40.0 273.7  40.0 2.15E-05 002.3 241.5  42.7 0.077395 0.025906 0.033281 hargrave 2019-09-21 13:30:44 
TT 200 273.2  40.8 273.2  40.8 2.15E-05 001.7 240.4  42.5 0.056940 0.021929 0.033439 hargrave 2019-09-21 19:08:53 
TT 250 273.7  42.0 273.7  42.0 2.09E-05 005.7 238.8  43.0 0.192255 0.076053 0.036776 hargrave 2019-09-22 16:32:26 
TT 300 274.2  40.8 274.2  40.8 2.09E-05 002.9 240.4  43.2 0.087063 0.058548 0.016635 hargrave 2019-09-27 16:29:54 
TT 350 272.9  44.9 272.9  44.9 2.02E-05 003.2 234.9  42.5 0.101937 0.045258 0.023284 hargrave 2019-09-28 11:56:52 
TT 400 272.7  43.5 272.7  43.5 1.91E-05 002.7 236.7  42.3 0.083139 0.029787 0.014785 hargrave 2019-09-28 18:43:23 
TT 450 273.1  40.4 273.1  40.4 1.77E-05 003.2 241.0  42.4 0.092788 0.033717 0.014522 hargrave 2019-09-29 16:17:02 
TT 475 272.8  43.5 272.8  43.5 1.73E-05 001.8 236.7  42.4 0.046225 0.033517 0.008175 hargrave 2019-10-04 13:50:51 
TT 500 272.3  40.2 272.3  40.2 1.63E-05 001.2 241.1  41.7 0.026815 0.022882 0.008441 hargrave 2019-10-04 20:24:11 
TT 520 271.5  41.4 271.5  41.4 1.55E-05 003.9 239.4  41.3 0.093291 0.054292 0.008432 hargrave 2019-10-06 13:13:57 
TT 540 272.2  39.6 272.2  39.6 1.28E-05 003.4 241.8  41.5 0.065840 0.038456 0.007384 hargrave 2019-10-06 19:37:50 
TT 545 271.6  42.1 271.6  42.1 1.19E-05 001.9 238.4  41.4 0.032336 0.022572 0.009242 hargrave 2019-10-14 16:08:53 
TT 550 271.1  43.2 271.1  43.2 1.02E-05 001.7 236.9  41.2 0.027139 0.017423 0.006447 hargrave 2019-10-19 14:42:05 
TT 555 270.3  43.1 270.3  43.1 6.27E-06 002.8 237.1  40.5 0.024214 0.018396 0.006047 hargrave 2019-10-20 11:47:37 
TT 560 272.6  47.0 272.6  47.0 3.41E-06 001.5 231.9  42.4 0.005088 0.006797 0.003768 hargrave 2019-10-20 18:28:25 
TT 565 269.1  48.8 269.1  48.8 2.21E-06 004.6 229.5  40.1 0.011316 0.013400 0.003775 hargrave 2019-10-21 13:31:57 
TT 568 267.7  43.9 267.7  43.9 1.46E-06 009.2 235.7  38.7 0.017784 0.015609 0.001647 hargrave 2019-10-21 20:15:42 
TT 568 266.1  47.4 266.1  47.4 1.47E-06 002.7 231.1  38.0 0.003555 0.005681 0.002640 hargrave 2019-10-22 08:37:05 
TT 570 275.2  53.7 275.2  53.7 1.36E-06 001.4 222.7  43.7 0.002655 0.002308 0.001556 hargrave 2019-10-25 17:08:12 
TT 575 272.8  47.2 272.8  47.2 1.15E-06 002.4 231.7  42.5 0.003752 0.003365 0.000684 hargrave 2019-10-26 11:35:56 
TT 577 276.4  42.9 276.4  42.9 1.15E-06 002.8 237.7  45.0 0.005108 0.001994 0.001728 hargrave 2019-11-01 15:53:33 
TT 579 273.3  48.1 273.3  48.1 1.11E-06 001.3 230.4  42.9 0.002131 0.001355 0.001227 hargrave 2019-11-02 13:41:23 
TT 581 272.4  48.5 272.4  48.5 8.45E-07 001.6 229.9  42.3 0.001269 0.001615 0.001780 hargrave 2019-11-03 12:05:13 
TT 585 270.8  52.7 270.8  52.7 8.96E-07 003.7 224.4  41.2 0.004973 0.002790 0.001281 hargrave 2019-11-03 18:08:47 
TT 600 309.3  42.6 309.3  42.6 3.55E-07 002.7 228.3  68.5 0.001222 0.000537 0.001260 hargrave 2019-11-15 16:28:30 
TT 615 263.7  13.5 263.7  13.5 1.58E-07 003.9 269.0  26.1 0.000921 0.001036 0.000272 hargrave 2019-11-16 11:33:47 
TT 630 121.8  32.1 121.8  32.1 8.41E-08 006.6 153.4 -21.9 0.000944 0.000625 0.000448 hargrave 2019-11-16 18:12:22 
TT 645 069.1  18.8 069.1  18.8 9.33E-08 005.5 110.2  02.6 0.000569 0.001250 0.000808 hargrave 2019-11-23 17:57:20 
TT 660 159.7  50.2 159.7  50.2 9.11E-08 016.0 185.6 -09.5 0.000481 0.002554 0.000434 hargrave 2019-12-01 15:25:07 
