AX16- 4b mag compass orientation (IGRF corrected)
      0  61.1  63.0   0.0   0.0   1.0
NRM    275.0  44.7 275.0  44.7 3.10E-05 002.8 232.9  42.2 0.108762 0.115227 0.024634 hargrave 2019-09-13 20:36:51 
TT 100 274.1  43.7 274.1  43.7 3.13E-05 002.1 234.2  41.7 0.081248 0.088492 0.042253 hargrave 2019-09-20 15:23:50 
TT 150 273.6  41.9 273.6  41.9 3.13E-05 003.5 236.6  41.2 0.190247 0.056736 0.040770 hargrave 2019-09-21 13:26:13 
TT 200 273.4  44.1 273.4  44.1 3.12E-05 002.8 233.6  41.1 0.153793 0.057984 0.037281 hargrave 2019-09-21 19:04:12 
TT 250 274.0  41.1 274.0  41.1 3.05E-05 002.4 237.7  41.5 0.116792 0.060683 0.040476 hargrave 2019-09-22 16:27:44 
TT 300 273.9  42.8 273.9  42.8 2.98E-05 002.5 235.5  41.5 0.107884 0.066862 0.051290 hargrave 2019-09-27 16:11:36 
TT 350 274.6  42.5 274.6  42.5 2.86E-05 001.5 235.9  42.0 0.059435 0.040901 0.033552 hargrave 2019-09-28 11:47:36 
TT 400 274.0  41.7 274.0  41.7 2.67E-05 002.5 236.9  41.6 0.102677 0.042883 0.041360 hargrave 2019-09-28 18:37:24 
TT 450 274.1  40.5 274.1  40.5 2.50E-05 003.6 238.5  41.6 0.140005 0.070471 0.022081 hargrave 2019-09-29 16:11:04 
TT 475 273.6  42.3 273.6  42.3 2.42E-05 002.5 236.1  41.3 0.091628 0.059808 0.017229 hargrave 2019-10-04 13:43:39 
TT 500 273.4  41.0 273.4  41.0 2.29E-05 003.7 237.8  41.1 0.128136 0.075791 0.016707 hargrave 2019-10-04 20:17:02 
TT 520 273.2  42.0 273.2  42.0 2.21E-05 003.5 236.6  41.0 0.116805 0.070515 0.019307 hargrave 2019-10-06 13:06:44 
TT 540 272.7  42.2 272.7  42.2 1.96E-05 003.2 236.2  40.6 0.092628 0.061145 0.025744 hargrave 2019-10-06 19:30:35 
TT 545 273.3  40.6 273.3  40.6 1.92E-05 001.0 238.4  41.0 0.023999 0.025429 0.026007 hargrave 2019-10-14 16:01:31 
TT 550 272.1  43.0 272.1  43.0 1.77E-05 001.6 235.1  40.2 0.036100 0.032637 0.029042 hargrave 2019-10-19 14:34:44 
TT 555 272.3  44.4 272.3  44.4 1.46E-05 002.7 233.3  40.4 0.052572 0.040008 0.032922 hargrave 2019-10-20 11:40:27 
TT 560 271.6  40.9 271.6  40.9 1.42E-05 001.8 237.8  39.7 0.018546 0.025303 0.036753 hargrave 2019-10-20 18:21:17 
TT 565 272.0  44.2 272.0  44.2 9.63E-06 002.1 233.6  40.2 0.016908 0.027952 0.017130 hargrave 2019-10-21 13:24:44 
TT 568 273.0  42.6 273.0  42.6 5.01E-06 001.9 235.7  40.9 0.014462 0.005337 0.007655 hargrave 2019-10-21 20:08:33 
TT 570 269.9  42.9 269.9  42.9 4.44E-06 002.5 235.2  38.6 0.006730 0.006272 0.022454 hargrave 2019-10-25 17:00:56 
TT 575 271.0  49.6 271.0  49.6 2.85E-06 004.6 226.6  39.3 0.010921 0.007890 0.023052 hargrave 2019-10-26 11:28:44 
TT 577 277.5  50.5 277.5  50.5 2.71E-06 002.9 224.7  43.4 0.006985 0.011240 0.004488 hargrave 2019-11-01 15:46:22 
TT 579 271.7  49.2 271.7  49.2 2.50E-06 002.8 227.1  39.8 0.005874 0.009921 0.004474 hargrave 2019-11-02 13:34:08 
TT 581 272.1  46.9 272.1  46.9 2.26E-06 003.9 230.0  40.2 0.008405 0.012237 0.005216 hargrave 2019-11-03 11:58:00 
TT 585 270.8  46.7 270.8  46.7 2.07E-06 001.4 230.4  39.3 0.003278 0.003281 0.003233 hargrave 2019-11-03 18:02:49 
TT 600 276.8  50.2 276.8  50.2 1.37E-06 002.0 225.3  43.0 0.003574 0.001920 0.002842 hargrave 2019-11-15 16:21:19 
TT 615 279.5  66.7 279.5  66.7 3.63E-07 003.6 203.7  39.5 0.001146 0.001606 0.001434 hargrave 2019-11-16 11:26:36 
TT 630 087.8  71.7 087.8  71.7 1.57E-07 012.4 162.8  17.8 0.000766 0.003410 0.000683 hargrave 2019-11-16 18:05:08 
TT 645 034.5  47.9 034.5  47.9 5.08E-08 013.3 131.2  37.1 0.000442 0.001359 0.000238 hargrave 2019-11-23 17:49:59 
TT 660 282.8  09.4 282.8  09.4 7.98E-08 007.6 281.7  41.2 0.000714 0.001517 0.000431 hargrave 2019-12-01 15:17:55 
