AX16- 5b mag compass orientation (IGRF corrected)
      0  71.1  60.0   0.0   0.0   1.0
NRM    286.1  42.2 286.1  42.2 5.02E-05 002.7 238.7  44.7 0.215088 0.063713 0.085229 hargrave 2019-09-13 20:38:43 
TT 100 286.3  36.0 286.3  36.0 5.05E-05 004.9 247.4  44.2 0.369016 0.240895 0.064127 hargrave 2019-09-20 15:25:20 
TT 150 286.1  37.8 286.1  37.8 5.04E-05 001.8 244.9  44.4 0.111131 0.129963 0.046604 hargrave 2019-09-21 13:27:23 
TT 200 287.6  39.0 287.6  39.0 5.06E-05 004.5 243.3  45.7 0.379648 0.134493 0.071034 hargrave 2019-09-21 19:05:27 
TT 250 288.0  41.3 288.0  41.3 4.96E-05 003.6 240.0  46.1 0.287062 0.104196 0.069927 hargrave 2019-09-22 16:28:55 
TT 300 286.7  39.4 286.7  39.4 4.91E-05 001.3 242.7  45.0 0.069395 0.088109 0.033051 hargrave 2019-09-27 16:13:04 
TT 350 285.5  37.6 285.5  37.6 4.80E-05 005.4 245.0  43.8 0.401515 0.214831 0.070028 hargrave 2019-09-28 11:49:04 
TT 400 284.3  41.5 284.3  41.5 4.58E-05 001.9 239.5  43.4 0.138883 0.073496 0.049138 hargrave 2019-09-28 18:38:51 
TT 450 284.7  37.7 284.7  37.7 4.22E-05 001.9 244.7  43.2 0.113420 0.067066 0.077092 hargrave 2019-09-29 16:12:30 
TT 475 284.1  39.9 284.1  39.9 4.00E-05 003.1 241.6  43.1 0.041728 0.298002 0.048662 hargrave 2019-10-04 13:45:24 
TT 500 284.9  42.5 284.9  42.5 3.54E-05 003.7 238.2  43.8 0.221149 0.053454 0.049473 hargrave 2019-10-04 20:18:46 
TT 520 284.7  38.3 284.7  38.3 3.30E-05 002.1 243.9  43.3 0.054730 0.100241 0.044961 hargrave 2019-10-06 13:08:28 
TT 540 282.4  39.4 282.4  39.4 2.76E-05 002.2 242.2  41.6 0.076546 0.041677 0.064086 hargrave 2019-10-06 19:32:24 
TT 545 282.9  40.3 282.9  40.3 2.66E-05 001.7 241.0  42.2 0.054563 0.046629 0.038326 hargrave 2019-10-14 16:03:16 
TT 550 282.5  41.5 282.5  41.5 2.46E-05 003.6 239.4  42.0 0.137826 0.052633 0.051848 hargrave 2019-10-19 14:36:30 
TT 555 281.6  42.2 281.6  42.2 2.00E-05 001.8 238.3  41.4 0.026301 0.044594 0.036957 hargrave 2019-10-20 11:42:11 
TT 560 283.1  37.7 283.1  37.7 1.89E-05 006.3 244.5  42.0 0.196156 0.065584 0.033867 hargrave 2019-10-20 18:23:01 
TT 565 280.7  43.8 280.7  43.8 1.22E-05 001.1 236.2  40.9 0.016463 0.016439 0.009947 hargrave 2019-10-21 13:26:30 
TT 568 281.8  41.1 281.8  41.1 5.33E-06 000.9 239.8  41.5 0.005811 0.005681 0.003826 hargrave 2019-10-21 20:10:18 
TT 570 284.4  45.2 284.4  45.2 4.65E-06 003.5 234.4  43.6 0.012288 0.006284 0.029026 hargrave 2019-10-25 17:02:42 
TT 575 284.5  47.5 284.5  47.5 1.65E-06 003.1 231.3  43.7 0.007848 0.003241 0.003413 hargrave 2019-10-26 11:30:29 
TT 577 288.6  48.7 288.6  48.7 1.44E-06 003.8 229.3  46.4 0.007831 0.005397 0.000916 hargrave 2019-11-01 15:48:07 
TT 579 288.2  44.0 288.2  44.0 1.32E-06 001.3 236.2  46.3 0.002574 0.001661 0.001094 hargrave 2019-11-02 13:35:53 
TT 581 284.8  45.7 284.8  45.7 1.09E-06 004.7 233.7  43.9 0.007515 0.005057 0.000773 hargrave 2019-11-03 11:59:45 
TT 585 283.9  57.1 283.9  57.1 9.89E-07 007.4 218.2  42.4 0.007778 0.010235 0.000665 hargrave 2019-11-03 18:04:16 
TT 600 264.0  51.4 264.0  51.4 8.69E-07 010.9 225.0  30.7 0.011530 0.012027 0.000799 hargrave 2019-11-15 16:23:04 
TT 600 264.5  48.0 264.5  48.0 8.81E-07 003.4 229.0  30.4 0.003572 0.003789 0.000947 hargrave 2019-11-15 16:49:21 
TT 615 292.4  40.0 292.4  40.0 3.02E-07 009.0 242.2  49.4 0.003950 0.002696 0.000566 hargrave 2019-11-16 11:28:21 
TT 615 293.6  43.8 293.6  43.8 3.08E-07 003.4 236.3  50.2 0.000751 0.001321 0.001132 hargrave 2019-11-16 12:02:41 
TT 630 169.3  39.6 169.3  39.6 6.82E-08 027.2 186.7 -19.9 0.000674 0.003316 0.001108 hargrave 2019-11-16 18:06:54 
TT 645 055.2 -08.8 055.2 -08.8 1.09E-07 018.3 074.3  09.1 0.003859 0.001517 0.001312 hargrave 2019-11-23 17:51:48 
TT 645 050.7 -19.4 050.7 -19.4 1.09E-07 002.7 062.9  06.8 0.000591 0.000411 0.000340 hargrave 2019-11-23 19:20:49 
TT 660 090.5  39.4 090.5  39.4 5.23E-08 019.4 132.9  05.4 0.000241 0.002153 0.000802 hargrave 2019-12-01 15:19:40 
