AX16- 6b mag compass orientation (IGRF corrected)
      0  57.1  51.0   0.0   0.0   1.0
NRM    274.9  36.1 274.9  36.1 2.43E-05 002.6 257.1  49.0 0.095901 0.064297 0.017894 hargrave 2019-09-13 20:40:32 
TT 100 274.7  38.8 274.7  38.8 2.41E-05 004.1 253.1  49.8 0.150230 0.083389 0.030971 hargrave 2019-09-20 15:26:52 
TT 150 273.8  39.7 273.8  39.7 2.40E-05 002.4 251.5  49.4 0.081117 0.063789 0.027566 hargrave 2019-09-21 13:28:30 
TT 200 274.7  38.8 274.7  38.8 2.36E-05 007.2 253.1  49.8 0.282099 0.095945 0.022390 hargrave 2019-09-21 19:06:34 
TT 250 274.8  39.0 274.8  39.0 2.33E-05 006.8 252.8  49.9 0.261060 0.096988 0.026172 hargrave 2019-09-22 16:30:03 
TT 300 271.8  39.2 271.8  39.2 2.32E-05 001.8 251.5  47.8 0.069104 0.034856 0.022256 hargrave 2019-09-27 16:15:36 
TT 350 274.2  39.3 274.2  39.3 2.26E-05 002.3 252.1  49.6 0.079422 0.041937 0.026774 hargrave 2019-09-28 11:50:35 
TT 400 275.1  35.7 275.1  35.7 2.14E-05 005.0 257.8  49.1 0.179114 0.053304 0.011024 hargrave 2019-09-28 18:40:22 
TT 450 274.3  36.4 274.3  36.4 2.01E-05 001.5 256.4  48.7 0.049412 0.020956 0.009158 hargrave 2019-09-29 16:14:00 
TT 475 273.4  36.9 273.4  36.9 1.96E-05 001.5 255.3  48.2 0.042331 0.033861 0.017502 hargrave 2019-10-04 13:47:12 
TT 500 273.8  36.6 273.8  36.6 1.84E-05 001.6 255.9  48.4 0.046781 0.020984 0.018014 hargrave 2019-10-04 20:20:35 
TT 520 273.9  36.7 273.9  36.7 1.75E-05 006.6 255.8  48.5 0.195343 0.050115 0.019559 hargrave 2019-10-06 13:10:16 
TT 540 271.6  36.3 271.6  36.3 1.48E-05 003.9 255.4  46.7 0.094261 0.030488 0.027063 hargrave 2019-10-06 19:34:12 
TT 545 270.1  38.5 270.1  38.5 1.43E-05 001.7 251.9  46.3 0.027712 0.023766 0.029084 hargrave 2019-10-14 16:05:09 
TT 550 271.8  35.9 271.8  35.9 1.28E-05 003.7 256.1  46.7 0.079443 0.022765 0.025400 hargrave 2019-10-19 14:38:22 
TT 555 270.8  38.5 270.8  38.5 9.12E-06 001.6 252.2  46.8 0.013968 0.010027 0.026798 hargrave 2019-10-20 11:43:59 
TT 560 270.8  37.9 270.8  37.9 7.25E-06 002.3 252.9  46.6 0.018599 0.011276 0.026638 hargrave 2019-10-20 18:24:49 
TT 565 272.1  39.3 272.1  39.3 4.14E-06 002.2 251.5  48.0 0.012896 0.009174 0.004513 hargrave 2019-10-21 13:28:18 
TT 568 274.7  39.6 274.7  39.6 2.16E-06 002.6 252.0  50.1 0.007639 0.005821 0.001963 hargrave 2019-10-21 20:12:06 
TT 570 273.0  40.6 273.0  40.6 1.98E-06 003.8 249.8  49.0 0.011761 0.005886 0.001172 hargrave 2019-10-25 17:04:31 
TT 575 280.5  44.8 280.5  44.8 1.50E-06 005.5 245.0  55.3 0.007581 0.003779 0.021301 hargrave 2019-10-26 11:32:18 
TT 577 268.7  47.1 268.7  47.1 1.35E-06 005.0 239.3  47.6 0.009176 0.007223 0.002251 hargrave 2019-11-01 15:49:55 
TT 579 272.6  40.9 272.6  40.9 1.20E-06 002.3 249.3  48.8 0.003875 0.002764 0.000757 hargrave 2019-11-02 13:37:41 
TT 581 275.5  43.9 275.5  43.9 1.03E-06 003.3 245.5  51.7 0.004352 0.003955 0.001201 hargrave 2019-11-03 12:01:34 
TT 585 264.3  52.4 264.3  52.4 8.94E-07 012.5 231.0  45.7 0.014323 0.013821 0.000755 hargrave 2019-11-03 18:05:46 
TT 585 263.1  43.7 263.1  43.7 9.36E-07 003.6 242.6  42.9 0.006124 0.001355 0.001042 hargrave 2019-11-03 19:21:02 
TT 600 268.4  38.8 268.4  38.8 5.51E-07 003.2 250.7  45.1 0.002059 0.001986 0.001284 hargrave 2019-11-15 16:24:52 
TT 615 286.0  48.7 286.0  48.7 2.17E-07 004.2 238.0  59.2 0.000559 0.001436 0.000552 hargrave 2019-11-16 11:30:09 
TT 630 281.5  15.8 281.5  15.8 8.10E-08 010.8 287.2  43.9 0.000573 0.000940 0.001096 hargrave 2019-11-16 18:08:42 
TT 645 320.7 -23.6 320.7 -23.6 6.36E-08 027.6 353.4  27.1 0.000317 0.003246 0.000715 hargrave 2019-11-23 17:53:40 
TT 645 338.9 -25.0 338.9 -25.0 7.40E-08 006.9 011.8  25.0 0.000374 0.000512 0.000676 hargrave 2019-11-23 19:22:37 
TT 660 028.4  34.8 028.4  34.8 8.81E-08 009.5 105.2  41.7 0.001100 0.001233 0.000225 hargrave 2019-12-01 15:21:29 
