AX16- 1b sun compass orientation
      0  55.6  67.0   0.0   0.0   1.0
NRM    275.4  42.6 275.4  42.6 3.33E-05 001.9 232.2  44.3 0.069935 0.064641 0.072248 hargrave 2019-09-13 20:29:39 
TT 100 274.1  39.5 274.1  39.5 3.35E-05 002.7 236.6  43.7 0.094075 0.097972 0.089731 hargrave 2019-09-20 15:17:50 
TT 150 273.9  41.4 273.9  41.4 3.34E-05 003.3 234.0  43.3 0.164885 0.052597 0.092203 hargrave 2019-09-21 13:20:42 
TT 200 273.7  38.9 273.7  38.9 3.30E-05 002.7 237.4  43.4 0.113594 0.080315 0.082063 hargrave 2019-09-21 18:58:32 
TT 250 273.5  39.7 273.5  39.7 3.23E-05 004.1 236.4  43.2 0.213837 0.075695 0.072627 hargrave 2019-09-22 16:22:10 
TT 300 273.9  38.8 273.9  38.8 3.16E-05 002.2 237.6  43.6 0.046924 0.082757 0.085018 hargrave 2019-09-27 16:06:43 
TT 350 273.3  38.7 273.3  38.7 3.04E-05 002.2 237.8  43.2 0.100862 0.039701 0.052608 hargrave 2019-09-28 11:41:09 
TT 400 273.4  40.0 273.4  40.0 2.87E-05 003.0 236.0  43.1 0.136994 0.033407 0.059625 hargrave 2019-09-28 18:31:39 
TT 450 273.0  38.2 273.0  38.2 2.69E-05 002.6 238.5  42.9 0.112889 0.018281 0.046942 hargrave 2019-09-29 16:04:35 
TT 475 273.2  36.7 273.2  36.7 2.66E-05 001.8 240.5  43.2 0.043705 0.060606 0.042972 hargrave 2019-10-04 13:36:43 
TT 500 273.2  37.5 273.2  37.5 2.50E-05 003.6 239.4  43.1 0.117884 0.098687 0.039634 hargrave 2019-10-04 20:10:08 
TT 520 273.4  37.5 273.4  37.5 2.41E-05 001.6 239.5  43.2 0.031102 0.045936 0.042984 hargrave 2019-10-06 12:59:46 
TT 540 273.4  37.8 273.4  37.8 2.12E-05 002.7 239.1  43.3 0.070026 0.071755 0.021747 hargrave 2019-10-06 19:23:41 
TT 545 272.7  35.5 272.7  35.5 2.05E-05 002.7 242.2  42.8 0.056281 0.066792 0.049944 hargrave 2019-10-14 15:54:31 
TT 550 272.3  37.3 272.3  37.3 1.89E-05 002.6 239.7  42.4 0.047464 0.058476 0.043623 hargrave 2019-10-19 14:27:40 
TT 555 272.5  37.5 272.5  37.5 1.57E-05 004.1 239.4  42.6 0.077982 0.076539 0.030952 hargrave 2019-10-20 11:34:21 
TT 560 272.3  39.3 272.3  39.3 1.54E-05 002.2 237.0  42.3 0.021558 0.046699 0.035846 hargrave 2019-10-20 18:15:12 
TT 565 271.2  39.5 271.2  39.5 1.02E-05 002.7 236.9  41.5 0.014494 0.038526 0.027203 hargrave 2019-10-21 13:18:37 
TT 568 273.4  38.3 273.4  38.3 5.08E-06 002.1 238.4  43.2 0.010228 0.009644 0.012288 hargrave 2019-10-21 20:00:51 
TT 570 272.1  40.9 272.1  40.9 4.60E-06 003.8 235.0  42.0 0.020374 0.022776 0.006604 hargrave 2019-10-25 16:54:46 
TT 575 272.1  42.5 272.1  42.5 2.20E-06 004.7 232.7  41.9 0.006465 0.008369 0.021251 hargrave 2019-10-26 11:22:36 
TT 577 277.5  43.5 277.5  43.5 2.23E-06 002.5 230.6  45.6 0.002314 0.007868 0.005415 hargrave 2019-11-01 15:40:13 
TT 579 276.3  44.2 276.3  44.2 2.02E-06 002.3 229.8  44.6 0.002954 0.006488 0.004588 hargrave 2019-11-02 13:27:11 
TT 581 275.1  41.5 275.1  41.5 1.70E-06 004.0 233.7  44.2 0.005560 0.009456 0.005258 hargrave 2019-11-03 11:50:13 
TT 585 276.7  38.2 276.7  38.2 1.61E-06 002.4 238.2  45.9 0.002180 0.004323 0.004905 hargrave 2019-11-03 17:56:23 
TT 600 285.0  32.7 285.0  32.7 9.36E-07 002.8 245.6  53.0 0.001648 0.003727 0.002384 hargrave 2019-11-15 16:15:13 
TT 615 320.4  36.5 320.4  36.5 1.83E-07 004.1 197.2  75.8 0.000668 0.001007 0.001095 hargrave 2019-11-16 11:20:27 
TT 630 011.2  53.0 011.2  53.0 9.47E-08 007.3 143.1  44.3 0.000524 0.001300 0.000747 hargrave 2019-11-16 17:56:33 
TT 645 227.9 -50.1 227.9 -50.1 7.66E-08 007.9 316.6 -22.2 0.001240 0.000547 0.000858 hargrave 2019-11-23 17:43:42 
TT 660 263.7 -07.9 263.7 -07.9 7.47E-08 009.0 289.5  22.0 0.000692 0.001277 0.000569 hargrave 2019-12-01 15:11:47 
