AX16- 7b mag compass orientation (IGRF corrected)
      0  66.1  51.0   0.0   0.0   1.0
NRM    272.0  39.0 272.0  39.0 2.14E-05 000.9 248.5  41.2 0.026185 0.030750 0.020342 hargrave 2019-09-13 20:42:25 
TT 100 272.9  38.3 272.9  38.3 2.11E-05 002.2 249.7  41.7 0.073521 0.026772 0.025849 hargrave 2019-09-20 15:28:22 
TT 150 273.1  39.4 273.1  39.4 2.10E-05 002.3 248.4  42.2 0.070251 0.018586 0.046345 hargrave 2019-09-21 13:29:37 
TT 200 274.0  37.4 274.0  37.4 2.08E-05 003.7 251.2  42.1 0.126708 0.032420 0.041165 hargrave 2019-09-21 19:07:42 
TT 250 272.3  38.9 272.3  38.9 2.07E-05 003.9 248.7  41.5 0.135885 0.045897 0.029643 hargrave 2019-09-22 16:31:14 
TT 300 273.6  38.9 273.6  38.9 2.07E-05 003.2 249.3  42.4 0.108269 0.045735 0.022400 hargrave 2019-09-27 16:28:44 
TT 350 271.3  39.7 271.3  39.7 1.98E-05 002.2 247.3  41.1 0.067884 0.023998 0.036702 hargrave 2019-09-28 11:52:07 
TT 400 269.9  41.8 269.9  41.8 1.87E-05 009.8 244.2  40.8 0.292273 0.140089 0.018978 hargrave 2019-09-28 18:41:53 
TT 400 271.4  38.7 271.4  38.7 1.92E-05 002.7 248.7  40.7 0.084883 0.031186 0.018613 hargrave 2019-09-29 10:31:27 
TT 450 272.2  36.9 272.2  36.9 1.76E-05 003.7 251.1  40.7 0.111812 0.019479 0.013635 hargrave 2019-09-29 16:15:32 
TT 475 270.2  38.5 270.2  38.5 1.73E-05 001.1 248.4  39.8 0.028159 0.020883 0.024241 hargrave 2019-10-04 13:49:02 
TT 500 270.2  38.3 270.2  38.3 1.63E-05 001.4 248.7  39.7 0.036385 0.020429 0.021202 hargrave 2019-10-04 20:22:24 
TT 520 272.5  33.6 272.5  33.6 1.55E-05 005.5 255.2  39.5 0.143724 0.045587 0.024077 hargrave 2019-10-06 13:12:09 
TT 540 267.3  41.7 267.3  41.7 1.30E-05 004.9 243.5  38.9 0.099504 0.051530 0.008106 hargrave 2019-10-06 19:36:01 
TT 545 269.6  39.3 269.6  39.3 1.22E-05 002.4 247.2  39.7 0.042658 0.028169 0.011888 hargrave 2019-10-14 16:07:04 
TT 550 269.8  38.6 269.8  38.6 1.07E-05 003.8 248.2  39.6 0.065239 0.030408 0.007028 hargrave 2019-10-19 14:40:12 
TT 555 270.1  38.5 270.1  38.5 7.05E-06 002.6 248.3  39.7 0.027652 0.015781 0.006427 hargrave 2019-10-20 11:45:49 
TT 560 270.7  39.4 270.7  39.4 4.11E-06 001.2 247.6  40.5 0.004722 0.006769 0.004432 hargrave 2019-10-20 18:26:37 
TT 565 269.1  43.4 269.1  43.4 2.46E-06 001.5 242.1  40.7 0.003232 0.004808 0.004049 hargrave 2019-10-21 13:30:09 
TT 568 275.2  40.7 275.2  40.7 1.42E-06 002.4 247.5  44.2 0.003012 0.004825 0.002181 hargrave 2019-10-21 20:13:55 
TT 570 272.0  37.7 272.0  37.7 1.13E-06 004.9 250.1  40.8 0.007804 0.005867 0.001258 hargrave 2019-10-25 17:06:22 
TT 575 264.9  50.2 264.9  50.2 9.62E-07 002.8 232.4  40.1 0.003333 0.003352 0.000976 hargrave 2019-10-26 11:34:07 
TT 577 283.5  49.8 283.5  49.8 8.88E-07 005.8 235.9  51.8 0.004345 0.007361 0.002829 hargrave 2019-11-01 15:51:44 
TT 579 261.1  35.4 261.1  35.4 1.01E-06 004.1 248.0  31.9 0.007015 0.002170 0.001802 hargrave 2019-11-02 13:39:34 
TT 581 275.4  48.7 275.4  48.7 7.85E-07 003.1 236.6  46.4 0.003186 0.001233 0.002575 hargrave 2019-11-03 12:03:25 
TT 585 271.4  52.6 271.4  52.6 5.65E-07 008.2 230.5  44.5 0.007204 0.003080 0.002558 hargrave 2019-11-03 18:07:17 
TT 585 269.0  45.3 269.0  45.3 5.94E-07 003.1 239.6  41.3 0.003527 0.000726 0.002314 hargrave 2019-11-03 19:22:33 
TT 600 266.9  33.4 266.9  33.4 4.68E-07 004.6 252.9  35.2 0.002784 0.003049 0.001497 hargrave 2019-11-15 16:26:42 
TT 615 193.9  52.7 193.9  52.7 1.23E-07 015.0 202.0  07.4 0.001287 0.002830 0.001359 hargrave 2019-11-16 11:31:59 
TT 615 208.0  48.6 208.0  48.6 1.12E-07 015.9 211.8  08.9 0.000664 0.002820 0.001772 hargrave 2019-11-16 12:04:31 
TT 630 140.7  58.7 140.7  58.7 2.17E-07 008.9 172.0  08.5 0.001118 0.002855 0.002195 hargrave 2019-11-16 18:10:33 
TT 645 081.6  13.4 081.6  13.4 2.06E-07 005.9 110.1 -03.2 0.002350 0.004222 0.001540 hargrave 2019-11-23 17:55:31 
TT 660 103.7  57.4 103.7  57.4 3.53E-07 008.7 153.7  16.0 0.000678 0.005768 0.001736 hargrave 2019-12-01 15:23:19 
