AX16- 3b mag compass orientation (IGRF corrected)
      0  62.1  60.0   0.0   0.0   1.0
NRM    281.3  38.6 281.3  38.6 4.16E-05 001.9 244.2  47.7 0.119761 0.081571 0.019401 hargrave 2019-09-13 20:35:06 
TT 100 280.8  37.8 280.8  37.8 4.16E-05 001.5 245.3  47.3 0.101955 0.029223 0.022484 hargrave 2019-09-20 15:22:23 
TT 150 281.2  36.4 281.2  36.4 4.14E-05 002.0 247.3  47.4 0.129889 0.059182 0.030951 hargrave 2019-09-21 13:25:00 
TT 200 280.6  40.4 280.6  40.4 4.14E-05 001.3 241.5  47.3 0.095339 0.028597 0.018053 hargrave 2019-09-21 19:02:58 
TT 250 280.8  37.9 280.8  37.9 4.08E-05 003.6 245.1  47.3 0.233429 0.110578 0.021051 hargrave 2019-09-22 16:26:30 
TT 300 282.1  36.3 282.1  36.3 4.00E-05 001.4 247.6  48.1 0.043966 0.062386 0.064899 hargrave 2019-09-27 16:10:05 
TT 350 279.5  38.1 279.5  38.1 3.93E-05 002.1 244.7  46.3 0.105627 0.115920 0.008097 hargrave 2019-09-28 11:46:10 
TT 400 279.5  34.1 279.5  34.1 3.79E-05 004.2 250.4  45.7 0.237697 0.166007 0.015674 hargrave 2019-09-28 18:36:01 
TT 450 280.3  35.5 280.3  35.5 3.57E-05 001.5 248.6  46.5 0.047903 0.116339 0.028964 hargrave 2019-09-29 16:09:40 
TT 475 280.9  36.7 280.9  36.7 3.35E-05 006.2 246.9  47.2 0.342765 0.126665 0.016652 hargrave 2019-10-04 13:41:57 
TT 500 279.8  38.2 279.8  38.2 3.16E-05 006.2 244.5  46.5 0.321233 0.119660 0.017726 hargrave 2019-10-04 20:15:20 
TT 520 279.4  35.8 279.4  35.8 2.99E-05 007.2 248.0  45.9 0.360514 0.112141 0.017473 hargrave 2019-10-06 13:05:02 
TT 540 278.3  35.6 278.3  35.6 2.55E-05 007.2 248.1  45.0 0.307620 0.095284 0.020051 hargrave 2019-10-06 19:28:54 
TT 545 278.6  35.9 278.6  35.9 2.50E-05 004.7 247.8  45.3 0.189224 0.076964 0.016887 hargrave 2019-10-14 15:59:48 
TT 550 278.9  35.9 278.9  35.9 2.32E-05 003.5 247.8  45.5 0.138175 0.044704 0.013759 hargrave 2019-10-19 14:32:58 
TT 555 278.1  38.8 278.1  38.8 1.89E-05 004.0 243.6  45.3 0.121835 0.054936 0.012562 hargrave 2019-10-20 11:38:45 
TT 560 278.2  38.5 278.2  38.5 1.87E-05 004.2 244.0  45.3 0.123597 0.058243 0.013864 hargrave 2019-10-20 18:19:35 
TT 565 276.8  39.1 276.8  39.1 1.26E-05 003.5 242.9  44.3 0.068214 0.035105 0.007924 hargrave 2019-10-21 13:23:02 
TT 568 276.9  42.6 276.9  42.6 4.99E-06 000.8 238.1  44.6 0.005690 0.004782 0.002608 hargrave 2019-10-21 20:06:52 
TT 570 278.8  37.7 278.8  37.7 4.77E-06 005.2 245.2  45.7 0.036210 0.014824 0.024093 hargrave 2019-10-25 16:59:14 
TT 575 284.7  52.6 284.7  52.6 1.36E-06 002.8 222.8  48.9 0.005899 0.002909 0.001370 hargrave 2019-10-26 11:27:02 
TT 577 278.2  48.1 278.2  48.1 1.28E-06 007.0 230.3  45.5 0.011241 0.010863 0.001220 hargrave 2019-11-01 15:44:40 
TT 579 283.8  51.8 283.8  51.8 8.82E-07 005.9 224.1  48.5 0.005693 0.007237 0.000702 hargrave 2019-11-02 13:32:25 
TT 581 291.2  53.3 291.2  53.3 8.00E-07 005.4 219.9  52.4 0.004433 0.005968 0.001931 hargrave 2019-11-03 11:56:17 
TT 585 282.9  61.1 282.9  61.1 7.59E-07 006.3 211.4  45.3 0.003348 0.007504 0.001587 hargrave 2019-11-03 18:01:25 
TT 600 281.3  45.7 281.3  45.7 5.51E-07 004.3 233.6  47.7 0.001073 0.003834 0.001456 hargrave 2019-11-15 16:19:38 
TT 615 359.9  43.6 359.9  43.6 2.74E-07 005.4 129.3  64.1 0.000947 0.002976 0.000826 hargrave 2019-11-16 11:24:53 
TT 630 095.0  11.5 095.0  11.5 1.56E-07 017.5 118.1 -21.2 0.002291 0.004695 0.001474 hargrave 2019-11-16 18:03:25 
TT 645 349.3 -38.5 349.3 -38.5 2.07E-07 004.5 014.3  19.6 0.001220 0.001149 0.001237 hargrave 2019-11-23 17:48:12 
TT 660 214.8  41.5 214.8  41.5 2.60E-07 013.7 221.8  01.9 0.003044 0.005836 0.000206 hargrave 2019-12-01 15:16:13 
