AX17- 2b sun compass orientation
      0  23.1  54.0   0.0   0.0   1.0
NRM    274.6  44.8 274.6  44.8 1.08E-04 000.9 232.3  73.5 0.102208 0.127574 0.057710 hargrave 2019-09-14 09:28:12 
NRM    275.3  45.1 275.3  45.1 1.07E-04 001.0 230.4  73.7 0.065088 0.177212 0.057179 hargrave 2020-08-18 11:54:47 
TT 150 275.5  45.3 275.5  45.3 1.07E-04 001.5 229.6  73.8 0.128971 0.251336 0.068960 hargrave 2020-08-18 17:04:00 
TT 250 274.9  44.4 274.9  44.4 1.06E-04 000.9 233.3  73.8 0.088090 0.121018 0.057990 hargrave 2020-08-19 12:55:06 
TT 300 275.5  45.2 275.5  45.2 1.05E-04 000.9 230.0  73.8 0.042341 0.156719 0.058377 hargrave 2020-08-19 17:31:02 
TT 350 275.2  44.9 275.2  44.9 1.04E-04 000.7 231.2  73.8 0.073248 0.093880 0.060176 hargrave 2020-08-20 11:28:53 
TT 400 275.3  45.1 275.3  45.1 1.00E-04 001.2 230.4  73.7 0.099705 0.189716 0.053109 hargrave 2020-08-20 20:07:58 
TT 425 274.3  44.8 274.3  44.8 9.82E-05 001.7 232.7  73.2 0.257445 0.100363 0.097363 hargrave 2020-08-22 16:41:05 
TT 450 274.2  45.2 274.2  45.2 9.59E-05 001.1 231.5  73.0 0.154211 0.089856 0.079267 hargrave 2020-08-23 13:18:32 
TT 475 273.5  44.5 273.5  44.5 9.23E-05 001.4 234.3  72.8 0.046889 0.209601 0.075459 hargrave 2020-08-24 10:04:32 
TT 500 272.8  44.7 272.8  44.7 8.69E-05 001.8 234.1  72.3 0.080077 0.247317 0.058534 hargrave 2020-08-24 17:51:26 
TT 520 271.9  45.0 271.9  45.0 7.61E-05 001.1 234.2  71.6 0.096411 0.088185 0.058425 hargrave 2020-08-25 15:50:47 
TT 540 271.4  48.3 271.4  48.3 4.82E-05 001.0 225.5  69.9 0.032024 0.063013 0.048642 hargrave 2020-08-26 12:50:09 
TT 550 271.0  49.2 271.0  49.2 2.04E-05 001.3 223.7  69.2 0.015931 0.042724 0.021413 hargrave 2020-08-26 20:10:17 
TT 555 273.6  48.7 273.6  48.7 1.74E-05 000.9 222.3  70.9 0.015476 0.015443 0.021702 hargrave 2020-08-27 15:02:53 
TT 560 274.3  50.4 274.3  50.4 6.49E-06 001.2 217.3  70.2 0.011043 0.006033 0.004913 hargrave 2020-08-28 11:50:01 
TT 563 276.9  49.8 276.9  49.8 5.60E-06 001.0 215.3  71.9 0.005685 0.007135 0.004218 hargrave 2020-08-29 12:35:47 
TT 566 268.7  47.2 268.7  47.2 4.37E-06 001.3 230.7  68.8 0.009483 0.003265 0.002011 hargrave 2020-08-30 10:01:14 
TT 570 271.6  51.8 271.6  51.8 4.22E-06 001.5 217.4  68.0 0.007931 0.005313 0.005953 hargrave 2020-08-31 11:37:04 
TT 575 270.0  45.6 270.0  45.6 3.79E-06 002.1 233.9  70.2 0.012908 0.002994 0.004204 hargrave 2020-09-01 08:51:34 
TT 580 282.4  52.7 282.4  52.7 3.46E-06 002.5 200.9  71.7 0.010287 0.009809 0.006249 hargrave 2020-09-02 08:52:46 
TT 590 262.4  49.7 262.4  49.7 2.45E-06 002.4 228.8  63.9 0.008642 0.004325 0.004223 hargrave 2020-09-02 15:26:07 
TT 610 051.8  58.6 051.8  58.6 4.42E-07 002.5 151.4  17.4 0.000948 0.001857 0.001323 hargrave 2020-09-03 10:41:22 
