AX17- 3b sun compass orientation
      0  22.9  58.0   0.0   0.0   1.0
NRM    269.2  47.1 269.2  47.1 1.02E-04 002.0 223.3  66.5 0.164232 0.322491 0.046395 hargrave 2019-09-14 09:29:43 
NRM    271.4  49.5 271.4  49.5 1.02E-04 001.4 216.3  66.2 0.160718 0.191377 0.044523 hargrave 2020-08-18 11:56:20 
TT 150 270.9  49.5 270.9  49.5 1.01E-04 001.8 216.6  66.0 0.224355 0.217849 0.052554 hargrave 2020-08-18 17:05:33 
TT 250 270.9  49.2 270.9  49.2 1.00E-04 000.8 217.3  66.2 0.078168 0.119113 0.049205 hargrave 2020-08-19 12:56:37 
TT 300 271.5  49.8 271.5  49.8 9.95E-05 000.9 215.5  66.1 0.085307 0.122609 0.053362 hargrave 2020-08-19 17:32:32 
TT 350 271.0  49.2 271.0  49.2 9.84E-05 000.8 217.3  66.2 0.070928 0.116294 0.055483 hargrave 2020-08-20 11:30:22 
TT 400 270.5  49.8 270.5  49.8 9.47E-05 001.6 216.6  65.6 0.218847 0.154713 0.043544 hargrave 2020-08-20 20:09:28 
TT 425 270.2  48.4 270.2  48.4 9.25E-05 002.3 219.6  66.3 0.329796 0.123839 0.096534 hargrave 2020-08-22 16:42:35 
TT 450 270.9  50.3 270.9  50.3 9.05E-05 001.0 215.3  65.5 0.109564 0.093229 0.066785 hargrave 2020-08-23 13:20:01 
TT 475 268.6  49.1 268.6  49.1 8.71E-05 001.0 219.7  65.1 0.059325 0.127966 0.051717 hargrave 2020-08-24 10:06:01 
TT 500 269.3  49.4 269.3  49.4 8.26E-05 000.9 218.5  65.3 0.067974 0.101735 0.060019 hargrave 2020-08-24 17:52:57 
TT 520 269.3  50.3 269.3  50.3 7.37E-05 000.9 216.8  64.7 0.052580 0.094561 0.040090 hargrave 2020-08-25 15:52:16 
TT 540 267.7  52.7 267.7  52.7 5.12E-05 000.9 213.8  62.4 0.043046 0.070563 0.030716 hargrave 2020-08-26 12:51:39 
TT 550 267.7  54.2 267.7  54.2 2.33E-05 000.7 211.4  61.5 0.019555 0.023252 0.018405 hargrave 2020-08-26 20:11:47 
TT 555 270.4  54.1 270.4  54.1 2.19E-05 001.1 209.4  62.7 0.024711 0.035465 0.019196 hargrave 2020-08-27 15:04:22 
TT 560 269.1  53.6 269.1  53.6 8.06E-06 001.1 211.3  62.5 0.009564 0.011631 0.003274 hargrave 2020-08-28 11:51:31 
TT 563 270.7  54.0 270.7  54.0 7.09E-06 001.1 209.2  62.9 0.010818 0.007247 0.006168 hargrave 2020-08-29 12:37:17 
TT 566 264.6  52.6 264.6  52.6 5.31E-06 001.4 216.4  61.0 0.010747 0.006896 0.003416 hargrave 2020-08-30 10:02:48 
TT 570 270.1  53.2 270.1  53.2 5.05E-06 001.4 211.0  63.2 0.008663 0.006517 0.006377 hargrave 2020-08-31 11:38:34 
TT 575 264.9  52.4 264.9  52.4 4.53E-06 001.2 216.5  61.2 0.006440 0.005380 0.004435 hargrave 2020-09-01 08:53:07 
TT 580 270.1  52.1 270.1  52.1 4.22E-06 002.1 212.8  63.9 0.008209 0.011176 0.006977 hargrave 2020-09-02 08:54:16 
TT 590 263.2  51.1 263.2  51.1 2.93E-06 001.9 220.0  61.1 0.008845 0.003414 0.002895 hargrave 2020-09-02 15:27:20 
TT 610 009.0  04.8 009.0  04.8 2.54E-07 004.9 086.7  14.3 0.001709 0.001384 0.001187 hargrave 2020-09-03 10:42:53 
