AX17- 5b sun compass orientation
      0  67.7  71.0   0.0   0.0   1.0
NRM    276.3  45.1 276.3  45.1 1.05E-04 001.0 227.9  33.4 0.112326 0.150569 0.051746 hargrave 2019-09-14 09:32:36 
NRM    276.4  44.3 276.4  44.3 1.04E-04 001.2 228.8  33.5 0.161444 0.141870 0.059492 hargrave 2020-08-18 11:59:24 
TT 150 276.4  44.1 276.4  44.1 1.04E-04 002.2 229.1  33.5 0.297765 0.258264 0.065076 hargrave 2020-08-18 17:08:30 
TT 250 276.3  43.0 276.3  43.0 1.02E-04 000.7 230.4  33.6 0.066536 0.103277 0.068296 hargrave 2020-08-19 12:59:28 
TT 300 277.0  47.3 277.0  47.3 1.02E-04 001.7 225.2  33.5 0.217668 0.203297 0.068266 hargrave 2020-08-19 17:35:20 
TT 350 276.4  44.5 276.4  44.5 1.00E-04 000.7 228.6  33.5 0.060618 0.096747 0.067009 hargrave 2020-08-20 11:33:13 
TT 400 276.6  46.3 276.6  46.3 9.64E-05 001.8 226.4  33.5 0.233049 0.206479 0.062489 hargrave 2020-08-20 20:12:19 
TT 425 275.8  42.5 275.8  42.5 9.39E-05 001.4 231.1  33.3 0.129506 0.175175 0.092128 hargrave 2020-08-22 16:45:25 
TT 450 275.6  43.4 275.6  43.4 9.13E-05 001.9 230.0  33.1 0.245148 0.164909 0.090811 hargrave 2020-08-23 13:22:50 
TT 475 275.6  45.3 275.6  45.3 8.84E-05 000.9 227.7  32.9 0.065465 0.094967 0.079201 hargrave 2020-08-24 10:08:58 
TT 500 275.0  44.4 275.0  44.4 8.41E-05 001.0 228.9  32.5 0.097896 0.097943 0.067764 hargrave 2020-08-24 17:55:47 
TT 520 273.9  43.3 273.9  43.3 7.80E-05 001.9 230.2  31.8 0.204037 0.153736 0.048747 hargrave 2020-08-25 15:55:09 
TT 540 273.4  45.3 273.4  45.3 6.39E-05 001.0 227.9  31.3 0.055068 0.097494 0.044116 hargrave 2020-08-26 12:54:29 
TT 550 272.7  46.8 272.7  46.8 4.34E-05 001.1 226.3  30.7 0.067808 0.064585 0.028654 hargrave 2020-08-26 20:14:37 
TT 555 273.6  48.7 273.6  48.7 4.13E-05 001.2 223.9  31.1 0.065381 0.074837 0.028421 hargrave 2020-08-27 15:07:11 
TT 560 272.1  47.6 272.1  47.6 1.92E-05 001.7 225.3  30.3 0.044710 0.041320 0.012598 hargrave 2020-08-28 11:54:23 
TT 563 275.8  48.3 275.8  48.3 1.72E-05 003.4 224.1  32.7 0.070407 0.075554 0.009828 hargrave 2020-08-29 12:40:08 
TT 566 274.3  45.3 274.3  45.3 7.67E-06 003.6 227.8  31.9 0.034859 0.035567 0.006673 hargrave 2020-08-30 10:05:44 
TT 570 274.0  50.5 274.0  50.5 7.12E-06 002.1 221.8  31.2 0.016534 0.021720 0.008166 hargrave 2020-08-31 11:41:28 
TT 575 272.6  46.4 272.6  46.4 6.68E-06 004.5 226.7  30.7 0.035872 0.038196 0.009004 hargrave 2020-09-01 08:55:58 
TT 580 274.2  46.5 274.2  46.5 5.80E-06 001.6 226.4  31.8 0.011262 0.009234 0.009106 hargrave 2020-09-02 08:57:07 
TT 590 269.8  47.4 269.8  47.4 4.86E-06 001.4 225.6  28.7 0.008450 0.010752 0.006071 hargrave 2020-09-02 15:29:45 
TT 610 323.2  43.3 323.2  43.3 5.25E-07 003.9 203.4  62.8 0.001817 0.003077 0.001195 hargrave 2020-09-03 10:45:45 
