AX17- 1b sun compass orientation
      0  13.6  59.0   0.0   0.0   1.0
NRM    276.0  47.1 276.0  47.1 1.02E-04 001.5 197.7  72.9 0.185804 0.185423 0.046892 hargrave 2019-09-14 09:26:37 
NRM    277.0  47.0 277.0  47.0 1.02E-04 001.3 195.8  73.2 0.055025 0.220845 0.046120 hargrave 2020-08-18 11:52:22 
TT 150 276.7  47.0 276.7  47.0 1.01E-04 001.2 196.3  73.1 0.057656 0.206254 0.062768 hargrave 2020-08-18 17:02:23 
TT 250 275.9  46.7 275.9  46.7 1.00E-04 000.9 198.6  73.2 0.129475 0.065706 0.050501 hargrave 2020-08-19 12:53:33 
TT 300 278.1  47.3 278.1  47.3 9.91E-05 001.5 193.0  73.1 0.110553 0.222520 0.053748 hargrave 2020-08-19 17:29:30 
TT 350 278.7  47.2 278.7  47.2 9.75E-05 001.0 191.8  73.4 0.111911 0.123111 0.064972 hargrave 2020-08-20 11:27:21 
TT 400 275.4  46.8 275.4  46.8 9.42E-05 001.1 199.6  73.0 0.068591 0.162641 0.056329 hargrave 2020-08-20 20:06:25 
TT 425 275.5  47.1 275.5  47.1 9.20E-05 001.2 198.8  72.7 0.177747 0.051573 0.066615 hargrave 2020-08-22 16:39:29 
TT 450 274.4  46.8 274.4  46.8 8.97E-05 001.5 201.5  72.7 0.208653 0.093708 0.050812 hargrave 2020-08-23 13:16:59 
TT 475 274.3  46.9 274.3  46.9 8.65E-05 000.8 201.6  72.6 0.109338 0.055734 0.032574 hargrave 2020-08-24 10:02:59 
TT 500 274.5  47.5 274.5  47.5 8.13E-05 001.4 200.3  72.1 0.062154 0.182482 0.043509 hargrave 2020-08-24 17:49:54 
TT 520 272.1  47.0 272.1  47.0 7.21E-05 001.1 205.8  71.7 0.101643 0.085138 0.023396 hargrave 2020-08-25 15:49:14 
TT 540 272.0  49.7 272.0  49.7 4.80E-05 000.8 201.6  69.3 0.046695 0.041515 0.019181 hargrave 2020-08-26 12:48:36 
TT 550 272.8  51.0 272.8  51.0 2.46E-05 001.5 198.7  68.5 0.018066 0.058748 0.017004 hargrave 2020-08-26 20:08:45 
TT 555 272.6  50.3 272.6  50.3 1.75E-05 001.1 199.9  69.1 0.028029 0.017940 0.007077 hargrave 2020-08-27 15:01:21 
TT 560 276.7  52.0 276.7  52.0 8.51E-06 001.1 191.6  68.4 0.009029 0.013338 0.005708 hargrave 2020-08-28 11:48:26 
TT 563 280.7  51.9 280.7  51.9 6.55E-06 001.2 184.9  69.0 0.006626 0.011441 0.005987 hargrave 2020-08-29 12:34:14 
TT 566 277.0  44.8 277.0  44.8 5.14E-06 001.7 198.6  75.2 0.013937 0.003424 0.006467 hargrave 2020-08-30 09:59:39 
TT 570 281.7  49.9 281.7  49.9 4.70E-06 001.9 183.7  71.1 0.006531 0.013574 0.004503 hargrave 2020-08-31 11:35:26 
TT 575 276.0  54.8 276.0  54.8 4.25E-06 001.7 190.7  65.6 0.008981 0.006712 0.007098 hargrave 2020-09-01 08:50:01 
TT 580 267.9  49.1 267.9  49.1 3.84E-06 002.1 208.7  68.4 0.008411 0.010202 0.005466 hargrave 2020-09-02 08:51:10 
TT 590 272.3  57.7 272.3  57.7 3.02E-06 002.4 193.0  62.2 0.011841 0.001841 0.004999 hargrave 2020-09-02 15:24:44 
TT 610 241.7  56.4 241.7  56.4 7.98E-07 003.3 216.4  51.4 0.001792 0.003227 0.003129 hargrave 2020-09-03 10:39:48 
