AX17- 8b sun compass orientation
      0  62.5  68.0   0.0   0.0   1.0
NRM    280.8  46.8 280.8  46.8 8.84E-05 001.6 226.1  41.8 0.199544 0.124758 0.084777 hargrave 2019-09-14 09:36:53 
NRM    280.1  44.0 280.1  44.0 8.81E-05 001.1 230.0  41.9 0.075090 0.153493 0.059599 hargrave 2020-08-18 12:03:42 
TT 150 280.4  45.7 280.4  45.7 8.78E-05 001.2 227.6  41.8 0.075206 0.157318 0.073353 hargrave 2020-08-18 17:12:49 
TT 250 280.1  43.6 280.1  43.6 8.71E-05 001.0 230.5  41.9 0.069641 0.131702 0.064365 hargrave 2020-08-19 13:03:44 
TT 300 281.3  46.8 281.3  46.8 8.62E-05 002.2 226.1  42.1 0.267505 0.183631 0.062453 hargrave 2020-08-19 17:39:30 
TT 350 280.5  44.5 280.5  44.5 8.55E-05 001.1 229.1  42.0 0.064780 0.137135 0.065074 hargrave 2020-08-20 11:37:27 
TT 400 280.8  45.4 280.8  45.4 8.32E-05 003.3 228.0  42.1 0.387922 0.291650 0.059874 hargrave 2020-08-20 20:16:37 
TT 425 280.1  44.7 280.1  44.7 8.17E-05 002.8 229.0  41.7 0.286594 0.269978 0.054841 hargrave 2020-08-22 16:49:36 
TT 450 280.1  45.9 280.1  45.9 7.99E-05 001.7 227.5  41.5 0.165357 0.175082 0.047386 hargrave 2020-08-23 13:27:02 
TT 475 280.3  47.7 280.3  47.7 7.77E-05 001.1 225.0  41.3 0.098694 0.112889 0.049052 hargrave 2020-08-24 10:13:11 
TT 500 279.5  45.8 279.5  45.8 7.40E-05 002.0 227.7  41.1 0.193633 0.160083 0.055836 hargrave 2020-08-24 17:59:58 
TT 520 279.0  45.6 279.0  45.6 6.92E-05 001.3 228.1  40.8 0.118421 0.095246 0.074491 hargrave 2020-08-25 15:59:25 
TT 540 277.4  45.7 277.4  45.7 5.82E-05 001.3 228.2  39.7 0.082129 0.092311 0.067726 hargrave 2020-08-26 12:58:42 
TT 550 277.4  46.4 277.4  46.4 4.58E-05 001.8 227.2  39.6 0.123318 0.076632 0.051624 hargrave 2020-08-26 20:18:52 
TT 555 277.0  45.8 277.0  45.8 4.05E-05 002.6 228.0  39.4 0.156423 0.106593 0.033679 hargrave 2020-08-27 15:11:23 
TT 560 278.4  50.6 278.4  50.6 2.32E-05 001.3 221.7  39.4 0.040868 0.040249 0.019618 hargrave 2020-08-28 11:58:36 
TT 563 278.1  47.8 278.1  47.8 1.97E-05 002.6 225.3  39.8 0.073760 0.053317 0.019508 hargrave 2020-08-29 12:44:21 
TT 566 280.4  46.1 280.4  46.1 8.25E-06 001.9 227.1  41.6 0.023102 0.015302 0.006314 hargrave 2020-08-30 10:10:01 
TT 570 282.5  50.2 282.5  50.2 6.89E-06 000.9 221.3  42.0 0.008101 0.010162 0.003072 hargrave 2020-08-31 11:45:42 
TT 575 278.4  47.7 278.4  47.7 5.06E-06 001.6 225.4  40.0 0.010728 0.010186 0.003391 hargrave 2020-09-01 09:00:12 
TT 580 278.6  49.4 278.6  49.4 3.96E-06 002.9 223.2  39.8 0.012832 0.015130 0.003818 hargrave 2020-09-02 09:01:20 
TT 590 274.5  44.4 274.5  44.4 3.33E-06 001.1 230.1  37.8 0.006727 0.004161 0.002464 hargrave 2020-09-02 15:33:20 
TT 610 280.4  61.7 280.4  61.7 1.27E-06 003.4 207.9  36.9 0.003917 0.006620 0.000875 hargrave 2020-09-03 10:50:02 
