AX17- 4b sun compass orientation
      0  65.2  72.0   0.0   0.0   1.0
NRM    278.5  46.2 278.5  46.2 1.40E-04 000.8 225.5  35.8 0.139003 0.123288 0.102880 hargrave 2019-09-14 09:31:11 
NRM    279.6  47.6 279.6  47.6 1.39E-04 002.0 223.6  36.2 0.261109 0.404573 0.107324 hargrave 2020-08-18 11:57:50 
TT 150 279.3  47.0 279.3  47.0 1.39E-04 002.3 224.3  36.2 0.336051 0.447227 0.112299 hargrave 2020-08-18 17:07:00 
TT 250 278.5  43.9 278.5  43.9 1.38E-04 002.4 228.2  36.2 0.468275 0.324607 0.116007 hargrave 2020-08-19 12:58:04 
TT 300 278.7  44.1 278.7  44.1 1.36E-04 003.4 228.0  36.3 0.637607 0.504851 0.101024 hargrave 2020-08-19 17:33:58 
TT 350 279.2  46.3 279.2  46.3 1.35E-04 000.7 225.3  36.2 0.102413 0.108692 0.098274 hargrave 2020-08-20 11:31:49 
TT 400 279.7  47.9 279.7  47.9 1.29E-04 000.7 223.2  36.2 0.109302 0.110699 0.085356 hargrave 2020-08-20 20:10:54 
TT 425 277.6  42.5 277.6  42.5 1.26E-04 001.4 230.1  35.8 0.237128 0.184851 0.083702 hargrave 2020-08-22 16:44:01 
TT 450 277.8  44.1 277.8  44.1 1.22E-04 001.5 228.2  35.6 0.223813 0.232969 0.077797 hargrave 2020-08-23 13:21:28 
TT 475 276.9  42.0 276.9  42.0 1.18E-04 000.7 230.8  35.3 0.103205 0.104390 0.069863 hargrave 2020-08-24 10:07:31 
TT 500 276.9  41.6 276.9  41.6 1.12E-04 006.4 231.3  35.3 0.970999 0.787692 0.069160 hargrave 2020-08-24 17:54:24 
TT 520 276.6  44.6 276.6  44.6 1.04E-04 000.8 227.7  34.7 0.088609 0.103221 0.077549 hargrave 2020-08-25 15:53:42 
TT 540 275.6  46.4 275.6  46.4 8.30E-05 002.4 225.7  33.7 0.214804 0.271503 0.079093 hargrave 2020-08-26 12:53:06 
TT 550 276.7  50.1 276.7  50.1 5.06E-05 002.8 221.1  33.8 0.175380 0.172063 0.041613 hargrave 2020-08-26 20:13:13 
TT 555 276.3  48.8 276.3  48.8 4.90E-05 000.9 222.7  33.8 0.062471 0.030800 0.033657 hargrave 2020-08-27 15:05:48 
TT 560 275.6  47.6 275.6  47.6 1.82E-05 001.1 224.3  33.5 0.029427 0.023730 0.016151 hargrave 2020-08-28 11:52:59 
TT 563 276.1  48.3 276.1  48.3 1.62E-05 000.9 223.3  33.7 0.022171 0.021596 0.010112 hargrave 2020-08-29 12:38:44 
TT 566 275.0  45.7 275.0  45.7 9.07E-06 003.4 226.6  33.5 0.039814 0.037190 0.004910 hargrave 2020-08-30 10:04:16 
TT 570 276.5  51.9 276.5  51.9 8.65E-06 001.3 219.0  33.2 0.015259 0.015796 0.004788 hargrave 2020-08-31 11:40:01 
TT 575 276.0  50.8 276.0  50.8 8.03E-06 001.3 220.4  33.2 0.014681 0.012866 0.008376 hargrave 2020-09-01 08:54:34 
TT 580 277.6  49.0 277.6  49.0 7.30E-06 002.5 222.2  34.6 0.023785 0.020816 0.007096 hargrave 2020-09-02 08:55:43 
TT 590 273.5  46.4 273.5  46.4 5.80E-06 001.4 225.9  32.3 0.010813 0.011703 0.005423 hargrave 2020-09-02 15:28:33 
TT 610 354.0  44.3 354.0  44.3 4.35E-07 002.6 153.1  59.4 0.001661 0.001255 0.000470 hargrave 2020-09-03 10:44:21 
