AX17- 6b sun compass orientation
      0  55.5  65.0   0.0   0.0   1.0
NRM    279.1  47.8 279.1  47.8 1.36E-04 001.4 225.7  47.1 0.256619 0.205579 0.064326 hargrave 2019-09-14 09:34:00 
NRM    279.7  49.1 279.7  49.1 1.35E-04 001.0 223.6  47.1 0.111218 0.187667 0.074014 hargrave 2020-08-18 12:00:48 
TT 150 279.0  47.7 279.0  47.7 1.35E-04 001.2 225.8  47.1 0.222729 0.187531 0.072639 hargrave 2020-08-18 17:09:56 
TT 250 279.0  46.8 279.0  46.8 1.34E-04 000.8 227.1  47.4 0.109034 0.129236 0.069538 hargrave 2020-08-19 13:00:49 
TT 300 280.4  50.2 280.4  50.2 1.33E-04 001.2 221.9  47.3 0.221239 0.160741 0.073309 hargrave 2020-08-19 17:36:41 
TT 350 279.8  48.8 279.8  48.8 1.32E-04 001.8 224.0  47.3 0.320687 0.269578 0.072982 hargrave 2020-08-20 11:34:38 
TT 400 279.3  47.6 279.3  47.6 1.28E-04 002.9 225.9  47.3 0.494947 0.415090 0.065446 hargrave 2020-08-20 20:13:45 
TT 425 278.9  47.1 278.9  47.1 1.26E-04 000.9 226.7  47.2 0.060321 0.146294 0.126245 hargrave 2020-08-22 16:46:47 
TT 450 278.9  48.5 278.9  48.5 1.23E-04 001.7 224.7  46.8 0.290503 0.210836 0.102844 hargrave 2020-08-23 13:24:13 
TT 475 279.1  49.5 279.1  49.5 1.19E-04 001.4 223.3  46.7 0.149111 0.235006 0.078157 hargrave 2020-08-24 10:10:20 
TT 500 277.4  45.6 277.4  45.6 1.14E-04 001.9 229.1  46.5 0.236332 0.275203 0.075464 hargrave 2020-08-24 17:57:08 
TT 520 277.6  47.9 277.6  47.9 1.05E-04 000.7 225.9  46.1 0.080196 0.085593 0.066343 hargrave 2020-08-25 15:56:35 
TT 540 276.9  50.2 276.9  50.2 8.52E-05 000.8 222.8  45.1 0.066397 0.085064 0.047239 hargrave 2020-08-26 12:55:52 
TT 550 275.7  50.0 275.7  50.0 5.94E-05 001.5 223.4  44.4 0.106798 0.115796 0.032590 hargrave 2020-08-26 20:16:03 
TT 555 277.1  52.2 277.1  52.2 5.55E-05 001.0 220.1  44.6 0.059678 0.079704 0.028920 hargrave 2020-08-27 15:08:33 
TT 560 276.8  52.4 276.8  52.4 2.52E-05 001.9 219.9  44.4 0.061312 0.057434 0.018362 hargrave 2020-08-28 11:55:45 
TT 563 276.8  50.9 276.8  50.9 2.25E-05 000.9 222.0  44.8 0.027608 0.029964 0.011371 hargrave 2020-08-29 12:41:30 
TT 566 276.8  51.3 276.8  51.3 7.56E-06 001.7 221.4  44.7 0.011816 0.020618 0.004474 hargrave 2020-08-30 10:07:08 
TT 570 279.4  55.9 279.4  55.9 6.97E-06 001.5 214.6  44.6 0.009483 0.015898 0.007344 hargrave 2020-08-31 11:42:50 
TT 575 272.5  49.9 272.5  49.9 5.93E-06 002.5 224.2  42.4 0.012429 0.021887 0.007232 hargrave 2020-09-01 08:57:21 
TT 580 272.5  50.8 272.5  50.8 5.09E-06 002.8 223.0  42.3 0.010639 0.021919 0.008000 hargrave 2020-09-02 08:58:29 
TT 590 273.5  48.6 273.5  48.6 4.33E-06 001.4 225.8  43.3 0.008431 0.006245 0.005526 hargrave 2020-09-02 15:30:56 
TT 610 271.7  60.3 271.7  60.3 9.04E-07 003.1 211.1  39.2 0.002311 0.004449 0.001066 hargrave 2020-09-03 10:47:10 
