AX17- 7b sun compass orientation
      0  58.0  65.0   0.0   0.0   1.0
NRM    276.8  47.9 276.8  47.9 9.24E-05 001.4 226.6  44.0 0.101366 0.193574 0.077902 hargrave 2019-09-14 09:35:25 
NRM    276.1  46.1 276.1  46.1 9.22E-05 001.0 229.2  43.8 0.088459 0.104538 0.104235 hargrave 2020-08-18 12:02:14 
TT 150 276.9  47.9 276.9  47.9 9.20E-05 001.0 226.5  44.0 0.085048 0.099645 0.107347 hargrave 2020-08-18 17:11:22 
TT 250 276.3  45.9 276.3  45.9 9.11E-05 001.1 229.4  44.0 0.104650 0.085719 0.115584 hargrave 2020-08-19 13:02:17 
TT 300 276.9  47.8 276.9  47.8 9.02E-05 001.6 226.7  44.1 0.192667 0.114216 0.110634 hargrave 2020-08-19 17:38:04 
TT 350 276.7  47.7 276.7  47.7 8.90E-05 001.9 226.8  44.0 0.166201 0.227534 0.103589 hargrave 2020-08-20 11:36:01 
TT 400 277.0  49.3 277.0  49.3 8.65E-05 001.3 224.7  43.8 0.077006 0.156575 0.102777 hargrave 2020-08-20 20:15:10 
TT 425 276.3  47.1 276.3  47.1 8.45E-05 001.7 227.7  43.8 0.041953 0.192371 0.162563 hargrave 2020-08-22 16:48:10 
TT 450 276.0  47.2 276.0  47.2 8.24E-05 001.7 227.6  43.6 0.181474 0.065331 0.152616 hargrave 2020-08-23 13:25:36 
TT 475 276.0  49.0 276.0  49.0 7.99E-05 002.2 225.1  43.3 0.133515 0.260116 0.124860 hargrave 2020-08-24 10:11:43 
TT 500 275.6  49.3 275.6  49.3 7.58E-05 001.1 224.9  43.0 0.066066 0.112026 0.094602 hargrave 2020-08-24 17:58:32 
TT 520 275.1  48.3 275.1  48.3 6.97E-05 001.1 226.3  42.8 0.069465 0.105432 0.069719 hargrave 2020-08-25 15:57:58 
TT 540 274.2  50.0 274.2  50.0 5.68E-05 001.7 224.2  41.9 0.101298 0.130657 0.057841 hargrave 2020-08-26 12:57:15 
TT 550 273.7  52.0 273.7  52.0 4.14E-05 003.2 221.7  41.2 0.140598 0.183757 0.045174 hargrave 2020-08-26 20:17:26 
TT 555 273.2  51.1 273.2  51.1 3.77E-05 001.3 222.9  41.0 0.060890 0.054718 0.048741 hargrave 2020-08-27 15:09:57 
TT 560 273.5  52.1 273.5  52.1 2.00E-05 002.8 221.5  41.1 0.057140 0.078990 0.026928 hargrave 2020-08-28 11:57:09 
TT 563 272.7  47.2 272.7  47.2 1.75E-05 001.6 228.1  41.3 0.021529 0.030835 0.040756 hargrave 2020-08-29 12:42:54 
TT 566 271.5  47.8 271.5  47.8 7.79E-06 002.0 227.4  40.4 0.011376 0.022779 0.011626 hargrave 2020-08-30 10:08:32 
TT 570 272.1  53.7 272.1  53.7 7.22E-06 002.1 219.6  39.9 0.009260 0.022161 0.013551 hargrave 2020-08-31 11:44:14 
TT 575 271.0  47.4 271.0  47.4 5.67E-06 003.8 227.9  40.2 0.019974 0.030793 0.011925 hargrave 2020-09-01 08:58:45 
TT 580 274.0  48.0 274.0  48.0 4.54E-06 002.3 226.9  42.1 0.005739 0.014162 0.010926 hargrave 2020-09-02 08:59:53 
TT 590 268.0  46.9 268.0  46.9 4.02E-06 002.0 228.9  38.2 0.012097 0.004328 0.007818 hargrave 2020-09-02 15:32:08 
TT 610 277.5  62.1 277.5  62.1 1.43E-06 003.6 208.1  40.0 0.002833 0.008477 0.002725 hargrave 2020-09-03 10:48:34 
