AX18- 1b mag compass orientation (IGRF corrected)
      0  10.1  71.0   0.0   0.0   1.0
NRM    281.9  46.4 281.9  46.4 1.47E-04 000.7 177.3  62.6 0.148816 0.099296 0.059467 hargrave 2019-09-14 09:38:24 
NRM    284.1  46.3 284.1  46.3 1.46E-04 001.5 173.9  62.5 0.192099 0.329064 0.075194 hargrave 2020-08-18 12:05:14 
TT 150 284.7  45.9 284.7  45.9 1.45E-04 001.3 172.9  62.8 0.239901 0.195431 0.089142 hargrave 2020-08-18 17:14:19 
TT 250 283.3  46.3 283.3  46.3 1.43E-04 001.4 175.2  62.6 0.148399 0.304902 0.052353 hargrave 2020-08-19 13:05:14 
TT 300 283.9  45.8 283.9  45.8 1.40E-04 001.9 174.1  63.0 0.199347 0.413504 0.072501 hargrave 2020-08-19 17:40:59 
TT 350 282.1  46.0 282.1  46.0 1.37E-04 001.0 177.0  63.0 0.213435 0.108227 0.069404 hargrave 2020-08-20 11:38:56 
TT 400 285.4  45.8 285.4  45.8 1.31E-04 001.5 171.9  62.8 0.201582 0.268048 0.077014 hargrave 2020-08-20 20:18:07 
TT 425 285.6  45.5 285.6  45.5 1.26E-04 000.5 171.5  63.2 0.093283 0.060772 0.046096 hargrave 2020-08-22 16:51:05 
TT 450 284.2  45.8 284.2  45.8 1.20E-04 001.0 173.8  62.9 0.081825 0.181370 0.041821 hargrave 2020-08-23 13:28:31 
TT 475 283.1  45.8 283.1  45.8 1.15E-04 000.6 175.4  63.1 0.092306 0.079802 0.035206 hargrave 2020-08-24 10:14:40 
TT 500 283.9  45.7 283.9  45.7 1.09E-04 001.5 174.2  63.1 0.114994 0.252078 0.039612 hargrave 2020-08-24 18:01:29 
TT 520 284.7  45.7 284.7  45.7 1.02E-04 000.9 172.9  63.1 0.130454 0.091561 0.033213 hargrave 2020-08-25 16:00:58 
TT 540 284.2  46.3 284.2  46.3 9.26E-05 000.9 173.8  62.5 0.130391 0.072600 0.043901 hargrave 2020-08-26 13:00:11 
TT 550 284.2  46.5 284.2  46.5 8.49E-05 001.3 174.0  62.3 0.126916 0.145978 0.040845 hargrave 2020-08-26 20:20:21 
TT 555 283.4  46.9 283.4  46.9 8.08E-05 001.7 175.2  62.0 0.113618 0.206754 0.037688 hargrave 2020-08-27 15:12:52 
TT 560 284.8  47.0 284.8  47.0 6.91E-05 001.5 173.3  61.7 0.069308 0.168270 0.030088 hargrave 2020-08-28 12:00:06 
TT 563 285.3  47.0 285.3  47.0 6.36E-05 001.0 172.6  61.7 0.071329 0.084318 0.032390 hargrave 2020-08-29 12:45:55 
TT 566 283.6  48.0 283.6  48.0 4.19E-05 001.0 175.2  60.9 0.045768 0.057442 0.017095 hargrave 2020-08-30 10:11:31 
TT 570 283.6  48.2 283.6  48.2 3.58E-05 002.5 175.2  60.7 0.044566 0.151679 0.012819 hargrave 2020-08-31 11:47:13 
TT 575 281.7  49.0 281.7  49.0 2.18E-05 002.0 177.9  59.9 0.039221 0.063670 0.012912 hargrave 2020-09-01 09:01:43 
TT 580 281.6  47.1 281.6  47.1 1.37E-05 003.4 177.8  61.9 0.033461 0.072274 0.015768 hargrave 2020-09-02 09:02:51 
TT 590 279.0  47.3 279.0  47.3 1.02E-05 002.9 181.5  61.7 0.017786 0.048147 0.007705 hargrave 2020-09-02 15:34:36 
TT 610 277.8  46.8 277.8  46.8 5.25E-06 002.7 183.4  62.2 0.008837 0.022852 0.004554 hargrave 2020-09-03 10:51:32 
