AX18- 5b mag compass orientation (IGRF corrected)
      0  -0.9  29.0   0.0   0.0   1.0
NRM    283.6  43.6 283.6  43.6 1.12E-04 001.5 033.2  70.6 0.187802 0.208767 0.073637 hargrave 2019-09-14 09:46:44 
NRM    283.2  43.3 283.2  43.3 1.11E-04 002.2 031.9  70.4 0.393672 0.142640 0.114887 hargrave 2020-08-18 12:13:41 
TT 150 283.6  43.1 283.6  43.1 1.10E-04 001.7 032.6  70.1 0.201077 0.223062 0.114574 hargrave 2020-08-18 17:22:38 
TT 250 283.9  43.4 283.9  43.4 1.08E-04 001.4 033.5  70.3 0.208039 0.158262 0.076894 hargrave 2020-08-19 13:13:39 
TT 300 284.5  43.3 284.5  43.3 1.05E-04 001.5 034.5  70.0 0.154916 0.223233 0.068943 hargrave 2020-08-19 17:49:19 
TT 350 283.4  43.0 283.4  43.0 1.02E-04 001.9 032.1  70.1 0.076193 0.326976 0.065487 hargrave 2020-08-20 11:47:14 
TT 400 283.0  43.1 283.0  43.1 9.73E-05 002.1 031.4  70.3 0.087714 0.336843 0.079034 hargrave 2020-08-20 20:26:35 
TT 425 282.9  43.5 282.9  43.5 9.27E-05 000.7 031.5  70.7 0.057947 0.100703 0.034203 hargrave 2020-08-22 17:00:14 
TT 450 282.1  43.3 282.1  43.3 8.72E-05 001.1 029.6  70.7 0.058840 0.152286 0.042657 hargrave 2020-08-23 13:37:45 
TT 475 280.4  42.7 280.4  42.7 8.33E-05 001.1 025.5  70.5 0.145465 0.051651 0.059563 hargrave 2020-08-24 10:23:50 
TT 500 282.3  42.9 282.3  42.9 7.88E-05 001.3 029.6  70.3 0.157630 0.051761 0.071449 hargrave 2020-08-24 18:10:35 
TT 520 282.8  43.1 282.8  43.1 7.43E-05 001.4 030.8  70.3 0.163191 0.049521 0.061028 hargrave 2020-08-25 16:10:04 
TT 540 283.1  43.5 283.1  43.5 6.77E-05 001.8 031.9  70.6 0.080672 0.186747 0.065169 hargrave 2020-08-26 13:09:18 
TT 550 281.5  43.2 281.5  43.2 6.31E-05 001.7 028.4  70.7 0.152865 0.086581 0.083385 hargrave 2020-08-26 20:30:17 
TT 555 283.8  43.7 283.8  43.7 6.01E-05 001.8 033.6  70.6 0.098993 0.150607 0.075250 hargrave 2020-08-27 15:21:10 
TT 560 283.4  43.6 283.4  43.6 5.37E-05 001.3 032.6  70.6 0.110012 0.026571 0.050918 hargrave 2020-08-28 12:09:19 
TT 563 283.6  43.7 283.6  43.7 4.92E-05 001.3 033.1  70.6 0.068706 0.076021 0.054953 hargrave 2020-08-29 12:54:18 
TT 566 284.7  44.2 284.7  44.2 3.72E-05 001.8 035.9  70.8 0.034910 0.110192 0.032036 hargrave 2020-08-30 10:19:56 
TT 570 284.1  45.1 284.1  45.1 3.05E-05 001.3 035.9  71.8 0.027559 0.057829 0.035982 hargrave 2020-08-31 11:56:25 
TT 575 283.3  45.8 283.3  45.8 2.09E-05 001.8 035.0  72.7 0.030250 0.058150 0.018753 hargrave 2020-09-01 09:10:53 
TT 580 278.7  45.8 278.7  45.8 1.59E-05 001.4 024.6  73.8 0.026328 0.029470 0.009740 hargrave 2020-09-02 09:12:03 
TT 590 279.3  46.3 279.3  46.3 1.31E-05 000.7 026.7  74.1 0.012457 0.009629 0.002195 hargrave 2020-09-02 15:42:21 
TT 610 280.3  45.6 280.3  45.6 8.43E-06 001.3 028.2  73.3 0.010945 0.014911 0.002882 hargrave 2020-09-03 11:00:44 
