AX18- 9b mag compass orientation (IGRF corrected)
      0   5.1  71.0   0.0   0.0   1.0
NRM    286.1  51.5 286.1  51.5 1.38E-04 001.1 167.6  56.4 0.166060 0.215830 0.060822 hargrave 2019-09-14 09:52:35 
NRM    287.4  51.6 287.4  51.6 1.37E-04 002.7 166.4  56.0 0.143976 0.633060 0.083688 hargrave 2020-08-18 12:20:41 
TT 150 287.7  51.3 287.7  51.3 1.37E-04 001.1 165.8  56.2 0.154348 0.184091 0.096918 hargrave 2020-08-18 17:29:33 
TT 250 288.9  51.4 288.9  51.4 1.35E-04 000.7 164.6  55.8 0.085788 0.096230 0.101046 hargrave 2020-08-19 13:19:46 
TT 300 286.0  51.0 286.0  51.0 1.33E-04 001.6 167.5  56.9 0.141812 0.294718 0.186149 hargrave 2020-08-19 17:55:23 
TT 350 287.9  50.5 287.9  50.5 1.31E-04 001.1 165.0  56.9 0.178318 0.058516 0.182254 hargrave 2020-08-20 11:53:11 
TT 400 286.1  50.9 286.1  50.9 1.26E-04 001.3 167.3  56.9 0.203770 0.085137 0.174841 hargrave 2020-08-20 20:32:36 
TT 425 289.0  50.4 289.0  50.4 1.22E-04 001.2 163.8  56.7 0.190988 0.128452 0.139786 hargrave 2020-08-22 17:06:13 
TT 450 287.5  51.0 287.5  51.0 1.19E-04 001.5 165.8  56.6 0.208395 0.193116 0.133548 hargrave 2020-08-23 13:43:45 
TT 475 285.7  50.7 285.7  50.7 1.14E-04 002.0 167.6  57.2 0.173377 0.312217 0.186625 hargrave 2020-08-24 10:29:53 
TT 500 287.0  50.0 287.0  50.0 1.09E-04 001.3 165.7  57.5 0.191185 0.052936 0.162897 hargrave 2020-08-24 18:16:35 
TT 520 285.7  51.3 285.7  51.3 1.02E-04 001.6 167.9  56.6 0.081241 0.281743 0.047518 hargrave 2020-08-25 16:16:05 
TT 540 286.5  51.6 286.5  51.6 8.99E-05 000.7 167.3  56.2 0.080357 0.078537 0.045359 hargrave 2020-08-26 13:15:17 
TT 550 290.3  51.4 290.3  51.4 7.99E-05 001.5 163.2  55.5 0.077431 0.203880 0.026171 hargrave 2020-08-26 20:36:17 
TT 555 285.1  51.8 285.1  51.8 7.14E-05 001.2 168.8  56.3 0.085777 0.117442 0.073522 hargrave 2020-08-27 15:27:11 
TT 560 284.9  52.7 284.9  52.7 6.04E-05 001.6 169.5  55.4 0.081589 0.128880 0.080690 hargrave 2020-08-28 12:15:23 
TT 563 291.8  52.4 291.8  52.4 4.86E-05 002.0 162.5  54.2 0.071498 0.157704 0.041637 hargrave 2020-08-29 13:00:21 
TT 566 286.9  54.2 286.9  54.2 3.49E-05 001.9 168.4  53.6 0.081852 0.043744 0.073782 hargrave 2020-08-30 10:26:00 
TT 570 290.1  53.8 290.1  53.8 2.46E-05 003.6 165.2  53.4 0.075424 0.126464 0.051150 hargrave 2020-08-31 12:02:29 
TT 575 289.1  53.3 289.1  53.3 1.15E-05 002.7 165.8  54.0 0.031415 0.034849 0.037317 hargrave 2020-09-01 09:16:58 
TT 580 286.5  55.9 286.5  55.9 7.59E-06 004.4 169.6  52.1 0.026903 0.049705 0.016578 hargrave 2020-09-02 09:18:09 
TT 590 276.5  55.9 276.5  55.9 6.08E-06 002.8 178.7  53.1 0.019060 0.020274 0.011505 hargrave 2020-09-02 15:47:25 
TT 610 294.0  43.2 294.0  43.2 2.42E-06 004.0 150.9  61.0 0.012225 0.011374 0.004032 hargrave 2020-09-03 11:06:47 
