AX18- 6b mag compass orientation (IGRF corrected)
      0  35.1  30.0   0.0   0.0   1.0
NRM    281.6  46.9 281.6  46.9 1.25E-04 001.2 303.1  71.0 0.196161 0.169416 0.035430 hargrave 2019-09-14 09:48:10 
NRM    282.8  46.4 282.8  46.4 1.25E-04 000.6 306.1  71.1 0.074696 0.092713 0.042102 hargrave 2020-08-18 12:15:59 
TT 150 282.2  46.4 282.2  46.4 1.24E-04 001.2 305.0  70.9 0.207619 0.161845 0.056229 hargrave 2020-08-18 17:24:10 
TT 250 284.1  45.7 284.1  45.7 1.21E-04 001.6 309.6  71.0 0.217339 0.248773 0.039445 hargrave 2020-08-19 13:15:07 
TT 300 283.6  46.1 283.6  46.1 1.17E-04 000.9 308.0  71.1 0.125879 0.119690 0.045909 hargrave 2020-08-19 17:50:51 
TT 350 283.5  46.3 283.5  46.3 1.14E-04 000.5 307.5  71.3 0.074814 0.075012 0.041970 hargrave 2020-08-20 11:48:42 
TT 400 283.6  46.2 283.6  46.2 1.09E-04 000.6 307.8  71.3 0.083869 0.072535 0.042251 hargrave 2020-08-20 20:28:03 
TT 425 281.2  46.6 281.2  46.6 1.04E-04 000.9 302.9  70.7 0.090977 0.138987 0.037277 hargrave 2020-08-22 17:01:42 
TT 450 281.7  46.2 281.7  46.2 9.98E-05 000.8 304.7  70.5 0.124314 0.066444 0.029830 hargrave 2020-08-23 13:39:12 
TT 475 282.2  45.7 282.2  45.7 9.65E-05 000.5 306.3  70.3 0.070720 0.048053 0.029766 hargrave 2020-08-24 10:25:19 
TT 500 281.8  46.0 281.8  46.0 9.16E-05 000.6 305.0  70.4 0.040351 0.079960 0.027940 hargrave 2020-08-24 18:12:03 
TT 520 282.0  45.6 282.0  45.6 8.67E-05 000.8 306.1  70.2 0.095008 0.079493 0.028057 hargrave 2020-08-25 16:11:32 
TT 540 282.0  45.6 282.0  45.6 7.91E-05 000.4 306.1  70.1 0.031840 0.047850 0.036783 hargrave 2020-08-26 13:10:46 
TT 550 280.4  47.0 280.4  47.0 7.36E-05 000.7 301.0  70.6 0.063384 0.052263 0.028999 hargrave 2020-08-26 20:31:44 
TT 555 282.5  46.9 282.5  46.9 6.92E-05 000.5 304.7  71.4 0.027983 0.050289 0.026360 hargrave 2020-08-27 15:22:38 
TT 560 283.0  47.5 283.0  47.5 6.10E-05 000.7 304.3  72.1 0.031096 0.066307 0.033932 hargrave 2020-08-28 12:10:49 
TT 563 281.4  47.9 281.4  47.9 5.49E-05 000.9 300.8  71.7 0.063099 0.062775 0.017712 hargrave 2020-08-29 12:55:47 
TT 566 282.2  47.3 282.2  47.3 4.02E-05 000.8 303.3  71.5 0.026519 0.055600 0.023358 hargrave 2020-08-30 10:21:25 
TT 570 282.1  48.5 282.1  48.5 3.17E-05 000.7 300.6  72.5 0.015630 0.035257 0.015516 hargrave 2020-08-31 11:57:54 
TT 575 278.4  49.7 278.4  49.7 1.95E-05 000.7 292.3  71.7 0.017419 0.017721 0.013355 hargrave 2020-09-01 09:12:23 
TT 580 277.3  49.6 277.3  49.6 1.34E-05 001.1 291.1  71.1 0.026305 0.009696 0.022082 hargrave 2020-09-02 09:13:33 
TT 590 276.8  50.0 276.8  50.0 1.17E-05 001.1 289.3  71.2 0.022468 0.006751 0.003736 hargrave 2020-09-02 15:43:38 
TT 610 277.8  49.7 277.8  49.7 7.63E-06 000.9 291.5  71.4 0.003644 0.011931 0.001598 hargrave 2020-09-03 11:02:13 
