AX18- 4b mag compass orientation (IGRF corrected)
      0  21.1  34.0   0.0   0.0   1.0
NRM    280.8  41.2 280.8  41.2 1.34E-04 002.1 331.3  73.8 0.362264 0.328410 0.053873 hargrave 2019-09-14 09:45:16 
NRM    280.9  41.1 280.9  41.1 1.33E-04 002.0 331.8  73.7 0.370894 0.258301 0.091067 hargrave 2020-08-18 12:12:08 
TT 150 280.6  41.1 280.6  41.1 1.33E-04 001.9 330.7  73.6 0.362339 0.221465 0.098500 hargrave 2020-08-18 17:21:07 
TT 250 281.4  40.7 281.4  40.7 1.31E-04 001.6 333.3  73.4 0.226182 0.283204 0.052810 hargrave 2020-08-19 13:12:03 
TT 300 281.1  41.2 281.1  41.2 1.29E-04 001.6 331.9  73.8 0.222965 0.292251 0.064447 hargrave 2020-08-19 17:47:48 
TT 350 282.1  40.6 282.1  40.6 1.27E-04 002.0 335.2  73.5 0.280615 0.349558 0.062140 hargrave 2020-08-20 11:45:43 
TT 400 280.4  41.2 280.4  41.2 1.22E-04 002.7 330.2  73.6 0.360607 0.433166 0.048197 hargrave 2020-08-20 20:25:04 
TT 425 280.9  41.1 280.9  41.1 1.17E-04 000.9 331.5  73.7 0.068190 0.168654 0.030769 hargrave 2020-08-22 16:58:42 
TT 450 279.3  41.2 279.3  41.2 1.12E-04 000.8 327.5  73.3 0.110274 0.092339 0.046415 hargrave 2020-08-23 13:36:14 
TT 475 281.2  40.6 281.2  40.6 1.07E-04 001.7 333.1  73.3 0.224765 0.206497 0.049576 hargrave 2020-08-24 10:22:19 
TT 500 279.2  41.1 279.2  41.1 1.01E-04 001.3 327.5  73.2 0.169095 0.159028 0.023260 hargrave 2020-08-24 18:09:04 
TT 520 281.0  40.3 281.0  40.3 9.45E-05 001.2 332.9  73.0 0.134153 0.144938 0.048673 hargrave 2020-08-25 16:08:33 
TT 540 280.6  40.2 280.6  40.2 8.48E-05 001.5 332.0  72.7 0.145014 0.162392 0.036913 hargrave 2020-08-26 13:07:46 
TT 550 280.8  41.4 280.8  41.4 7.81E-05 001.2 331.0  73.9 0.081159 0.129857 0.058910 hargrave 2020-08-26 20:27:57 
TT 555 279.9  41.5 279.9  41.5 7.33E-05 001.7 328.5  73.8 0.179419 0.118253 0.055528 hargrave 2020-08-27 15:19:39 
TT 560 280.5  41.6 280.5  41.6 6.39E-05 002.2 329.9  74.1 0.159986 0.187403 0.047600 hargrave 2020-08-28 12:07:46 
TT 563 279.3  42.1 279.3  42.1 5.78E-05 002.5 326.3  74.1 0.146412 0.206212 0.031224 hargrave 2020-08-29 12:52:46 
TT 566 279.7  42.9 279.7  42.9 4.20E-05 001.6 325.9  75.0 0.080185 0.085616 0.034048 hargrave 2020-08-30 10:18:23 
TT 570 282.2  42.4 282.2  42.4 3.23E-05 001.8 333.5  75.2 0.040863 0.092687 0.019147 hargrave 2020-08-31 11:54:52 
TT 575 281.2  44.6 281.2  44.6 1.96E-05 001.3 327.0  77.0 0.010519 0.043090 0.015136 hargrave 2020-09-01 09:09:21 
TT 580 276.8  45.0 276.8  45.0 1.27E-05 002.1 314.6  75.8 0.010898 0.044907 0.003904 hargrave 2020-09-02 09:10:31 
TT 590 275.6  42.9 275.6  42.9 9.58E-06 000.5 316.3  73.6 0.004941 0.007367 0.002689 hargrave 2020-09-02 15:41:04 
TT 610 274.4  43.8 274.4  43.8 5.61E-06 001.1 312.0  73.8 0.003386 0.009788 0.001351 hargrave 2020-09-03 10:59:12 
