AX18- 8b mag compass orientation (IGRF corrected)
      0   0.1  51.0   0.0   0.0   1.0
NRM    285.9  44.5 285.9  44.5 1.59E-04 000.8 120.2  77.0 0.113390 0.184629 0.041359 hargrave 2019-09-14 09:51:04 
NRM    286.6  44.5 286.6  44.5 1.58E-04 000.9 119.4  76.6 0.204619 0.133412 0.039205 hargrave 2020-08-18 12:19:08 
TT 150 286.3  44.5 286.3  44.5 1.57E-04 000.8 119.9  76.7 0.131206 0.156872 0.065241 hargrave 2020-08-18 17:27:11 
TT 250 286.2  44.5 286.2  44.5 1.54E-04 000.8 119.9  76.8 0.107245 0.176387 0.027266 hargrave 2020-08-19 13:18:12 
TT 300 286.5  43.8 286.5  43.8 1.52E-04 000.8 116.5  76.8 0.108391 0.173961 0.038585 hargrave 2020-08-19 17:53:51 
TT 350 286.5  44.2 286.5  44.2 1.50E-04 001.0 118.2  76.8 0.114640 0.222677 0.037779 hargrave 2020-08-20 11:51:39 
TT 400 286.8  44.1 286.8  44.1 1.46E-04 000.8 117.4  76.5 0.116161 0.170300 0.031366 hargrave 2020-08-20 20:31:04 
TT 425 285.6  44.2 285.6  44.2 1.41E-04 001.3 119.2  77.3 0.249464 0.219271 0.023323 hargrave 2020-08-22 17:04:41 
TT 450 285.9  43.9 285.9  43.9 1.38E-04 000.8 117.5  77.2 0.130593 0.131172 0.015421 hargrave 2020-08-23 13:42:14 
TT 475 285.4  44.6 285.4  44.6 1.34E-04 000.8 121.3  77.3 0.115415 0.150231 0.015290 hargrave 2020-08-24 10:28:20 
TT 500 285.3  43.8 285.3  43.8 1.30E-04 000.7 117.6  77.6 0.098304 0.123923 0.014912 hargrave 2020-08-24 18:15:03 
TT 520 285.7  44.2 285.7  44.2 1.24E-04 000.8 119.1  77.3 0.090819 0.147746 0.014266 hargrave 2020-08-25 16:14:33 
TT 540 285.9  45.2 285.9  45.2 1.13E-04 001.0 123.0  76.8 0.122929 0.164615 0.014413 hargrave 2020-08-26 13:13:46 
TT 550 287.0  45.0 287.0  45.0 1.05E-04 001.1 120.9  76.1 0.073112 0.182370 0.032980 hargrave 2020-08-26 20:34:45 
TT 555 286.8  46.1 286.8  46.1 9.69E-05 000.9 125.4  75.9 0.080202 0.141433 0.014589 hargrave 2020-08-27 15:25:39 
TT 560 288.2  45.3 288.2  45.3 8.43E-05 000.9 120.9  75.2 0.095172 0.100317 0.015491 hargrave 2020-08-28 12:13:50 
TT 563 288.1  44.5 288.1  44.5 7.02E-05 001.0 118.0  75.5 0.069497 0.097964 0.011482 hargrave 2020-08-29 12:58:49 
TT 566 287.4  45.5 287.4  45.5 5.10E-05 001.2 122.4  75.7 0.080621 0.077156 0.016506 hargrave 2020-08-30 10:24:28 
TT 570 288.4  45.8 288.4  45.8 3.68E-05 001.5 122.8  74.9 0.077387 0.061548 0.015247 hargrave 2020-08-31 12:00:56 
TT 575 282.7  47.2 282.7  47.2 1.88E-05 001.7 136.0  77.7 0.042710 0.037822 0.017885 hargrave 2020-09-01 09:15:25 
TT 580 287.9  46.8 287.9  46.8 9.40E-06 002.0 126.6  74.9 0.028682 0.011803 0.029613 hargrave 2020-09-02 09:16:35 
TT 590 279.6  50.2 279.6  50.2 7.82E-06 002.0 152.0  77.0 0.017826 0.018349 0.021608 hargrave 2020-09-02 15:46:07 
TT 610 295.3  48.0 295.3  48.0 4.24E-06 002.4 124.7  69.7 0.013493 0.011580 0.001335 hargrave 2020-09-03 11:05:14 
