AX18- 7b mag compass orientation (IGRF corrected)
      0  12.1  46.0   0.0   0.0   1.0
NRM    285.2  46.1 285.2  46.1 1.75E-04 000.8 135.6  86.9 0.184552 0.134816 0.035769 hargrave 2019-09-14 09:49:38 
NRM    285.8  46.0 285.8  46.0 1.73E-04 001.0 128.6  86.7 0.177778 0.236216 0.062442 hargrave 2020-08-18 12:17:32 
TT 150 285.7  45.9 285.7  45.9 1.72E-04 000.9 128.1  86.8 0.164267 0.218370 0.090487 hargrave 2020-08-18 17:25:39 
TT 250 286.1  45.8 286.1  45.8 1.67E-04 000.8 123.9  86.7 0.132965 0.183453 0.041026 hargrave 2020-08-19 13:16:36 
TT 300 286.0  46.0 286.0  46.0 1.62E-04 000.8 126.7  86.6 0.135759 0.173738 0.058866 hargrave 2020-08-19 17:52:19 
TT 350 285.9  45.9 285.9  45.9 1.58E-04 000.8 125.9  86.7 0.135719 0.158388 0.057984 hargrave 2020-08-20 11:50:10 
TT 400 286.0  46.1 286.0  46.1 1.50E-04 000.9 128.1  86.6 0.158326 0.175644 0.053626 hargrave 2020-08-20 20:29:31 
TT 425 285.3  46.0 285.3  46.0 1.44E-04 001.1 131.7  87.0 0.241830 0.119337 0.042970 hargrave 2020-08-22 17:03:10 
TT 450 285.1  46.0 285.1  46.0 1.39E-04 000.9 134.4  87.1 0.173390 0.143613 0.042800 hargrave 2020-08-23 13:40:41 
TT 475 285.1  46.0 285.1  46.0 1.36E-04 000.9 134.6  87.0 0.122042 0.170494 0.031117 hargrave 2020-08-24 10:26:48 
TT 500 284.7  45.9 284.7  45.9 1.31E-04 000.8 137.8  87.4 0.091252 0.146990 0.027552 hargrave 2020-08-24 18:13:31 
TT 520 284.7  46.1 284.7  46.1 1.25E-04 000.8 139.8  87.2 0.097661 0.132701 0.034923 hargrave 2020-08-25 16:13:01 
TT 540 284.8  46.2 284.8  46.2 1.16E-04 000.8 139.4  87.1 0.118864 0.117984 0.024428 hargrave 2020-08-26 13:12:13 
TT 550 285.2  46.5 285.2  46.5 1.08E-04 000.8 139.9  86.7 0.104799 0.115243 0.029149 hargrave 2020-08-26 20:33:13 
TT 555 286.0  46.8 286.0  46.8 1.02E-04 000.8 137.0  86.1 0.096653 0.103329 0.021398 hargrave 2020-08-27 15:24:07 
TT 560 286.4  47.1 286.4  47.1 9.05E-05 000.8 136.9  85.7 0.085655 0.095010 0.033885 hargrave 2020-08-28 12:12:17 
TT 563 287.2  47.2 287.2  47.2 8.17E-05 000.5 133.6  85.3 0.043338 0.064408 0.022651 hargrave 2020-08-29 12:57:17 
TT 566 286.3  48.0 286.3  48.0 6.18E-05 000.8 145.0  85.1 0.057028 0.063217 0.034553 hargrave 2020-08-30 10:22:55 
TT 570 287.5  48.4 287.5  48.4 5.03E-05 001.1 141.1  84.2 0.075184 0.053325 0.025218 hargrave 2020-08-31 11:59:23 
TT 575 285.5  49.3 285.5  49.3 3.12E-05 001.5 157.7  84.2 0.075256 0.019383 0.021219 hargrave 2020-09-01 09:13:52 
TT 580 281.9  49.6 281.9  49.6 2.24E-05 001.8 181.3  84.4 0.069876 0.013728 0.013479 hargrave 2020-09-02 09:15:02 
TT 590 281.6  50.0 281.6  50.0 1.90E-05 001.4 183.0  84.0 0.044688 0.017825 0.005051 hargrave 2020-09-02 15:44:53 
TT 610 282.5  50.4 282.5  50.4 1.24E-05 001.6 177.5  83.6 0.032404 0.008542 0.006525 hargrave 2020-09-03 11:03:42 
