AX18- 3b mag compass orientation (IGRF corrected)
      0  10.1  59.0   0.0   0.0   1.0
NRM    282.3  47.1 282.3  47.1 1.41E-04 002.1 174.7  73.9 0.124452 0.501253 0.074819 hargrave 2019-09-14 09:43:46 
NRM    283.7  47.0 283.7  47.0 1.40E-04 001.2 171.2  73.8 0.169139 0.239646 0.056425 hargrave 2020-08-18 12:10:30 
TT 150 282.8  46.8 282.8  46.8 1.39E-04 002.3 173.1  74.1 0.141992 0.527756 0.068829 hargrave 2020-08-18 17:19:33 
TT 250 282.3  46.8 282.3  46.8 1.36E-04 002.1 174.5  74.1 0.073676 0.486861 0.040435 hargrave 2020-08-19 13:10:28 
TT 300 280.9  47.0 280.9  47.0 1.32E-04 002.7 178.0  74.0 0.090249 0.610803 0.045768 hargrave 2020-08-19 17:46:14 
TT 350 283.1  47.1 283.1  47.1 1.28E-04 002.2 172.6  73.7 0.070247 0.488007 0.041892 hargrave 2020-08-20 11:44:08 
TT 400 283.9  47.5 283.9  47.5 1.20E-04 001.7 171.0  73.3 0.064488 0.355325 0.040489 hargrave 2020-08-20 20:23:25 
TT 425 281.7  47.1 281.7  47.1 1.13E-04 001.5 176.1  73.8 0.159644 0.253292 0.037704 hargrave 2020-08-22 16:57:08 
TT 450 282.6  47.1 282.6  47.1 1.06E-04 002.0 173.9  73.8 0.073647 0.363157 0.022933 hargrave 2020-08-23 13:34:40 
TT 475 282.1  47.2 282.1  47.2 1.00E-04 000.7 175.2  73.8 0.052657 0.101658 0.023729 hargrave 2020-08-24 10:20:43 
TT 500 097.2  59.0 097.2  59.0 2.53E-05 073.4 178.5 -00.0 0.059807 0.336017 9.182455 hargrave 2020-08-24 18:07:30 
TT 500 280.6  47.3 280.6  47.3 8.98E-05 001.0 178.8  73.6 0.101385 0.104831 0.033375 hargrave 2020-08-25 09:18:27 
TT 520 282.8  46.8 282.8  46.8 7.89E-05 002.3 173.2  74.0 0.059940 0.311434 0.017581 hargrave 2020-08-25 16:06:58 
TT 540 281.1  47.5 281.1  47.5 6.39E-05 002.1 177.7  73.5 0.061860 0.223298 0.015775 hargrave 2020-08-26 13:06:12 
TT 550 281.6  48.0 281.6  48.0 5.63E-05 002.2 176.7  73.0 0.072754 0.198204 0.028536 hargrave 2020-08-26 20:26:22 
TT 555 283.6  48.1 283.6  48.1 5.13E-05 002.3 172.1  72.7 0.050905 0.199201 0.027323 hargrave 2020-08-27 15:18:04 
TT 560 283.9  47.4 283.9  47.4 4.15E-05 001.4 171.0  73.3 0.044292 0.091391 0.011555 hargrave 2020-08-28 12:06:11 
TT 563 284.8  48.2 284.8  48.2 3.61E-05 002.5 169.4  72.5 0.025869 0.157031 0.015665 hargrave 2020-08-29 12:51:11 
TT 566 280.5  48.4 280.5  48.4 2.32E-05 003.0 179.0  72.6 0.021876 0.120458 0.006519 hargrave 2020-08-30 10:16:47 
TT 570 285.8  48.8 285.8  48.8 1.69E-05 003.0 168.0  71.6 0.024841 0.085136 0.005253 hargrave 2020-08-31 11:53:16 
TT 575 286.9  48.7 286.9  48.7 9.11E-06 002.7 165.7  71.6 0.016809 0.039978 0.003545 hargrave 2020-09-01 09:07:45 
TT 580 283.7  56.9 283.7  56.9 6.20E-06 004.5 175.6  64.0 0.017240 0.045404 0.009512 hargrave 2020-09-02 09:08:55 
TT 590 284.3  45.4 284.3  45.4 3.89E-06 002.4 168.4  75.2 0.006776 0.014373 0.005001 hargrave 2020-09-02 15:39:43 
TT 610 280.6  37.5 280.6  37.5 2.13E-06 002.9 176.4  83.5 0.001864 0.010764 0.002256 hargrave 2020-09-03 10:57:36 
