AX18- 2b mag compass orientation (IGRF corrected)
      0   6.1  63.0   0.0   0.0   1.0
NRM    281.7  45.2 281.7  45.2 6.67E-05 001.0 167.7  71.2 0.094634 0.068021 0.019751 hargrave 2019-09-14 09:40:10 
NRM    283.9  44.7 283.9  44.7 6.62E-05 002.2 162.4  71.2 0.078659 0.240773 0.019883 hargrave 2020-08-18 12:06:47 
TT 150 281.4  45.2 281.4  45.2 6.57E-05 001.6 168.2  71.3 0.102164 0.156989 0.028796 hargrave 2020-08-18 17:15:52 
TT 250 280.7  45.0 280.7  45.0 6.46E-05 001.1 169.6  71.6 0.114605 0.053333 0.015928 hargrave 2020-08-19 13:06:47 
TT 300 281.8  45.0 281.8  45.0 6.32E-05 001.8 167.3  71.4 0.133985 0.150456 0.020439 hargrave 2020-08-19 17:42:31 
TT 350 282.8  45.2 282.8  45.2 6.12E-05 001.9 165.4  71.1 0.112894 0.177335 0.019560 hargrave 2020-08-20 11:40:29 
TT 400 282.8  45.3 282.8  45.3 5.79E-05 002.3 165.3  71.0 0.102566 0.207561 0.018334 hargrave 2020-08-20 20:19:42 
TT 425 281.9  45.5 281.9  45.5 5.54E-05 001.4 167.5  70.9 0.087983 0.105800 0.017433 hargrave 2020-08-22 16:52:40 
TT 450 284.0  44.8 284.0  44.8 5.32E-05 002.3 162.4  71.1 0.089944 0.191529 0.019506 hargrave 2020-08-23 13:30:03 
TT 475 281.4  45.5 281.4  45.5 5.06E-05 002.3 168.5  71.0 0.055502 0.192956 0.011027 hargrave 2020-08-24 10:16:13 
TT 500 282.0  45.5 282.0  45.5 4.67E-05 001.3 167.4  70.9 0.062560 0.087167 0.018934 hargrave 2020-08-24 18:03:01 
TT 520 281.5  45.4 281.5  45.4 4.28E-05 001.2 168.1  71.1 0.068027 0.068008 0.015662 hargrave 2020-08-25 16:02:30 
TT 540 282.3  45.2 282.3  45.2 3.80E-05 002.2 166.5  71.1 0.054751 0.135417 0.010336 hargrave 2020-08-26 13:01:44 
TT 550 282.2  45.3 282.2  45.3 3.49E-05 001.7 166.6  71.1 0.059840 0.085109 0.010141 hargrave 2020-08-26 20:21:54 
TT 555 282.5  46.5 282.5  46.5 3.25E-05 001.9 167.2  69.8 0.057261 0.093821 0.008447 hargrave 2020-08-27 15:14:24 
TT 560 281.9  46.9 281.9  46.9 2.71E-05 002.4 168.6  69.6 0.043753 0.107880 0.015742 hargrave 2020-08-28 12:01:39 
TT 563 281.2  48.2 281.2  48.2 2.48E-05 002.0 170.7  68.4 0.048245 0.075033 0.018788 hargrave 2020-08-29 12:47:28 
TT 566 279.5  48.2 279.5  48.2 1.57E-05 003.2 173.7  68.6 0.039035 0.078792 0.019630 hargrave 2020-08-30 10:13:04 
TT 570 285.6  48.2 285.6  48.2 1.30E-05 003.4 163.2  67.5 0.042902 0.062696 0.027550 hargrave 2020-08-31 11:48:47 
TT 575 274.3  46.2 274.3  46.2 7.55E-06 001.9 183.9  70.8 0.007214 0.021953 0.027649 hargrave 2020-09-01 09:03:16 
TT 580 280.9  41.1 280.9  41.1 5.45E-06 002.3 165.5  75.3 0.014441 0.015573 0.005331 hargrave 2020-09-02 09:04:24 
TT 590 284.4  47.9 284.4  47.9 4.27E-06 004.2 165.0  68.1 0.012497 0.028330 0.003853 hargrave 2020-09-02 15:35:55 
TT 610 298.4  43.7 298.4  43.7 1.90E-06 003.0 138.6  65.5 0.006678 0.007435 0.001256 hargrave 2020-09-03 10:53:06 
