AX19- 4b mag compass orientation (IGRF corrected)
      0  31.1  47.0   0.0   0.0   1.0
NRM    295.2  36.9 295.2  36.9 4.48E-04 000.8 321.5  82.4 0.499192 0.374690 0.128212 hargrave 2019-09-14 10:01:15 
NRM    295.6  36.9 295.6  36.9 4.48E-04 000.9 323.8  82.6 0.478373 0.535867 0.099634 hargrave 2020-08-18 12:28:49 
TT 150 296.3  36.6 296.3  36.6 4.47E-04 001.2 328.6  82.7 0.531542 0.748396 0.170215 hargrave 2020-08-18 17:37:40 
TT 250 296.8  36.7 296.8  36.7 4.39E-04 001.4 331.3  82.9 0.635555 0.822586 0.107068 hargrave 2020-08-19 13:27:52 
TT 300 296.5  36.9 296.5  36.9 4.30E-04 000.8 328.4  82.9 0.322266 0.538592 0.124229 hargrave 2020-08-19 18:03:28 
TT 350 296.6  37.0 296.6  37.0 4.23E-04 001.2 328.7  83.1 0.444143 0.756394 0.131972 hargrave 2020-08-20 12:01:15 
TT 400 296.6  37.0 296.6  37.0 4.06E-04 001.0 328.9  83.1 0.380319 0.611896 0.121993 hargrave 2020-08-20 20:40:41 
TT 425 296.0  36.9 296.0  36.9 3.91E-04 002.2 325.3  82.8 1.265230 0.777106 0.110114 hargrave 2020-08-22 17:15:05 
TT 450 295.9  36.8 295.9  36.8 3.81E-04 001.5 325.5  82.6 0.857233 0.447816 0.079670 hargrave 2020-08-23 13:52:45 
TT 475 295.8  36.8 295.8  36.8 3.71E-04 001.4 324.7  82.6 0.794305 0.497301 0.072505 hargrave 2020-08-24 10:38:50 
TT 500 295.8  37.0 295.8  37.0 3.60E-04 001.8 324.0  82.8 0.833431 0.759198 0.058640 hargrave 2020-08-24 18:25:29 
TT 520 296.4  36.8 296.4  36.8 3.50E-04 001.6 328.3  82.8 0.663532 0.706082 0.054921 hargrave 2020-08-25 16:24:58 
TT 540 297.2  36.4 297.2  36.4 3.36E-04 001.5 334.5  82.8 0.463728 0.781025 0.050767 hargrave 2020-08-26 13:24:15 
TT 550 297.4  36.7 297.4  36.7 3.24E-04 001.6 334.7  83.1 0.476720 0.769415 0.044278 hargrave 2020-08-26 20:44:22 
TT 555 297.1  36.9 297.1  36.9 3.12E-04 001.7 332.1  83.2 0.552713 0.744178 0.049848 hargrave 2020-08-27 15:35:17 
TT 560 297.2  37.0 297.2  37.0 2.89E-04 001.1 332.6  83.3 0.379245 0.378481 0.042527 hargrave 2020-08-28 12:23:32 
TT 563 297.0  37.5 297.0  37.5 2.49E-04 001.4 329.4  83.7 0.508009 0.314643 0.037238 hargrave 2020-08-29 13:08:29 
TT 566 297.1  37.7 297.1  37.7 1.56E-04 002.4 328.7  83.8 0.534741 0.357937 0.028248 hargrave 2020-08-30 10:34:12 
TT 570 296.8  37.7 296.8  37.7 8.89E-05 002.5 327.2  83.8 0.338710 0.185116 0.014601 hargrave 2020-08-31 12:11:30 
TT 575 294.6  38.1 294.6  38.1 6.11E-05 001.5 312.5  83.0 0.152174 0.048741 0.004668 hargrave 2020-09-01 09:25:58 
TT 580 295.0  37.0 295.0  37.0 5.63E-05 002.6 319.9  82.4 0.234736 0.100624 0.010174 hargrave 2020-09-02 09:27:08 
TT 590 293.9  37.3 293.9  37.3 5.02E-05 002.0 313.5  82.1 0.159050 0.081063 0.012345 hargrave 2020-09-02 15:54:56 
TT 610 294.0  36.9 294.0  36.9 2.94E-05 002.2 316.1  81.8 0.104440 0.038074 0.006086 hargrave 2020-09-03 11:15:43 
