AX19- 2b mag compass orientation (IGRF corrected)
      0  31.1  49.0   0.0   0.0   1.0
NRM    292.5  33.6 292.5  33.6 2.40E-04 001.1 314.7  80.0 0.204453 0.430389 0.062153 hargrave 2019-09-14 09:55:41 
NRM    292.4  33.8 292.4  33.8 2.41E-04 001.0 313.6  80.1 0.213588 0.334800 0.110951 hargrave 2020-08-18 12:23:39 
TT 150 292.0  34.2 292.0  34.2 2.41E-04 000.9 310.4  80.1 0.271286 0.269050 0.143186 hargrave 2020-08-18 17:32:30 
TT 250 292.6  34.3 292.6  34.3 2.38E-04 000.9 312.0  80.5 0.154250 0.316607 0.096696 hargrave 2020-08-19 13:22:43 
TT 300 292.6  34.4 292.6  34.4 2.34E-04 000.8 311.7  80.6 0.160264 0.266847 0.107157 hargrave 2020-08-19 17:58:20 
TT 350 292.8  34.2 292.8  34.2 2.31E-04 001.1 313.6  80.5 0.170052 0.425150 0.110675 hargrave 2020-08-20 11:56:08 
TT 400 292.3  34.6 292.3  34.6 2.24E-04 000.9 309.6  80.6 0.164982 0.296920 0.103607 hargrave 2020-08-20 20:35:32 
TT 425 291.9  34.5 291.9  34.5 2.20E-04 000.9 308.9  80.2 0.288053 0.194449 0.044983 hargrave 2020-08-22 17:09:09 
TT 450 291.4  34.4 291.4  34.4 2.15E-04 001.3 307.6  79.9 0.336133 0.360781 0.060875 hargrave 2020-08-23 13:46:42 
TT 475 291.2  34.5 291.2  34.5 2.11E-04 000.4 306.8  79.8 0.080880 0.135717 0.053116 hargrave 2020-08-24 10:32:52 
TT 500 291.3  34.2 291.3  34.2 2.07E-04 001.2 308.0  79.7 0.190908 0.368625 0.061341 hargrave 2020-08-24 18:19:32 
TT 520 291.2  34.4 291.2  34.4 2.03E-04 000.7 306.8  79.8 0.162934 0.185581 0.070845 hargrave 2020-08-25 16:19:02 
TT 540 291.6  34.4 291.6  34.4 1.97E-04 000.9 308.3  80.0 0.241324 0.152544 0.083697 hargrave 2020-08-26 13:18:15 
TT 550 291.6  34.7 291.6  34.7 1.93E-04 000.8 307.1  80.2 0.151650 0.214273 0.073410 hargrave 2020-08-26 20:39:14 
TT 555 292.5  34.5 292.5  34.5 1.86E-04 000.9 310.9  80.6 0.112915 0.251233 0.064130 hargrave 2020-08-27 15:30:08 
TT 560 292.7  34.4 292.7  34.4 1.74E-04 000.9 312.1  80.7 0.113394 0.242414 0.069931 hargrave 2020-08-28 12:18:21 
TT 563 292.4  35.2 292.4  35.2 1.52E-04 001.3 307.4  81.0 0.214132 0.283879 0.043840 hargrave 2020-08-29 13:03:19 
TT 566 291.9  35.1 291.9  35.1 1.02E-04 001.4 306.2  80.7 0.180197 0.164541 0.028696 hargrave 2020-08-30 10:29:00 
TT 570 292.3  35.7 292.3  35.7 5.26E-05 001.8 304.8  81.3 0.133560 0.092449 0.022061 hargrave 2020-08-31 12:05:27 
TT 575 293.0  34.0 293.0  34.0 2.86E-05 001.3 315.1  80.5 0.060316 0.030687 0.026936 hargrave 2020-09-01 09:19:58 
TT 580 293.0  33.5 293.0  33.5 2.53E-05 001.8 316.9  80.1 0.069455 0.036696 0.026168 hargrave 2020-09-02 09:21:08 
TT 590 292.0  34.0 292.0  34.0 2.20E-05 001.9 311.2  79.9 0.059494 0.040273 0.029936 hargrave 2020-09-02 15:49:55 
TT 610 293.6  33.7 293.6  33.7 1.21E-05 001.9 318.5  80.6 0.034959 0.019777 0.002546 hargrave 2020-09-03 11:09:44 
