AX19- 6b mag compass orientation (IGRF corrected)
      0  28.1  45.0   0.0   0.0   1.0
NRM    292.0  32.9 292.0  32.9 4.04E-04 001.4 336.6  77.0 0.656348 0.715573 0.144880 hargrave 2019-09-14 10:04:19 
NRM    292.3  32.9 292.3  32.9 4.04E-04 000.9 337.6  77.1 0.280874 0.589090 0.092585 hargrave 2020-08-18 12:31:54 
TT 150 292.1  33.2 292.1  33.2 4.04E-04 000.8 336.6  77.3 0.197396 0.530688 0.152640 hargrave 2020-08-18 17:40:44 
TT 250 293.1  32.9 293.1  32.9 4.00E-04 001.5 340.7  77.3 0.713275 0.761535 0.100196 hargrave 2020-08-19 13:30:56 
TT 300 292.6  33.3 292.6  33.3 3.94E-04 000.5 338.2  77.6 0.217689 0.246573 0.107145 hargrave 2020-08-19 18:06:30 
TT 350 292.4  33.5 292.4  33.5 3.90E-04 000.6 337.0  77.7 0.266348 0.259646 0.105326 hargrave 2020-08-20 12:04:17 
TT 400 292.6  33.3 292.6  33.3 3.72E-04 000.9 338.2  77.6 0.494966 0.338643 0.128582 hargrave 2020-08-20 20:43:44 
TT 425 291.0  33.6 291.0  33.6 3.59E-04 001.7 331.8  77.4 0.947447 0.450289 0.154008 hargrave 2020-08-22 17:18:08 
TT 450 290.0  33.8 290.0  33.8 3.52E-04 002.3 328.1  77.2 1.066251 0.879723 0.102033 hargrave 2020-08-23 13:55:46 
TT 475 291.0  33.5 291.0  33.5 3.44E-04 001.5 332.1  77.2 0.729258 0.553044 0.091799 hargrave 2020-08-24 10:41:53 
TT 500 291.6  33.2 291.6  33.2 3.37E-04 001.5 334.8  77.2 0.707552 0.501543 0.096853 hargrave 2020-08-24 18:28:37 
TT 520 291.3  33.5 291.3  33.5 3.31E-04 001.0 333.2  77.4 0.437390 0.393522 0.054575 hargrave 2020-08-25 16:28:01 
TT 540 291.9  33.6 291.9  33.6 3.23E-04 000.8 335.3  77.6 0.263646 0.354836 0.050336 hargrave 2020-08-26 13:27:20 
TT 550 292.4  33.6 292.4  33.6 3.14E-04 001.3 337.1  77.8 0.348002 0.596265 0.053660 hargrave 2020-08-26 20:47:25 
TT 555 292.4  33.5 292.4  33.5 3.05E-04 000.6 337.2  77.7 0.224306 0.259134 0.050686 hargrave 2020-08-27 15:38:18 
TT 560 293.2  33.3 293.2  33.3 2.78E-04 001.3 340.2  77.7 0.401542 0.466590 0.042480 hargrave 2020-08-28 12:26:37 
TT 563 293.0  33.7 293.0  33.7 2.34E-04 001.6 339.2  78.0 0.495818 0.405332 0.050523 hargrave 2020-08-29 13:11:33 
TT 566 291.0  34.1 291.0  34.1 1.21E-04 001.3 331.0  77.9 0.218767 0.147815 0.023927 hargrave 2020-08-30 10:39:11 
TT 570 291.6  33.9 291.6  33.9 7.16E-05 001.7 333.5  77.8 0.202522 0.079017 0.016716 hargrave 2020-08-31 12:14:34 
TT 575 290.3  33.7 290.3  33.7 5.31E-05 001.8 329.2  77.2 0.165056 0.033677 0.019006 hargrave 2020-09-01 09:29:03 
TT 580 289.4  33.6 289.4  33.6 4.89E-05 002.4 326.4  76.8 0.187251 0.085412 0.016075 hargrave 2020-09-02 09:30:12 
TT 590 288.3  33.8 288.3  33.8 4.37E-05 003.1 322.8  76.5 0.195020 0.134259 0.017232 hargrave 2020-09-02 15:57:32 
TT 610 290.3  32.3 290.3  32.3 2.50E-05 001.7 331.9  75.9 0.077056 0.023916 0.019833 hargrave 2020-09-03 11:18:47 
