AX19- 5b mag compass orientation (IGRF corrected)
      0  28.1  42.0   0.0   0.0   1.0
NRM    294.7  33.7 294.7  33.7 4.23E-04 000.7 348.5  75.4 0.395069 0.296802 0.113735 hargrave 2019-09-14 10:02:50 
NRM    295.1  33.5 295.1  33.5 4.23E-04 000.7 350.0  75.3 0.476957 0.244330 0.154423 hargrave 2020-08-18 12:30:22 
TT 150 294.7  33.7 294.7  33.7 4.24E-04 000.9 348.8  75.5 0.600063 0.304354 0.196794 hargrave 2020-08-18 17:39:13 
TT 250 294.9  33.9 294.9  33.9 4.19E-04 000.5 349.3  75.7 0.281920 0.240115 0.096913 hargrave 2020-08-19 13:29:26 
TT 300 295.2  34.2 295.2  34.2 4.13E-04 001.5 350.2  76.0 0.520207 0.949928 0.113106 hargrave 2020-08-19 18:05:01 
TT 350 295.8  34.1 295.8  34.1 4.09E-04 001.1 352.1  76.0 0.524767 0.562322 0.117655 hargrave 2020-08-20 12:02:47 
TT 400 295.7  34.2 295.7  34.2 3.92E-04 000.9 351.7  76.1 0.435386 0.442389 0.107176 hargrave 2020-08-20 20:42:14 
TT 425 294.5  34.3 294.5  34.3 3.79E-04 000.8 347.6  76.0 0.208787 0.484804 0.091752 hargrave 2020-08-22 17:16:38 
TT 450 294.2  34.3 294.2  34.3 3.71E-04 000.4 346.7  76.0 0.153272 0.171817 0.066563 hargrave 2020-08-23 13:54:17 
TT 475 294.2  34.1 294.2  34.1 3.65E-04 000.5 346.6  75.8 0.135521 0.289100 0.065231 hargrave 2020-08-24 10:40:23 
TT 500 293.4  34.1 293.4  34.1 3.58E-04 000.8 344.1  75.7 0.146121 0.491275 0.066631 hargrave 2020-08-24 18:27:05 
TT 520 295.1  33.9 295.1  33.9 3.52E-04 000.5 349.8  75.7 0.183805 0.259382 0.085721 hargrave 2020-08-25 16:26:31 
TT 540 294.8  34.3 294.8  34.3 3.43E-04 001.1 348.6  76.1 0.501887 0.384205 0.138212 hargrave 2020-08-26 13:25:51 
TT 550 295.0  34.2 295.0  34.2 3.35E-04 001.0 349.3  76.0 0.356730 0.424229 0.144387 hargrave 2020-08-26 20:45:55 
TT 555 296.2  34.0 296.2  34.0 3.24E-04 000.8 353.3  76.0 0.346894 0.284331 0.124751 hargrave 2020-08-27 15:36:49 
TT 560 296.5  34.2 296.5  34.2 2.99E-04 001.6 354.5  76.2 0.268661 0.804180 0.104261 hargrave 2020-08-28 12:25:06 
TT 563 295.7  34.5 295.7  34.5 2.53E-04 000.7 351.5  76.3 0.153936 0.250242 0.069467 hargrave 2020-08-29 13:10:02 
TT 566 294.3  34.8 294.3  34.8 1.43E-04 000.4 346.7  76.5 0.082733 0.074653 0.024182 hargrave 2020-08-30 10:37:57 
TT 570 294.2  34.4 294.2  34.4 8.30E-05 001.1 346.6  76.1 0.059761 0.141414 0.018501 hargrave 2020-08-31 12:13:03 
TT 575 292.7  34.3 292.7  34.3 6.07E-05 001.3 341.6  75.7 0.057687 0.125676 0.017249 hargrave 2020-09-01 09:27:32 
TT 580 291.7  34.0 291.7  34.0 5.67E-05 001.6 338.9  75.2 0.086493 0.130717 0.016623 hargrave 2020-09-02 09:28:41 
TT 590 292.3  34.2 292.3  34.2 5.11E-05 000.8 340.4  75.5 0.065077 0.039773 0.014432 hargrave 2020-09-02 15:56:15 
TT 610 292.1  33.4 292.1  33.4 3.28E-05 001.4 340.6  74.7 0.044172 0.069689 0.012975 hargrave 2020-09-03 11:17:17 
