AX19- 3b mag compass orientation (IGRF corrected)
      0  30.1  48.0   0.0   0.0   1.0
NRM    288.0  40.4 288.0  40.4 2.38E-04 001.0 275.8  80.8 0.280685 0.302039 0.072541 hargrave 2019-09-14 09:57:32 
NRM    288.4  40.3 288.4  40.3 2.38E-04 000.8 277.4  81.1 0.149259 0.269326 0.087884 hargrave 2020-08-18 12:25:11 
TT 150 288.4  40.4 288.4  40.4 2.38E-04 000.8 276.5  81.0 0.175870 0.277674 0.126543 hargrave 2020-08-18 17:34:02 
TT 250 288.6  40.4 288.6  40.4 2.34E-04 000.7 276.9  81.2 0.136623 0.259440 0.079921 hargrave 2020-08-19 13:24:15 
TT 300 288.5  40.3 288.5  40.3 2.29E-04 000.7 277.3  81.1 0.124307 0.231993 0.103717 hargrave 2020-08-19 17:59:51 
TT 350 288.5  40.3 288.5  40.3 2.26E-04 000.9 277.2  81.1 0.212887 0.249275 0.103213 hargrave 2020-08-20 11:57:39 
TT 400 288.4  40.5 288.4  40.5 2.18E-04 000.8 275.7  81.1 0.197101 0.208899 0.087720 hargrave 2020-08-20 20:37:03 
TT 425 287.7  40.3 287.7  40.3 2.11E-04 000.8 276.2  80.5 0.247747 0.172712 0.047936 hargrave 2020-08-22 17:10:40 
TT 450 287.4  40.1 287.4  40.1 2.06E-04 001.2 276.9  80.3 0.390736 0.180937 0.047695 hargrave 2020-08-23 13:48:13 
TT 475 287.3  40.4 287.3  40.4 2.02E-04 000.6 275.3  80.3 0.099368 0.182781 0.053001 hargrave 2020-08-24 10:34:23 
TT 500 287.5  40.1 287.5  40.1 1.96E-04 000.9 276.9  80.3 0.196193 0.207469 0.070098 hargrave 2020-08-24 18:21:03 
TT 520 287.9  40.0 287.9  40.0 1.90E-04 000.7 278.3  80.5 0.097520 0.197170 0.068329 hargrave 2020-08-25 16:20:33 
TT 540 288.5  39.9 288.5  39.9 1.81E-04 000.7 279.5  81.0 0.092446 0.198110 0.075100 hargrave 2020-08-26 13:19:46 
TT 550 288.7  40.4 288.7  40.4 1.75E-04 000.6 276.9  81.3 0.120496 0.148206 0.065357 hargrave 2020-08-26 20:40:44 
TT 555 289.1  39.8 289.1  39.8 1.67E-04 000.7 281.4  81.4 0.109106 0.165542 0.047925 hargrave 2020-08-27 15:31:39 
TT 560 289.3  40.0 289.3  40.0 1.53E-04 000.8 280.4  81.6 0.093867 0.180319 0.047152 hargrave 2020-08-28 12:19:53 
TT 563 289.0  40.3 289.0  40.3 1.28E-04 000.8 278.1  81.5 0.096836 0.134474 0.046999 hargrave 2020-08-29 13:04:51 
TT 566 287.8  41.3 287.8  41.3 7.57E-05 000.9 270.5  80.8 0.094850 0.059118 0.036652 hargrave 2020-08-30 10:30:32 
TT 570 288.7  42.1 288.7  42.1 4.13E-05 001.4 265.2  81.6 0.088340 0.043337 0.034318 hargrave 2020-08-31 12:07:00 
TT 575 288.4  41.5 288.4  41.5 2.64E-05 001.7 269.1  81.3 0.064293 0.042291 0.034217 hargrave 2020-09-01 09:21:30 
TT 580 287.8  41.3 287.8  41.3 2.40E-05 001.6 270.4  80.8 0.061213 0.022707 0.032519 hargrave 2020-09-02 09:22:41 
TT 590 286.8  41.1 286.8  41.1 2.07E-05 001.3 271.0  80.0 0.046056 0.012128 0.028451 hargrave 2020-09-02 15:51:09 
TT 610 289.2  39.8 289.2  39.8 1.08E-05 001.4 281.5  81.5 0.026231 0.005508 0.003162 hargrave 2020-09-03 11:11:17 
