AX19- 1b mag compass orientation (IGRF corrected)
      0  29.1  56.0   0.0   0.0   1.0
NRM    291.0  34.9 291.0  34.9 3.15E-04 001.1 260.0  83.3 0.445740 0.391768 0.066920 hargrave 2019-09-14 09:54:07 
NRM    291.8  35.5 291.8  35.5 3.15E-04 001.5 253.7  83.8 0.594725 0.603182 0.100428 hargrave 2020-08-18 12:22:11 
TT 150 291.8  35.7 291.8  35.7 3.15E-04 001.9 252.3  83.8 0.836199 0.623476 0.142676 hargrave 2020-08-18 17:31:02 
TT 250 291.8  35.7 291.8  35.7 3.11E-04 001.3 251.8  83.7 0.514095 0.510207 0.107165 hargrave 2020-08-19 13:21:15 
TT 300 291.7  35.6 291.7  35.6 3.07E-04 001.6 253.1  83.7 0.668655 0.488937 0.121082 hargrave 2020-08-19 17:56:52 
TT 350 291.9  35.9 291.9  35.9 3.02E-04 001.4 250.2  83.8 0.546478 0.468335 0.113068 hargrave 2020-08-20 11:54:40 
TT 400 292.0  35.8 292.0  35.8 2.93E-04 001.7 251.2  83.9 0.705617 0.515298 0.108207 hargrave 2020-08-20 20:34:04 
TT 425 291.4  35.5 291.4  35.5 2.86E-04 001.1 254.4  83.5 0.124592 0.523593 0.058607 hargrave 2020-08-22 17:07:41 
TT 450 291.1  35.3 291.1  35.3 2.79E-04 001.3 256.7  83.3 0.429381 0.493946 0.065951 hargrave 2020-08-23 13:45:14 
TT 475 291.0  35.0 291.0  35.0 2.73E-04 000.9 259.3  83.2 0.232450 0.342013 0.063986 hargrave 2020-08-24 10:31:23 
TT 500 291.2  35.3 291.2  35.3 2.63E-04 001.3 256.6  83.3 0.467201 0.360595 0.069609 hargrave 2020-08-24 18:18:03 
TT 520 291.3  35.0 291.3  35.0 2.52E-04 001.1 259.1  83.5 0.380810 0.306426 0.060332 hargrave 2020-08-25 16:17:34 
TT 540 291.9  34.5 291.9  34.5 2.38E-04 001.5 263.1  84.0 0.552940 0.325212 0.066819 hargrave 2020-08-26 13:16:46 
TT 550 292.4  35.0 292.4  35.0 2.29E-04 001.7 257.9  84.4 0.560145 0.348909 0.056251 hargrave 2020-08-26 20:37:46 
TT 555 292.8  34.7 292.8  34.7 2.19E-04 001.6 260.4  84.7 0.478244 0.356680 0.051737 hargrave 2020-08-27 15:28:40 
TT 560 292.8  35.1 292.8  35.1 2.03E-04 001.4 256.7  84.7 0.373653 0.329066 0.051857 hargrave 2020-08-28 12:16:52 
TT 563 292.6  35.1 292.6  35.1 1.76E-04 001.2 256.8  84.6 0.281621 0.255997 0.046156 hargrave 2020-08-29 13:01:51 
TT 566 292.0  35.5 292.0  35.5 1.24E-04 000.9 253.6  84.0 0.090146 0.168460 0.041804 hargrave 2020-08-30 10:27:31 
TT 570 292.3  36.4 292.3  36.4 6.61E-05 000.9 245.0  83.9 0.029087 0.101647 0.026672 hargrave 2020-08-31 12:03:58 
TT 575 290.8  36.0 290.8  36.0 3.02E-05 001.1 251.3  82.9 0.016403 0.057579 0.004256 hargrave 2020-09-01 09:18:29 
TT 580 291.3  35.6 291.3  35.6 2.57E-05 001.3 254.0  83.4 0.017036 0.053608 0.013406 hargrave 2020-09-02 09:19:39 
TT 590 289.9  35.4 289.9  35.4 2.22E-05 001.0 257.2  82.3 0.013777 0.034506 0.012574 hargrave 2020-09-02 15:48:39 
TT 610 291.4  35.7 291.4  35.7 1.21E-05 000.8 253.1  83.4 0.007300 0.015434 0.005132 hargrave 2020-09-03 11:08:16 
