AX19- 7b mag compass orientation (IGRF corrected)
      0  28.1  42.0   0.0   0.0   1.0
NRM    293.8  34.0 293.8  34.0 4.33E-04 002.2 345.5  75.6 1.578405 0.494806 0.324093 hargrave 2019-09-14 10:05:48 
NRM    292.9  34.3 292.9  34.3 4.33E-04 001.4 342.2  75.7 0.958954 0.318699 0.239608 hargrave 2020-08-18 12:33:26 
TT 150 293.4  34.4 293.4  34.4 4.34E-04 001.8 343.9  76.0 1.246588 0.356469 0.307224 hargrave 2020-08-18 17:42:16 
TT 250 294.0  34.2 294.0  34.2 4.29E-04 001.2 345.9  75.9 0.774639 0.413504 0.169555 hargrave 2020-08-19 13:32:27 
TT 300 293.4  34.7 293.4  34.7 4.23E-04 001.6 343.5  76.3 1.043572 0.515460 0.203404 hargrave 2020-08-19 18:08:02 
TT 350 293.9  34.6 293.9  34.6 4.18E-04 001.1 345.2  76.2 0.704339 0.398836 0.178831 hargrave 2020-08-20 12:05:48 
TT 400 293.3  34.8 293.3  34.8 3.99E-04 001.1 343.2  76.3 0.727863 0.234789 0.164200 hargrave 2020-08-20 20:45:15 
TT 425 292.6  34.8 292.6  34.8 3.84E-04 000.5 340.7  76.2 0.193139 0.297637 0.085720 hargrave 2020-08-22 17:19:43 
TT 450 291.8  34.9 291.8  34.9 3.76E-04 000.6 337.9  76.1 0.339853 0.173369 0.097509 hargrave 2020-08-23 13:57:18 
TT 475 292.2  34.7 292.2  34.7 3.69E-04 000.6 339.5  76.0 0.331396 0.151414 0.125932 hargrave 2020-08-24 10:43:25 
TT 500 291.5  34.8 291.5  34.8 3.62E-04 000.8 337.2  75.9 0.453656 0.171363 0.139775 hargrave 2020-08-24 18:30:12 
TT 520 291.7  35.0 291.7  35.0 3.56E-04 001.1 337.5  76.1 0.612897 0.209597 0.176275 hargrave 2020-08-25 16:29:32 
TT 540 292.0  34.8 292.0  34.8 3.48E-04 000.9 338.8  76.0 0.493246 0.227647 0.174659 hargrave 2020-08-26 13:28:52 
TT 550 292.9  34.9 292.9  34.9 3.37E-04 001.8 341.7  76.4 0.990137 0.245017 0.246811 hargrave 2020-08-26 20:48:56 
TT 555 292.4  35.1 292.4  35.1 3.29E-04 001.3 339.6  76.4 0.714938 0.169618 0.206453 hargrave 2020-08-27 15:39:50 
TT 560 292.8  35.1 292.8  35.1 2.87E-04 001.1 341.0  76.5 0.486467 0.190901 0.150429 hargrave 2020-08-28 12:28:09 
TT 563 293.0  35.3 293.0  35.3 2.31E-04 000.8 341.5  76.8 0.249956 0.173730 0.106328 hargrave 2020-08-29 13:13:05 
TT 566 292.5  34.8 292.5  34.8 1.03E-04 001.7 340.4  76.1 0.214280 0.222749 0.047095 hargrave 2020-08-30 10:40:27 
TT 570 291.7  35.3 291.7  35.3 7.55E-05 000.8 337.2  76.4 0.072894 0.078496 0.046300 hargrave 2020-08-31 12:16:06 
TT 575 291.5  34.3 291.5  34.3 6.31E-05 001.0 337.9  75.4 0.046442 0.102366 0.020678 hargrave 2020-09-01 09:30:36 
TT 580 290.7  34.4 290.7  34.4 5.94E-05 001.2 335.1  75.3 0.032240 0.123007 0.023178 hargrave 2020-09-02 09:31:44 
TT 590 290.2  34.4 290.2  34.4 5.39E-05 001.0 333.8  75.2 0.043023 0.087423 0.018267 hargrave 2020-09-02 15:58:51 
TT 610 292.0  33.6 292.0  33.6 3.28E-05 000.9 340.1  74.9 0.019249 0.048396 0.018177 hargrave 2020-09-03 11:20:21 
