AX19- 8b mag compass orientation (IGRF corrected)
      0  25.1  43.0   0.0   0.0   1.0
NRM    295.1  37.1 295.1  37.1 4.09E-04 000.7 000.2  80.1 0.378799 0.281720 0.128674 hargrave 2019-09-14 10:07:21 
NRM    295.3  37.2 295.3  37.2 4.09E-04 000.6 000.8  80.2 0.244777 0.326606 0.077204 hargrave 2020-08-18 12:35:03 
TT 150 295.3  37.3 295.3  37.3 4.09E-04 001.0 001.1  80.3 0.225354 0.702482 0.140590 hargrave 2020-08-18 17:43:53 
TT 250 295.5  37.5 295.5  37.5 4.02E-04 000.5 001.8  80.5 0.297391 0.211787 0.068448 hargrave 2020-08-19 13:34:04 
TT 300 295.7  37.7 295.7  37.7 3.96E-04 000.7 003.1  80.6 0.201019 0.432010 0.090827 hargrave 2020-08-19 18:09:39 
TT 350 296.6  37.5 296.6  37.5 3.90E-04 000.5 007.0  80.5 0.246471 0.249534 0.094498 hargrave 2020-08-20 12:07:24 
TT 400 295.9  37.6 295.9  37.6 3.67E-04 000.5 004.0  80.5 0.230532 0.194577 0.090240 hargrave 2020-08-20 20:46:51 
TT 425 294.5  37.6 294.5  37.6 3.54E-04 001.3 356.9  80.6 0.754447 0.268011 0.136644 hargrave 2020-08-22 17:21:19 
TT 450 294.1  37.4 294.1  37.4 3.46E-04 001.4 355.1  80.4 0.644519 0.535466 0.101699 hargrave 2020-08-23 13:58:56 
TT 475 294.7  37.4 294.7  37.4 3.38E-04 001.0 358.1  80.4 0.536552 0.221315 0.082965 hargrave 2020-08-24 10:45:02 
TT 500 294.7  37.4 294.7  37.4 3.31E-04 000.7 358.1  80.4 0.357655 0.201939 0.055017 hargrave 2020-08-24 18:31:49 
TT 520 295.1  37.4 295.1  37.4 3.25E-04 000.5 000.1  80.4 0.256420 0.142689 0.052174 hargrave 2020-08-25 16:31:09 
TT 540 295.1  37.4 295.1  37.4 3.17E-04 000.4 000.2  80.4 0.167088 0.141379 0.046545 hargrave 2020-08-26 13:30:28 
TT 550 294.8  37.3 294.8  37.3 3.04E-04 000.5 358.5  80.3 0.135363 0.236719 0.047021 hargrave 2020-08-26 20:50:33 
TT 555 295.8  37.4 295.8  37.4 2.96E-04 000.9 003.3  80.4 0.172058 0.450799 0.053745 hargrave 2020-08-27 15:41:26 
TT 560 295.5  37.8 295.5  37.8 2.17E-04 000.5 002.1  80.8 0.165480 0.106145 0.038662 hargrave 2020-08-28 12:29:46 
TT 563 295.3  38.3 295.3  38.3 1.50E-04 000.8 001.0  81.3 0.183273 0.120900 0.026383 hargrave 2020-08-29 13:14:41 
TT 566 294.8  38.4 294.8  38.4 7.00E-05 001.2 358.3  81.4 0.128582 0.076661 0.011265 hargrave 2020-08-30 10:41:49 
TT 570 295.0  38.9 295.0  38.9 6.17E-05 001.8 359.7  81.9 0.168515 0.091700 0.015627 hargrave 2020-08-31 12:17:44 
TT 575 294.1  39.3 294.1  39.3 5.71E-05 001.7 354.0  82.2 0.164398 0.044360 0.012277 hargrave 2020-09-01 09:32:14 
TT 580 293.6  38.9 293.6  38.9 5.40E-05 002.1 352.0  81.9 0.197764 0.033479 0.013823 hargrave 2020-09-02 09:33:22 
TT 590 292.8  39.1 292.8  39.1 4.80E-05 001.7 347.0  81.9 0.136336 0.038095 0.012533 hargrave 2020-09-02 16:00:13 
TT 610 293.6  38.6 293.6  38.6 2.36E-05 001.7 352.2  81.5 0.073440 0.017272 0.022030 hargrave 2020-09-03 11:21:57 
