AX2- 9b mag compass orientation (IGRF corrected)
      0 317.2  35.0   0.0   0.0   1.0
NRM    293.6  53.1 293.6  53.1 1.13E-03 001.5 115.5  52.5 0.936097 2.535564 1.333728 hargrave 2019-09-13 17:28:19 
TT 100 291.0  50.6 291.0  50.6 1.01E-03 001.5 110.6  52.5 2.172989 1.105789 1.131302 hargrave 2019-09-20 12:50:03 
TT 150 288.0  47.0 288.0  47.0 8.72E-04 001.2 103.8  52.2 1.195977 0.989696 0.968346 hargrave 2019-09-20 19:39:18 
TT 200 286.1  44.7 286.1  44.7 7.96E-04 001.3 099.5  51.9 1.226584 1.192776 0.709687 hargrave 2019-09-21 15:29:57 
TT 250 285.7  43.3 285.7  43.3 7.49E-04 001.5 097.5  51.3 1.703937 0.750069 0.701207 hargrave 2019-09-22 13:07:51 
TT 300 282.0  39.9 282.0  39.9 7.07E-04 001.9 090.4  51.2 2.109365 0.763034 0.557468 hargrave 2019-09-22 19:02:41 
TT 350 279.5  38.3 279.5  38.3 6.35E-04 001.4 086.5  51.6 0.959242 1.224957 0.569466 hargrave 2019-09-27 18:45:59 
TT 400 279.4  37.0 279.4  37.0 4.90E-04 001.0 085.0  50.7 0.523869 0.638002 0.476355 hargrave 2019-09-28 15:05:36 
TT 450 278.8  37.3 278.8  37.3 4.05E-04 001.7 084.8  51.3 1.099918 0.424881 0.339305 hargrave 2019-09-29 12:30:11 
TT 475 277.5  34.7 277.5  34.7 3.51E-04 001.0 080.7  50.2 0.229529 0.407462 0.360345 hargrave 2019-09-29 18:13:09 
TT 500 277.0  33.2 277.0  33.2 3.17E-04 002.0 078.7  49.3 1.050046 0.327712 0.162116 hargrave 2019-10-04 16:10:29 
TT 520 277.2  34.6 277.2  34.6 2.80E-04 001.6 080.3  50.2 0.734375 0.255090 0.145622 hargrave 2019-10-05 18:34:20 
TT 540 279.5  34.0 279.5  34.0 2.35E-04 001.0 081.9  48.5 0.362368 0.130939 0.123461 hargrave 2019-10-06 15:40:41 
TT 545 278.9  37.2 278.9  37.2 2.07E-04 002.6 084.7  51.1 0.880410 0.263648 0.115203 hargrave 2019-10-14 11:59:40 
TT 550 276.2  38.4 276.2  38.4 1.73E-04 001.2 083.8  53.5 0.312252 0.160368 0.122232 hargrave 2019-10-14 18:22:19 
TT 555 276.9  38.1 276.9  38.1 1.52E-04 000.9 084.0  52.9 0.149736 0.171876 0.110424 hargrave 2019-10-19 16:55:03 
TT 560 281.5  41.3 281.5  41.3 1.41E-04 001.5 091.9  52.4 0.286236 0.209601 0.134343 hargrave 2019-10-20 14:16:57 
TT 565 281.5  40.7 281.5  40.7 1.17E-04 002.2 091.1  52.0 0.418633 0.105430 0.095056 hargrave 2019-10-21 09:00:04 
TT 568 279.4  37.6 279.4  37.6 1.15E-04 001.7 085.7  51.2 0.280275 0.190895 0.099036 hargrave 2019-10-21 15:46:18 
TT 570 275.0  40.3 275.0  40.3 1.07E-04 001.0 085.1  55.4 0.111708 0.134638 0.077950 hargrave 2019-10-25 12:08:57 
TT 572 275.5  33.6 275.5  33.6 9.64E-05 000.9 077.6  50.4 0.113073 0.090759 0.082836 hargrave 2019-10-25 19:00:36 
TT 575 276.6  33.1 276.6  33.1 8.60E-05 001.0 078.2  49.5 0.118860 0.070474 0.054536 hargrave 2019-11-01 11:50:07 
TT 577 278.8  38.5 278.8  38.5 8.81E-05 001.1 086.2  52.0 0.134284 0.087514 0.051554 hargrave 2019-11-01 17:43:26 
TT 579 275.1  38.4 275.1  38.4 8.71E-05 001.0 082.7  54.1 0.088765 0.114432 0.045904 hargrave 2019-11-02 15:50:36 
TT 581 277.2  40.7 277.2  40.7 8.04E-05 001.8 087.6  54.5 0.208486 0.124335 0.072717 hargrave 2019-11-03 14:07:08 
TT 585 272.6  38.9 272.6  38.9 8.33E-05 002.4 081.1  55.9 0.334918 0.042562 0.066712 hargrave 2019-11-04 08:47:50 
TT 600 281.4  38.4 281.4  38.4 7.89E-05 001.6 088.3  50.5 0.193720 0.105721 0.060682 hargrave 2019-11-15 12:05:57 
TT 615 273.2  44.3 273.2  44.3 5.07E-05 002.0 089.3  59.0 0.147099 0.104079 0.011266 hargrave 2019-11-15 18:27:44 
TT 630 276.7  49.2 276.7  49.2 4.44E-05 001.2 099.8  59.7 0.055325 0.072884 0.018300 hargrave 2019-11-16 13:45:20 
TT 645 288.3  26.6 288.3  26.6 3.28E-05 002.0 083.0  37.9 0.098436 0.070812 0.024010 hargrave 2019-11-23 13:44:28 
TT 660 291.2  21.7 291.2  21.7 9.29E-06 002.1 081.7  32.4 0.031651 0.014874 0.006806 hargrave 2019-11-24 10:19:52 
TT 675 320.7  29.4 320.7  29.4 3.53E-06 002.0 110.5  21.8 0.012603 0.005822 0.002967 hargrave 2019-12-01 17:04:51 
