AX2- 8b mag compass orientation (IGRF corrected)
      0 302.2  35.0   0.0   0.0   1.0
NRM    302.5  52.8 302.5  52.8 4.08E-04 003.8 127.3  40.6 1.547681 2.086478 0.692019 hargrave 2019-09-13 17:26:43 
TT 100 298.6  48.8 298.6  48.8 3.74E-04 001.5 121.2  39.8 0.460048 0.732996 0.479181 hargrave 2019-09-20 12:48:44 
TT 150 295.0  43.3 295.0  43.3 3.07E-04 001.5 113.8  37.9 0.511891 0.509215 0.413674 hargrave 2019-09-20 19:38:00 
TT 200 293.1  40.1 293.1  40.1 2.78E-04 002.5 109.7  36.7 1.017045 0.608365 0.353537 hargrave 2019-09-21 15:28:39 
TT 250 293.3  37.9 293.3  37.9 2.63E-04 002.4 108.0  35.0 0.926783 0.510522 0.355656 hargrave 2019-09-22 13:06:32 
TT 300 288.1  31.4 288.1  31.4 2.44E-04 001.2 098.8  33.1 0.308814 0.256247 0.333047 hargrave 2019-09-22 19:01:23 
TT 350 287.4  29.6 287.4  29.6 2.08E-04 002.7 096.9  32.1 0.938365 0.278606 0.279503 hargrave 2019-09-27 18:44:46 
TT 400 287.9  27.7 287.9  27.7 1.40E-04 002.7 095.8  30.4 0.581927 0.291508 0.150771 hargrave 2019-09-28 15:03:42 
TT 450 287.1  26.1 287.1  26.1 1.05E-04 001.6 094.0  29.7 0.202644 0.197699 0.144057 hargrave 2019-09-29 12:28:58 
TT 475 286.0  24.6 286.0  24.6 8.44E-05 001.6 092.1  29.1 0.209481 0.080497 0.099078 hargrave 2019-09-29 18:11:14 
TT 500 284.1  22.6 284.1  22.6 6.70E-05 000.9 089.1  28.6 0.078794 0.060333 0.060024 hargrave 2019-10-04 16:08:08 
TT 520 285.9  22.4 285.9  22.4 5.00E-05 003.4 090.4  27.4 0.294601 0.038582 0.033381 hargrave 2019-10-05 18:32:49 
TT 540 284.2  13.8 284.2  13.8 3.59E-05 001.7 083.3  21.5 0.106395 0.039525 0.022202 hargrave 2019-10-06 15:38:20 
TT 545 282.8  15.1 282.8  15.1 2.65E-05 002.8 082.9  23.4 0.130940 0.044178 0.020281 hargrave 2019-10-14 11:58:08 
TT 550 281.6  07.1 281.6  07.1 1.86E-05 003.0 076.9  17.6 0.094217 0.053604 0.017894 hargrave 2019-10-14 18:20:44 
TT 555 285.6  00.9 285.6  00.9 1.47E-05 004.9 076.8  10.2 0.125624 0.034821 0.022191 hargrave 2019-10-19 16:53:32 
TT 560 294.4 -10.4 294.4 -10.4 1.07E-05 005.2 077.7 -04.0 0.098761 0.029219 0.012339 hargrave 2019-10-20 14:15:25 
TT 565 280.6 -20.3 280.6 -20.3 8.21E-06 005.1 061.1 -05.0 0.068484 0.037061 0.005934 hargrave 2019-10-21 08:58:33 
TT 568 263.6  01.7 263.6  01.7 6.91E-06 003.8 057.7  22.5 0.050504 0.024811 0.004907 hargrave 2019-10-21 15:44:46 
TT 570 224.8  05.7 224.8  05.7 4.75E-06 005.2 016.3  39.7 0.034244 0.034764 0.011080 hargrave 2019-10-25 12:07:25 
TT 572 244.4 -04.2 244.4 -04.2 7.24E-06 003.8 035.9  25.1 0.026941 0.037856 0.028568 hargrave 2019-10-25 18:59:06 
TT 575 310.3 -19.2 310.3 -19.2 6.07E-06 005.8 085.1 -20.2 0.058825 0.026673 0.013652 hargrave 2019-11-01 11:48:36 
TT 577 339.5 -06.1 339.5 -06.1 2.06E-06 003.6 118.7 -25.7 0.010309 0.007356 0.008474 hargrave 2019-11-01 17:41:57 
TT 579 207.8  27.0 207.8  27.0 4.80E-06 004.3 351.7  61.8 0.032787 0.023262 0.013152 hargrave 2019-11-02 15:49:07 
TT 581 044.9 -01.2 044.9 -01.2 9.54E-07 013.2 195.6 -35.2 0.013592 0.019243 0.012617 hargrave 2019-11-03 14:05:38 
TT 581 055.9 -12.9 055.9 -12.9 9.43E-07 010.9 213.0 -44.0 0.013118 0.017248 0.005760 hargrave 2019-11-03 15:31:14 
TT 585 228.9  25.8 228.9  25.8 1.91E-06 008.2 029.5  58.3 0.026678 0.010528 0.004471 hargrave 2019-11-04 08:46:35 
TT 585 224.9  19.1 224.9  19.1 2.13E-06 003.4 020.2  52.8 0.008075 0.010767 0.005575 hargrave 2019-11-04 09:45:23 
TT 600 298.9  15.3 298.9  15.3 2.09E-05 003.4 096.3  14.3 0.120893 0.065991 0.014234 hargrave 2019-11-15 12:04:28 
TT 615 283.5  50.4 283.5  50.4 1.53E-05 003.3 114.5  48.4 0.072431 0.060712 0.029816 hargrave 2019-11-15 18:26:16 
TT 630 288.1  40.3 288.1  40.3 2.22E-05 003.4 106.5  39.6 0.118237 0.067871 0.008793 hargrave 2019-11-16 13:43:50 
TT 645 275.6  28.5 275.6  28.5 1.95E-05 002.2 086.4  38.1 0.073342 0.034662 0.017882 hargrave 2019-11-23 13:42:58 
TT 660 275.5  35.6 275.5  35.6 7.79E-06 003.2 092.7  43.3 0.040380 0.023225 0.005158 hargrave 2019-11-24 10:18:22 
TT 675 273.0  09.1 273.0  09.1 2.10E-06 003.0 070.6  23.9 0.006834 0.009452 0.004848 hargrave 2019-12-01 17:03:20 
