AX2- 4b mag compass orientation (IGRF corrected)
      0   8.2 105.0   0.0   0.0   1.0
NRM    227.9 -10.4 227.9 -10.4 3.42E-03 002.3 270.9  40.8 13.65483 1.973868 2.164129 hargrave 2019-09-13 17:19:24 
TT 100 233.4 -04.2 233.4 -04.2 2.81E-03 000.6 260.9  44.7 2.267293 1.174411 1.447053 hargrave 2019-09-20 12:43:36 
TT 150 240.4  03.1 240.4  03.1 2.28E-03 001.8 247.2  48.4 6.616056 2.300880 1.489957 hargrave 2019-09-20 19:32:14 
TT 200 247.3  10.3 247.3  10.3 1.93E-03 000.7 232.3  50.3 1.795391 1.518298 1.033304 hargrave 2019-09-21 15:23:33 
TT 250 256.2  18.4 256.2  18.4 1.73E-03 001.1 213.7  50.2 1.012058 2.936124 1.424145 hargrave 2019-09-22 13:01:16 
TT 300 264.7  24.3 264.7  24.3 1.63E-03 000.9 198.7  48.6 1.079152 1.984357 1.467916 hargrave 2019-09-22 18:56:10 
TT 350 263.3  25.6 263.3  25.6 1.55E-03 002.4 199.8  46.9 2.286197 6.246664 0.447124 hargrave 2019-09-27 18:39:58 
TT 400 271.7  28.3 271.7  28.3 1.46E-03 001.8 188.2  46.3 1.132854 4.274203 0.959775 hargrave 2019-09-28 14:53:57 
TT 450 267.7  28.5 267.7  28.5 1.34E-03 001.1 193.2  45.3 1.642226 0.647877 1.773033 hargrave 2019-09-29 12:24:15 
TT 475 272.1  29.3 272.1  29.3 1.22E-03 001.1 187.6  45.3 1.273171 1.383607 1.333205 hargrave 2019-09-29 18:06:27 
TT 500 271.5  29.2 271.5  29.2 1.11E-03 001.4 188.3  45.3 1.198166 2.315612 1.038885 hargrave 2019-10-04 16:02:10 
TT 520 272.6  29.1 272.6  29.1 9.84E-04 002.0 187.0  45.6 1.671794 2.933331 0.856684 hargrave 2019-10-05 18:26:51 
TT 540 271.9  29.5 271.9  29.5 7.99E-04 002.1 187.8  45.1 1.391577 2.504901 0.645362 hargrave 2019-10-06 15:32:23 
TT 545 274.1  30.5 274.1  30.5 6.94E-04 000.8 185.0  44.3 0.728045 0.476012 0.510010 hargrave 2019-10-14 11:52:09 
TT 550 277.2  30.9 277.2  30.9 5.92E-04 000.8 181.1  44.1 0.298238 0.693211 0.327482 hargrave 2019-10-14 18:14:46 
TT 555 277.1  30.1 277.1  30.1 4.89E-04 001.0 181.3  44.8 0.279972 0.769181 0.250354 hargrave 2019-10-19 16:47:37 
TT 560 274.1  30.9 274.1  30.9 4.00E-04 000.7 184.8  43.9 0.239840 0.196428 0.414787 hargrave 2019-10-20 14:09:23 
TT 565 277.0  31.2 277.0  31.2 3.02E-04 001.2 181.5  43.8 0.341329 0.231057 0.504714 hargrave 2019-10-21 08:52:33 
TT 568 279.8  31.2 279.8  31.2 2.27E-04 001.5 178.1  43.8 0.340686 0.135625 0.473686 hargrave 2019-10-21 15:38:47 
TT 570 275.0  32.0 275.0  32.0 1.93E-04 000.8 183.7  42.9 0.074522 0.224782 0.148115 hargrave 2019-10-25 12:01:22 
TT 572 278.1  30.3 278.1  30.3 1.55E-04 000.6 180.1  44.7 0.151339 0.083560 0.076148 hargrave 2019-10-25 18:53:09 
TT 575 282.9  32.8 282.9  32.8 1.33E-04 000.9 174.7  42.0 0.082854 0.066471 0.202646 hargrave 2019-11-01 11:42:37 
TT 577 283.4  33.8 283.4  33.8 1.19E-04 001.2 174.3  40.9 0.107363 0.075414 0.261366 hargrave 2019-11-01 17:36:15 
TT 579 275.8  32.2 275.8  32.2 1.20E-04 001.5 182.7  42.8 0.145092 0.081227 0.282847 hargrave 2019-11-02 15:43:30 
TT 581 285.3  28.8 285.3  28.8 1.04E-04 001.5 171.0  45.7 0.123265 0.108354 0.238439 hargrave 2019-11-03 13:58:20 
TT 585 276.5  29.7 276.5  29.7 9.26E-05 001.1 182.1  45.3 0.078577 0.112166 0.179359 hargrave 2019-11-04 08:41:51 
TT 600 266.5  30.9 266.5  30.9 6.90E-05 001.7 193.7  42.7 0.098347 0.054393 0.178431 hargrave 2019-11-15 11:58:51 
TT 615 266.6  40.0 266.6  40.0 3.90E-05 004.6 190.7  33.9 0.043954 0.283175 0.137429 hargrave 2019-11-15 18:20:37 
TT 630 255.2  30.8 255.2  30.8 3.11E-05 003.3 205.7  39.1 0.088245 0.151172 0.071810 hargrave 2019-11-16 13:38:09 
TT 645 312.5  22.5 312.5  22.5 1.92E-05 001.2 137.4  39.7 0.044612 0.051773 0.056640 hargrave 2019-11-23 13:37:07 
TT 660 332.3 -08.4 332.3 -08.4 1.41E-05 002.6 090.7  36.8 0.027995 0.024080 0.064827 hargrave 2019-11-24 10:12:41 
TT 675 353.7  33.9 353.7  33.9 6.69E-06 002.1 126.4  03.2 0.015856 0.025800 0.021775 hargrave 2019-12-01 16:57:38 
