AX2- 6b mag compass orientation (IGRF corrected)
      0  22.2  91.0   0.0   0.0   1.0
NRM    280.6  38.1 280.6  38.1 1.45E-04 002.0 194.0  49.5 0.209490 0.461503 0.070071 hargrave 2019-09-13 17:22:29 
TT 100 277.7  36.6 277.7  36.6 1.43E-04 001.1 198.3  50.0 0.144599 0.243889 0.049609 hargrave 2019-09-20 12:46:06 
TT 150 278.5  36.8 278.5  36.8 1.39E-04 003.3 197.2  50.2 0.253096 0.770519 0.056681 hargrave 2019-09-20 19:35:22 
TT 200 278.4  36.6 278.4  36.6 1.36E-04 003.5 197.4  50.3 0.237527 0.808444 0.042394 hargrave 2019-09-21 15:26:02 
TT 250 278.5  36.5 278.5  36.5 1.32E-04 005.7 197.4  50.4 0.381597 1.256443 0.054438 hargrave 2019-09-22 13:03:50 
TT 300 280.0  36.8 280.0  36.8 1.28E-04 001.1 195.5  50.5 0.132283 0.205160 0.060101 hargrave 2019-09-22 18:58:43 
TT 350 279.3  36.7 279.3  36.7 1.21E-04 002.5 196.3  50.4 0.282574 0.450915 0.121065 hargrave 2019-09-27 18:42:22 
TT 400 281.8  37.3 281.8  37.3 1.11E-04 002.5 193.1  50.5 0.118816 0.460435 0.101439 hargrave 2019-09-28 15:00:01 
TT 450 280.4  36.0 280.4  36.0 9.91E-05 002.7 195.5  51.4 0.083049 0.447485 0.086511 hargrave 2019-09-29 12:26:36 
TT 475 282.0  36.7 282.0  36.7 8.56E-05 001.0 193.1  51.1 0.052665 0.135501 0.042391 hargrave 2019-09-29 18:08:51 
TT 500 280.7  35.9 280.7  35.9 7.01E-05 002.0 195.0  51.5 0.157781 0.180306 0.079743 hargrave 2019-10-04 16:05:08 
TT 520 280.1  34.9 280.1  34.9 5.41E-05 002.2 196.4  52.3 0.139476 0.158359 0.037226 hargrave 2019-10-05 18:29:49 
TT 540 281.9  35.0 281.9  35.0 3.87E-05 002.5 194.1  52.8 0.103901 0.135933 0.027825 hargrave 2019-10-06 15:35:21 
TT 545 282.0  35.8 282.0  35.8 3.01E-05 003.9 193.5  52.0 0.115871 0.174119 0.017217 hargrave 2019-10-14 11:55:08 
TT 550 282.2  34.7 282.2  34.7 2.36E-05 004.3 193.8  53.1 0.091345 0.159521 0.012738 hargrave 2019-10-14 18:17:44 
TT 555 285.2  34.4 285.2  34.4 1.90E-05 004.0 189.9  54.0 0.077104 0.114023 0.010782 hargrave 2019-10-19 16:50:34 
TT 560 284.9  33.1 284.9  33.1 1.61E-05 003.3 190.7  55.2 0.061598 0.074860 0.023823 hargrave 2019-10-20 14:12:25 
TT 565 283.0  31.3 283.0  31.3 1.25E-05 004.0 194.4  56.5 0.055114 0.070011 0.035082 hargrave 2019-10-21 08:55:33 
TT 568 287.0  37.1 287.0  37.1 1.13E-05 006.3 186.7  51.6 0.048179 0.114751 0.038926 hargrave 2019-10-21 15:41:46 
TT 570 286.8  38.5 286.8  38.5 1.04E-05 005.4 186.6  50.2 0.039253 0.092501 0.022636 hargrave 2019-10-25 12:04:23 
TT 572 286.5  36.7 286.5  36.7 9.49E-06 006.2 187.4  51.9 0.042659 0.093398 0.028452 hargrave 2019-10-25 18:56:07 
TT 575 291.2  35.8 291.2  35.8 9.13E-06 004.5 181.3  53.2 0.034840 0.062717 0.024864 hargrave 2019-11-01 11:45:36 
TT 577 290.5  39.4 290.5  39.4 8.66E-06 004.8 182.0  49.5 0.035624 0.062687 0.030794 hargrave 2019-11-01 17:39:04 
TT 579 290.6  38.4 290.6  38.4 8.71E-06 005.3 181.9  50.6 0.034102 0.070724 0.033607 hargrave 2019-11-02 15:46:16 
TT 581 285.4  37.8 285.4  37.8 8.94E-06 003.9 188.5  50.6 0.033931 0.046009 0.034002 hargrave 2019-11-03 14:01:10 
TT 585 288.4  41.6 288.4  41.6 8.43E-06 005.2 184.2  47.2 0.033243 0.065728 0.031933 hargrave 2019-11-04 08:44:12 
TT 600 280.7  41.5 280.7  41.5 8.42E-06 003.1 192.4  46.2 0.010533 0.035716 0.034075 hargrave 2019-11-15 12:01:39 
TT 615 285.7  37.0 285.7  37.0 7.07E-06 003.0 188.4  51.5 0.008541 0.034607 0.011115 hargrave 2019-11-15 18:23:25 
TT 630 275.0  40.2 275.0  40.2 5.47E-06 002.1 199.0  45.9 0.007061 0.016833 0.010032 hargrave 2019-11-16 13:40:58 
TT 645 300.9  42.7 300.9  42.7 4.13E-06 002.4 170.8  45.6 0.007069 0.016458 0.002498 hargrave 2019-11-23 13:39:59 
TT 660 344.3  62.5 344.3  62.5 1.52E-06 002.0 157.7  15.6 0.004016 0.006386 0.002038 hargrave 2019-11-24 10:15:30 
TT 675 147.0  67.4 147.0  67.4 6.84E-07 003.1 193.4 -19.3 0.001606 0.003242 0.002969 hargrave 2019-12-01 17:00:27 
