AX2- 2b mag compass orientation (IGRF corrected)
      0 318.2  64.0   0.0   0.0   1.0
NRM    246.1  49.2 246.1  49.2 7.11E-04 001.4 153.7  63.0 1.215243 1.248653 0.287852 hargrave 2019-09-13 17:14:11 
TT 100 247.1  48.8 247.1  48.8 6.67E-04 001.5 152.1  62.9 0.825879 1.547955 0.330755 hargrave 2019-09-20 12:39:18 
TT 150 251.2  50.7 251.2  50.7 6.12E-04 001.2 150.6  59.7 0.706899 1.036486 0.263971 hargrave 2019-09-20 19:27:59 
TT 200 256.3  48.2 256.3  48.2 5.56E-04 001.2 142.7  58.8 1.048245 0.397291 0.367510 hargrave 2019-09-21 15:19:19 
TT 250 261.0  46.9 261.0  46.9 4.92E-04 000.6 137.5  56.7 0.351913 0.194658 0.345002 hargrave 2019-09-22 12:56:57 
TT 300 267.8  41.9 267.8  41.9 4.41E-04 000.8 126.3  53.9 0.350741 0.443723 0.294495 hargrave 2019-09-22 18:51:52 
TT 350 270.2  43.9 270.2  43.9 3.96E-04 001.4 128.9  51.8 0.728705 0.584006 0.188888 hargrave 2019-09-27 18:35:01 
TT 400 270.6  44.8 270.6  44.8 3.54E-04 002.9 130.2  51.2 1.156232 1.402524 0.227212 hargrave 2019-09-28 14:35:03 
TT 450 277.0  40.6 277.0  40.6 3.16E-04 001.2 122.7  47.3 0.253026 0.504199 0.329802 hargrave 2019-09-29 12:19:20 
TT 475 279.1  36.0 279.1  36.0 2.90E-04 002.5 115.9  45.7 1.133174 0.507403 0.194353 hargrave 2019-09-29 18:01:20 
TT 500 281.2  36.7 281.2  36.7 2.65E-04 000.8 116.9  44.1 0.191552 0.299476 0.177939 hargrave 2019-10-04 15:56:07 
TT 520 282.0  35.9 282.0  35.9 2.41E-04 000.7 115.9  43.4 0.207931 0.176842 0.137531 hargrave 2019-10-05 18:21:39 
TT 540 285.7  37.0 285.7  37.0 2.02E-04 000.7 117.7  40.5 0.162746 0.168438 0.107299 hargrave 2019-10-06 15:27:10 
TT 545 285.7  34.3 285.7  34.3 1.86E-04 001.1 114.2  40.2 0.334841 0.107465 0.125781 hargrave 2019-10-14 11:46:56 
TT 550 287.9  33.6 287.9  33.6 1.69E-04 000.7 113.5  38.4 0.160838 0.140126 0.114879 hargrave 2019-10-14 18:09:32 
TT 555 286.2  32.8 286.2  32.8 1.39E-04 001.2 112.3  39.6 0.269796 0.117000 0.074733 hargrave 2019-10-19 16:42:24 
TT 560 288.9  36.2 288.9  36.2 1.09E-04 003.2 116.9  37.9 0.534220 0.315557 0.054681 hargrave 2019-10-20 14:04:10 
TT 565 288.7  31.9 288.7  31.9 5.77E-05 001.2 111.6  37.4 0.103015 0.096393 0.032277 hargrave 2019-10-21 08:47:21 
TT 568 288.0  28.4 288.0  28.4 4.28E-05 003.0 107.0  37.3 0.206517 0.095813 0.046651 hargrave 2019-10-21 15:33:26 
TT 570 283.8  31.7 283.8  31.7 2.97E-05 002.3 110.5  41.5 0.096713 0.084859 0.032065 hargrave 2019-10-25 11:56:05 
TT 572 288.7  37.0 288.7  37.0 2.53E-05 002.8 117.9  38.1 0.103312 0.086461 0.017365 hargrave 2019-10-25 18:49:47 
TT 575 294.9  32.8 294.9  32.8 2.27E-05 002.2 113.8  32.5 0.065615 0.084306 0.042474 hargrave 2019-11-01 11:39:15 
TT 577 293.7  33.1 293.7  33.1 2.06E-05 004.9 114.0  33.5 0.158889 0.092407 0.047981 hargrave 2019-11-01 17:33:19 
TT 579 293.6  39.9 293.6  39.9 2.17E-05 004.5 122.1  34.7 0.135898 0.113611 0.049775 hargrave 2019-11-02 15:40:35 
TT 581 282.0  29.3 282.0  29.3 1.86E-05 006.9 107.0  42.6 0.211560 0.087888 0.051722 hargrave 2019-11-03 13:55:23 
TT 585 274.7  41.2 274.7  41.2 1.53E-05 003.5 123.7  48.9 0.057262 0.059811 0.062345 hargrave 2019-11-04 08:39:27 
TT 600 295.6  28.8 295.6  28.8 1.26E-05 006.0 109.4  30.9 0.123174 0.051192 0.033712 hargrave 2019-11-15 11:55:56 
TT 615 276.1  49.8 276.1  49.8 5.17E-06 004.4 136.1  46.3 0.027229 0.018522 0.029205 hargrave 2019-11-15 18:17:44 
TT 630 236.9  40.6 236.9  40.6 2.66E-06 002.4 155.8  73.7 0.005050 0.006937 0.021813 hargrave 2019-11-16 13:35:11 
TT 645 221.8  11.3 221.8  11.3 1.40E-06 006.4 336.6  74.1 0.013537 0.009927 0.009323 hargrave 2019-11-23 13:34:08 
TT 660 002.6  28.9 002.6  28.9 2.81E-06 003.9 138.3 -19.8 0.006085 0.017361 0.008861 hargrave 2019-11-24 10:09:41 
TT 675 358.7  36.4 358.7  36.4 1.83E-06 003.1 141.2 -12.2 0.009506 0.009552 0.012009 hargrave 2019-12-01 16:54:41 
