AX2- 7b mag compass orientation (IGRF corrected)
      0 298.2  39.0   0.0   0.0   1.0
NRM    300.1  43.0 300.1  43.0 1.38E-03 001.2 121.5  30.9 1.770234 2.179215 0.964824 hargrave 2019-09-13 17:25:01 
TT 100 294.5  36.3 294.5  36.3 1.18E-03 001.2 112.5  29.5 2.143901 1.291513 0.635794 hargrave 2019-09-20 12:47:24 
TT 150 292.1  28.5 292.1  28.5 9.64E-04 002.5 104.7  25.4 3.989462 1.347313 0.768341 hargrave 2019-09-20 19:36:41 
TT 200 287.9  22.6 287.9  22.6 9.05E-04 003.3 097.1  23.7 5.094934 0.963925 0.565330 hargrave 2019-09-21 15:27:19 
TT 250 287.1  20.3 287.1  20.3 8.97E-04 001.7 094.9  22.5 2.482571 0.627372 0.848263 hargrave 2019-09-22 13:05:08 
TT 300 285.5  18.0 285.5  18.0 8.75E-04 001.7 091.9  21.8 2.473795 0.443375 0.754898 hargrave 2019-09-22 19:00:02 
TT 350 293.2  24.7 293.2  24.7 7.50E-04 011.2 102.5  22.0 14.44906 3.035166 1.318160 hargrave 2019-09-27 18:43:32 
TT 350 286.5  18.6 286.5  18.6 7.64E-04 002.6 093.2  21.7 3.412111 0.446256 0.265802 hargrave 2019-09-27 22:28:15 
TT 400 282.2  14.1 282.2  14.1 6.30E-04 000.9 086.7  21.0 0.335864 0.671015 0.722237 hargrave 2019-09-28 15:02:28 
TT 450 283.6  14.2 283.6  14.2 5.15E-04 001.5 087.8  20.2 1.184442 0.347411 0.559889 hargrave 2019-09-29 12:27:45 
TT 475 282.3  13.5 282.3  13.5 4.77E-04 001.3 086.3  20.4 1.019597 0.180271 0.318887 hargrave 2019-09-29 18:10:01 
TT 500 284.8  13.8 284.8  13.8 4.12E-04 003.7 088.5  19.1 2.609107 0.247635 0.321904 hargrave 2019-10-04 16:06:37 
TT 520 284.2  13.1 284.2  13.1 3.52E-04 000.7 087.5  19.0 0.265634 0.116179 0.300223 hargrave 2019-10-05 18:31:17 
TT 540 286.0  10.2 286.0  10.2 2.78E-04 001.6 087.0  15.6 0.752472 0.128267 0.213061 hargrave 2019-10-06 15:36:49 
TT 545 285.1  08.3 285.1  08.3 2.35E-04 000.6 085.1  14.7 0.221355 0.075126 0.120180 hargrave 2019-10-14 11:56:37 
TT 550 286.0  03.0 286.0  03.0 1.90E-04 003.1 082.3  10.0 1.027812 0.122909 0.149001 hargrave 2019-10-14 18:19:12 
TT 555 283.6 -02.2 283.6 -02.2 1.63E-04 000.6 077.2  07.4 0.143259 0.075940 0.098717 hargrave 2019-10-19 16:52:02 
TT 560 284.8 -04.6 284.8 -04.6 1.42E-04 000.7 076.7  04.7 0.122426 0.101652 0.125680 hargrave 2019-10-20 14:13:53 
TT 565 286.5 -06.1 286.5 -06.1 1.19E-04 003.1 077.1  02.6 0.584415 0.269078 0.129228 hargrave 2019-10-21 08:57:01 
TT 568 283.5 -08.4 283.5 -08.4 1.11E-04 002.4 073.3  02.6 0.385818 0.203168 0.160500 hargrave 2019-10-21 15:43:14 
TT 570 287.8 -04.3 287.8 -04.3 9.90E-05 002.8 079.2  03.2 0.463999 0.115474 0.075029 hargrave 2019-10-25 12:05:52 
TT 572 279.5 -07.4 279.5 -07.4 1.02E-04 003.2 070.8  05.7 0.549661 0.180160 0.070271 hargrave 2019-10-25 18:57:35 
TT 575 281.0 -04.3 281.0 -04.3 1.01E-04 001.0 073.8  07.3 0.114517 0.076279 0.131413 hargrave 2019-11-01 11:47:04 
TT 577 286.8 -03.7 286.8 -03.7 8.00E-05 000.8 078.7  04.2 0.079262 0.067459 0.073832 hargrave 2019-11-01 17:40:30 
TT 579 281.2 -07.1 281.2 -07.1 6.41E-05 001.1 072.3  05.0 0.057465 0.076471 0.098612 hargrave 2019-11-02 15:47:41 
TT 581 285.8 -01.9 285.8 -01.9 8.02E-05 002.7 079.1  06.3 0.350642 0.112522 0.071972 hargrave 2019-11-03 14:02:36 
TT 585 286.3 -00.7 286.3 -00.7 6.69E-05 002.2 080.2  06.9 0.241173 0.096476 0.057181 hargrave 2019-11-04 08:45:23 
TT 600 282.1  30.6 282.1  30.6 1.14E-04 001.1 099.3  33.1 0.191377 0.104277 0.066928 hargrave 2019-11-15 12:03:02 
TT 615 286.3  29.2 286.3  29.2 9.67E-05 001.0 101.1  29.5 0.160821 0.036977 0.068014 hargrave 2019-11-15 18:24:49 
TT 630 278.1  32.4 278.1  32.4 8.35E-05 001.6 098.1  36.8 0.229360 0.053507 0.045690 hargrave 2019-11-16 13:42:24 
TT 645 293.1  27.3 293.1  27.3 6.99E-05 001.4 104.4  24.0 0.163879 0.038190 0.053943 hargrave 2019-11-23 13:41:25 
TT 660 288.0  05.3 288.0  05.3 2.63E-05 001.8 085.4  10.5 0.073694 0.040416 0.025999 hargrave 2019-11-24 10:16:56 
TT 675 289.7 -07.1 289.7 -07.1 8.75E-06 003.4 078.9 -00.2 0.052467 0.015632 0.008389 hargrave 2019-12-01 17:01:53 
