AX2- 5b mag compass orientation (IGRF corrected)
      0  25.2 102.0   0.0   0.0   1.0
NRM    268.7  32.1 268.7  32.1 1.17E-03 001.2 209.2  39.1 1.666007 1.666259 0.633230 hargrave 2019-09-13 17:20:53 
TT 100 272.4  32.4 272.4  32.4 1.14E-03 000.5 205.5  40.5 0.703858 0.631964 0.544521 hargrave 2019-09-20 12:44:50 
TT 150 270.5  31.0 270.5  31.0 1.11E-03 002.7 208.2  40.9 2.219332 4.773436 0.615596 hargrave 2019-09-20 19:33:26 
TT 200 275.2  33.0 275.2  33.0 1.08E-03 002.2 202.4  41.1 1.272533 3.883203 0.439539 hargrave 2019-09-21 15:24:47 
TT 250 275.8  32.8 275.8  32.8 1.05E-03 001.0 201.9  41.5 0.535139 1.502545 0.826470 hargrave 2019-09-22 13:02:34 
TT 300 277.9  33.5 277.9  33.5 1.03E-03 002.1 199.3  41.6 1.011634 3.553315 0.703038 hargrave 2019-09-22 18:57:27 
TT 350 275.9  32.7 275.9  32.7 9.85E-04 001.9 201.8  41.7 1.535380 2.962526 0.383245 hargrave 2019-09-27 18:41:12 
TT 400 281.7  33.8 281.7  33.8 9.12E-04 004.6 195.2  42.4 1.727195 7.115497 0.483208 hargrave 2019-09-28 14:57:02 
TT 450 279.1  33.4 279.1  33.4 8.34E-04 003.1 198.1  42.1 0.847318 4.310847 0.904892 hargrave 2019-09-29 12:25:27 
TT 475 280.8  34.1 280.8  34.1 7.55E-04 003.5 196.1  41.9 0.943647 4.516179 0.671036 hargrave 2019-09-29 18:07:40 
TT 500 277.9  32.5 277.9  32.5 6.47E-04 001.6 199.8  42.5 1.431727 0.926022 0.787611 hargrave 2019-10-04 16:03:41 
TT 520 276.9  31.6 276.9  31.6 5.15E-04 002.2 201.4  43.0 1.356455 1.298338 0.585664 hargrave 2019-10-05 18:28:21 
TT 540 277.3  32.2 277.3  32.2 3.68E-04 001.8 200.7  42.6 0.855839 0.740650 0.402916 hargrave 2019-10-06 15:33:53 
TT 545 279.3  33.2 279.3  33.2 3.00E-04 001.0 198.0  42.3 0.425946 0.138671 0.314080 hargrave 2019-10-14 11:53:40 
TT 550 279.7  33.6 279.7  33.6 2.43E-04 000.7 197.4  42.0 0.195630 0.151586 0.151241 hargrave 2019-10-14 18:16:17 
TT 555 280.5  33.8 280.5  33.8 1.95E-04 001.9 196.5  42.1 0.335810 0.538058 0.133437 hargrave 2019-10-19 16:49:07 
TT 560 280.2  34.2 280.2  34.2 1.55E-04 001.6 196.6  41.7 0.165215 0.399336 0.134700 hargrave 2019-10-20 14:10:53 
TT 565 278.6  33.8 278.6  33.8 1.19E-04 002.5 198.5  41.6 0.146187 0.478361 0.179851 hargrave 2019-10-21 08:54:04 
TT 568 282.8  33.8 282.8  33.8 8.39E-05 002.9 194.1  42.7 0.084238 0.385815 0.173037 hargrave 2019-10-21 15:40:18 
TT 570 282.1  34.7 282.1  34.7 7.36E-05 002.0 194.5  41.7 0.072864 0.249841 0.047750 hargrave 2019-10-25 12:02:54 
TT 572 281.8  29.8 281.8  29.8 5.37E-05 003.4 197.0  46.3 0.148628 0.288952 0.024821 hargrave 2019-10-25 18:54:40 
TT 575 283.9  38.2 283.9  38.2 5.11E-05 003.0 191.4  38.7 0.077406 0.254743 0.076349 hargrave 2019-11-01 11:44:08 
TT 577 285.4  34.9 285.4  34.9 4.11E-05 002.1 190.9  42.2 0.072345 0.104481 0.120635 hargrave 2019-11-01 17:37:38 
TT 579 274.3  31.4 274.3  31.4 3.99E-05 003.7 204.3  42.2 0.108973 0.220815 0.114420 hargrave 2019-11-02 15:44:53 
TT 581 286.3  41.2 286.3  41.2 3.38E-05 003.0 188.3  36.2 0.081364 0.134895 0.111277 hargrave 2019-11-03 13:59:45 
TT 585 273.1  32.1 273.1  32.1 3.39E-05 002.7 205.0  41.1 0.072751 0.125643 0.098670 hargrave 2019-11-04 08:43:01 
TT 600 272.7  32.2 272.7  32.2 2.70E-05 003.0 205.4  40.8 0.051969 0.121475 0.064127 hargrave 2019-11-15 12:00:16 
TT 615 272.8  42.3 272.8  42.3 2.25E-05 003.1 199.4  32.0 0.040391 0.099934 0.072433 hargrave 2019-11-15 18:22:01 
TT 630 271.0  28.9 271.0  28.9 2.05E-05 002.4 209.3  42.9 0.034208 0.054569 0.077181 hargrave 2019-11-16 13:39:34 
TT 645 306.5  35.4 306.5  35.4 7.63E-06 002.0 167.7  41.4 0.020046 0.018402 0.041994 hargrave 2019-11-23 13:38:31 
TT 660 333.6 -13.4 333.6 -13.4 5.24E-06 004.3 083.6  52.6 0.024153 0.021012 0.027347 hargrave 2019-11-24 10:14:05 
TT 675 036.3  02.2 036.3  02.2 2.90E-06 003.9 089.8 -11.3 0.006403 0.009992 0.017117 hargrave 2019-12-01 16:59:03 
