AX2- 1b mag compass orientation (IGRF corrected)
      0 318.2  64.0   0.0   0.0   1.0
NRM    253.3  44.1 253.3  44.1 3.32E-03 001.5 138.2  62.8 7.218086 2.150500 3.817980 hargrave 2019-09-13 17:12:35 
TT 100 253.2  45.2 253.2  45.2 3.15E-03 001.5 140.1  62.3 6.846075 3.251771 3.814587 hargrave 2019-09-20 12:38:02 
TT 150 256.3  44.2 256.3  44.2 2.88E-03 001.9 136.0  60.9 8.780306 1.531405 3.295548 hargrave 2019-09-20 19:26:43 
TT 200 258.7  45.2 258.7  45.2 2.60E-03 002.7 136.1  58.9 11.19560 4.059585 2.727635 hargrave 2019-09-21 15:18:03 
TT 250 263.4  44.7 263.4  44.7 2.31E-03 001.6 132.7  56.1 5.591200 1.158538 3.134485 hargrave 2019-09-22 12:55:39 
TT 300 268.1  42.7 268.1  42.7 2.05E-03 001.6 127.5  53.5 4.744669 1.167706 2.753119 hargrave 2019-09-22 18:50:35 
TT 350 271.3  41.7 271.3  41.7 1.87E-03 000.8 125.1  51.4 2.023565 1.478473 0.908297 hargrave 2019-09-27 18:33:46 
TT 400 274.1  41.4 274.1  41.4 1.68E-03 002.5 124.2  49.4 6.856531 2.183920 2.082027 hargrave 2019-09-28 14:26:25 
TT 450 277.9  38.7 277.9  38.7 1.48E-03 001.3 119.8  46.7 2.252328 1.388330 2.013145 hargrave 2019-09-29 12:18:06 
TT 475 279.6  37.9 279.6  37.9 1.32E-03 002.6 118.6  45.4 5.476811 1.347111 1.979892 hargrave 2019-09-29 18:00:06 
TT 500 281.8  37.7 281.8  37.7 1.21E-03 001.1 118.4  43.6 1.876981 1.055488 0.685629 hargrave 2019-10-04 15:54:35 
TT 520 283.5  37.6 283.5  37.6 1.08E-03 002.2 118.3  42.3 3.661695 1.943704 0.606148 hargrave 2019-10-05 18:20:07 
TT 540 284.6  36.6 284.6  36.6 9.31E-04 001.7 117.0  41.3 2.486374 1.248112 0.523571 hargrave 2019-10-06 15:25:38 
TT 545 285.4  34.3 285.4  34.3 8.46E-04 002.3 114.1  40.5 3.025282 1.391033 0.429397 hargrave 2019-10-14 11:45:24 
TT 550 286.2  33.6 286.2  33.6 7.57E-04 002.6 113.3  39.7 3.148972 1.194175 0.453032 hargrave 2019-10-14 18:07:59 
TT 555 287.0  34.2 287.0  34.2 6.39E-04 001.8 114.2  39.1 1.862983 0.719925 0.369487 hargrave 2019-10-19 16:40:52 
TT 560 287.5  35.0 287.5  35.0 4.96E-04 001.6 115.2  38.8 1.292597 0.378543 0.415730 hargrave 2019-10-20 14:02:38 
TT 565 288.5  33.9 288.5  33.9 2.52E-04 002.6 114.0  37.9 1.097875 0.301555 0.259399 hargrave 2019-10-21 08:45:48 
TT 568 287.8  33.3 287.8  33.3 1.96E-04 001.6 113.2  38.4 0.466601 0.113709 0.240995 hargrave 2019-10-21 15:31:53 
TT 570 285.3  35.1 285.3  35.1 1.40E-04 001.5 115.1  40.7 0.321430 0.086083 0.138101 hargrave 2019-10-25 11:54:32 
TT 572 285.6  34.4 285.6  34.4 1.30E-04 002.1 114.2  40.3 0.436520 0.181921 0.134517 hargrave 2019-10-25 18:48:16 
TT 575 290.4  35.4 290.4  35.4 1.08E-04 002.7 116.2  36.6 0.456427 0.209710 0.110740 hargrave 2019-11-01 11:37:42 
TT 577 288.7  33.8 288.7  33.8 9.53E-05 002.5 114.0  37.7 0.376961 0.119710 0.151346 hargrave 2019-11-01 17:31:46 
TT 579 284.5  34.9 284.5  34.9 9.01E-05 003.8 114.8  41.3 0.553220 0.174949 0.142872 hargrave 2019-11-02 15:39:03 
TT 581 285.3  33.9 285.3  33.9 8.24E-05 005.1 113.6  40.5 0.690992 0.237556 0.128662 hargrave 2019-11-03 13:53:51 
TT 585 286.2  33.6 286.2  33.6 7.90E-05 001.2 113.2  39.7 0.107139 0.102327 0.092509 hargrave 2019-11-04 08:38:12 
TT 600 285.3  37.3 285.3  37.3 4.72E-05 004.9 118.0  40.8 0.364374 0.146782 0.106782 hargrave 2019-11-15 11:54:24 
TT 615 279.1  42.4 279.1  42.4 2.24E-05 004.0 125.1  45.6 0.125683 0.081950 0.055865 hargrave 2019-11-15 18:16:12 
TT 630 143.8 -17.5 143.8 -17.5 1.57E-06 019.9 288.1 -02.8 0.039850 0.014143 0.043867 hargrave 2019-11-16 13:33:39 
TT 630 130.9 -33.4 130.9 -33.4 2.14E-06 004.5 298.4 -19.7 0.014529 0.011267 0.008383 hargrave 2019-11-16 15:01:23 
TT 645 269.7 -23.6 269.7 -23.6 3.54E-06 005.6 042.6  26.2 0.012516 0.035093 0.013054 hargrave 2019-11-23 13:32:35 
TT 660 310.5 -08.6 310.5 -08.6 8.91E-06 003.5 078.8  03.1 0.054168 0.014892 0.016266 hargrave 2019-11-24 10:08:09 
TT 675 350.8  76.3 350.8  76.3 2.77E-06 001.5 167.9  18.1 0.007754 0.007455 0.002102 hargrave 2019-12-01 16:53:09 
