AX2- 3b mag compass orientation (IGRF corrected)
      0 292.2  43.0   0.0   0.0   1.0
NRM    285.1  39.2 285.1  39.2 2.84E-04 001.9 115.2  31.9 0.866710 0.377015 0.136815 hargrave 2019-09-13 17:17:48 
TT 100 287.4  39.3 287.4  39.3 2.81E-04 000.9 116.5  30.5 0.391392 0.153339 0.233431 hargrave 2019-09-20 12:42:20 
TT 150 287.4  37.5 287.4  37.5 2.73E-04 004.2 114.9  29.4 1.885483 0.712815 0.217331 hargrave 2019-09-20 19:30:58 
TT 200 288.9  37.0 288.9  37.0 2.67E-04 002.8 115.3  28.1 1.236543 0.423835 0.241989 hargrave 2019-09-21 15:22:18 
TT 250 286.2  33.2 286.2  33.2 2.60E-04 002.9 110.3  27.4 1.240181 0.291516 0.258345 hargrave 2019-09-22 13:00:01 
TT 300 286.3  32.6 286.3  32.6 2.51E-04 001.5 110.0  27.0 0.594601 0.160458 0.249890 hargrave 2019-09-22 18:54:53 
TT 350 290.3  37.3 290.3  37.3 2.44E-04 000.3 116.3  27.4 0.110161 0.176613 0.121123 hargrave 2019-09-27 18:38:42 
TT 400 286.6  34.6 286.6  34.6 2.25E-04 002.8 111.8  28.0 0.941894 0.627051 0.199102 hargrave 2019-09-28 14:49:08 
TT 450 286.1  33.4 286.1  33.4 2.16E-04 004.5 110.6  27.6 1.593296 0.528012 0.246926 hargrave 2019-09-29 12:22:59 
TT 475 285.6  33.5 285.6  33.5 2.03E-04 004.8 110.3  28.0 1.634702 0.417182 0.190960 hargrave 2019-09-29 18:04:23 
TT 500 286.4  33.2 286.4  33.2 1.90E-04 005.2 110.5  27.2 1.594802 0.631917 0.112473 hargrave 2019-10-04 15:59:47 
TT 520 287.6  33.9 287.6  33.9 1.75E-04 004.1 111.9  27.0 1.157440 0.463497 0.099725 hargrave 2019-10-05 18:25:18 
TT 540 288.1  33.9 288.1  33.9 1.50E-04 002.5 112.2  26.6 0.608234 0.216185 0.088017 hargrave 2019-10-06 15:30:50 
TT 545 288.7  34.6 288.7  34.6 1.35E-04 002.7 113.1  26.7 0.589758 0.254193 0.082368 hargrave 2019-10-14 11:50:35 
TT 550 286.5  32.3 286.5  32.3 1.23E-04 001.8 109.8  26.6 0.368396 0.098241 0.058393 hargrave 2019-10-14 18:13:12 
TT 555 285.5  32.3 285.5  32.3 1.03E-04 006.8 109.2  27.2 1.167927 0.378021 0.066568 hargrave 2019-10-19 16:46:03 
TT 560 287.6  34.0 287.6  34.0 7.59E-05 000.7 112.0  27.0 0.084754 0.037605 0.053691 hargrave 2019-10-20 14:07:49 
TT 565 288.2  35.7 288.2  35.7 3.96E-05 003.8 113.8  27.7 0.248905 0.088095 0.022122 hargrave 2019-10-21 08:51:00 
TT 568 286.6  34.3 286.6  34.3 2.77E-05 003.9 111.6  27.8 0.182841 0.060757 0.028812 hargrave 2019-10-21 15:37:11 
TT 570 283.2  32.3 283.2  32.3 2.39E-05 003.1 107.8  28.8 0.123143 0.052478 0.019583 hargrave 2019-10-25 11:59:47 
TT 572 285.4  27.9 285.4  27.9 2.11E-05 002.1 105.4  24.4 0.066220 0.062974 0.026641 hargrave 2019-10-25 18:51:35 
TT 575 290.5  34.2 290.5  34.2 1.79E-05 004.6 113.8  25.3 0.129819 0.068488 0.016537 hargrave 2019-11-01 11:41:03 
TT 577 288.7  33.7 288.7  33.7 1.92E-05 002.9 112.3  26.1 0.094361 0.032577 0.022285 hargrave 2019-11-01 17:34:48 
TT 579 286.2  34.6 286.2  34.6 1.67E-05 005.8 111.6  28.3 0.159109 0.059314 0.015492 hargrave 2019-11-02 15:42:04 
TT 581 291.6  34.1 291.6  34.1 1.42E-05 005.2 114.4  24.6 0.118749 0.049169 0.028907 hargrave 2019-11-03 13:56:53 
TT 585 291.9  34.1 291.9  34.1 1.50E-05 001.8 114.6  24.4 0.044086 0.013586 0.017539 hargrave 2019-11-04 08:40:39 
TT 600 285.9  42.7 285.9  42.7 1.18E-05 004.1 118.9  33.4 0.075546 0.034169 0.025529 hargrave 2019-11-15 11:57:25 
TT 615 307.7  28.9 307.7  28.9 3.92E-06 004.1 120.7  11.1 0.024299 0.012344 0.009200 hargrave 2019-11-15 18:19:12 
TT 630 008.8 -16.2 008.8 -16.2 1.59E-06 001.7 155.7 -57.2 0.003004 0.004778 0.001885 hargrave 2019-11-16 13:36:42 
TT 645 230.6  28.9 230.6  28.9 1.28E-06 004.5 060.8  61.4 0.002718 0.008048 0.006466 hargrave 2019-11-23 13:35:39 
TT 660 325.2  36.6 325.2  36.6 1.16E-06 006.7 137.2  08.0 0.008742 0.007393 0.007886 hargrave 2019-11-24 10:11:11 
TT 675 081.3  53.3 081.3  53.3 1.32E-06 001.0 213.6  22.1 0.004390 0.002365 0.001563 hargrave 2019-12-01 16:56:11 
