AX20- 1b mag compass orientation (IGRF corrected)
      0  65.1  84.0   0.0   0.0   1.0
NRM    286.5  42.6 286.5  42.6 1.89E-03 005.6 221.5  33.7 12.13871 13.90923 0.753865 hargrave 2019-09-14 10:08:53 
NRM    289.0  45.1 289.0  45.1 1.89E-03 000.9 218.0  34.1 1.032902 2.552785 1.522780 hargrave 2020-08-18 12:36:41 
TT 150 287.8  43.4 287.8  43.4 1.89E-03 005.1 220.2  34.2 11.52921 12.26609 1.446117 hargrave 2020-08-18 17:45:31 
TT 250 286.3  39.5 286.3  39.5 1.88E-03 001.0 225.1  34.9 2.188680 2.271220 1.115578 hargrave 2020-08-19 13:35:43 
TT 300 288.3  42.7 288.3  42.7 1.86E-03 003.6 220.8  34.9 7.842955 8.557983 1.180944 hargrave 2020-08-19 18:11:17 
TT 350 288.4  42.8 288.4  42.8 1.84E-03 003.6 220.6  34.9 7.857412 8.614036 1.131073 hargrave 2020-08-20 12:09:02 
TT 400 289.9  44.1 289.9  44.1 1.80E-03 005.7 218.6  35.2 11.56449 13.63737 1.091778 hargrave 2020-08-20 20:48:29 
TT 425 287.5  42.3 287.5  42.3 1.77E-03 003.6 221.5  34.5 6.367101 9.122855 2.048492 hargrave 2020-08-22 17:22:57 
TT 450 289.3  43.7 289.3  43.7 1.74E-03 001.9 219.3  35.0 3.604992 4.459133 0.988087 hargrave 2020-08-23 14:00:35 
TT 475 289.2  43.1 289.2  43.1 1.69E-03 000.5 220.0  35.2 0.313859 0.944296 1.189231 hargrave 2020-08-24 10:46:40 
TT 500 290.3  43.4 290.3  43.4 1.52E-03 001.5 219.1  35.8 2.662686 2.587612 1.138329 hargrave 2020-08-24 18:33:27 
TT 520 290.0  40.2 290.0  40.2 9.45E-04 002.7 222.7  37.1 2.944275 3.349233 0.525313 hargrave 2020-08-25 16:32:46 
TT 540 289.6  40.2 289.6  40.2 3.14E-04 006.2 222.9  36.9 2.343689 2.498775 0.172157 hargrave 2020-08-26 13:32:07 
TT 550 291.0  41.6 291.0  41.6 1.64E-04 000.7 220.7  37.1 0.082980 0.120887 0.157155 hargrave 2020-08-26 20:52:11 
TT 555 291.4  41.6 291.4  41.6 1.02E-04 001.2 220.5  37.4 0.144536 0.095488 0.112276 hargrave 2020-08-27 15:43:05 
TT 560 291.5  45.1 291.5  45.1 4.45E-05 003.6 216.8  35.6 0.149907 0.234243 0.041884 hargrave 2020-08-28 12:31:25 
TT 563 296.9  43.3 296.9  43.3 3.10E-05 004.4 215.9  39.8 0.157219 0.185170 0.021921 hargrave 2020-08-29 13:16:21 
TT 566 293.6  45.7 293.6  45.7 2.24E-05 003.3 215.2  36.5 0.107193 0.081771 0.022964 hargrave 2020-08-30 10:43:10 
TT 570 304.3  37.4 304.3  37.4 1.92E-05 003.4 217.3  47.9 0.059695 0.094616 0.033008 hargrave 2020-08-31 12:19:23 
TT 575 310.1  47.1 310.1  47.1 1.53E-05 001.5 203.4  43.7 0.028651 0.026823 0.043295 hargrave 2020-09-01 09:33:53 
TT 580 275.3  54.5 275.3  54.5 1.98E-05 005.0 212.8  22.0 0.083424 0.141553 0.068536 hargrave 2020-09-02 09:35:00 
TT 590 283.7  45.8 283.7  45.8 1.20E-05 002.1 219.3  30.5 0.028329 0.033173 0.026820 hargrave 2020-09-02 16:01:40 
TT 610 292.8  70.7 292.8  70.7 9.13E-06 004.4 193.7  20.0 0.022032 0.064543 0.026291 hargrave 2020-09-03 11:23:36 
