AX20- 4b sun compass orientation
      0  67.7  91.0   0.0   0.0   1.0
NRM    295.7  46.9 295.7  46.9 1.71E-03 002.4 211.7  29.6 4.913526 4.161241 3.204167 hargrave 2019-09-14 10:13:23 
NRM    293.6  44.9 293.6  44.9 1.71E-03 001.5 214.6  29.7 2.963497 1.578621 2.942999 hargrave 2020-08-18 12:41:20 
TT 150 296.1  47.3 296.1  47.3 1.70E-03 001.9 211.2  29.6 3.543310 4.045244 2.083341 hargrave 2020-08-18 17:50:11 
TT 250 291.6  41.5 291.6  41.5 1.69E-03 004.6 218.8  30.5 6.571619 11.29916 3.361701 hargrave 2020-08-19 13:40:30 
TT 300 295.6  45.5 295.6  45.5 1.69E-03 002.4 213.0  30.5 2.227049 6.109307 2.946103 hargrave 2020-08-19 18:15:58 
TT 350 294.3  44.0 294.3  44.0 1.68E-03 002.4 215.1  30.7 4.805181 3.851578 3.276701 hargrave 2020-08-20 12:14:27 
TT 400 294.3  44.1 294.3  44.1 1.65E-03 002.6 215.0  30.6 2.754902 6.415109 2.853557 hargrave 2020-08-20 20:53:06 
TT 425 294.7  44.7 294.7  44.7 1.63E-03 002.6 214.2  30.5 1.238655 6.118717 4.169409 hargrave 2020-08-22 17:27:33 
TT 450 294.2  44.3 294.2  44.3 1.60E-03 001.7 214.9  30.4 1.151251 2.531370 3.785562 hargrave 2020-08-23 14:05:13 
TT 475 294.5  44.7 294.5  44.7 1.55E-03 002.2 214.3  30.4 4.080883 2.508351 3.344131 hargrave 2020-08-24 10:51:20 
TT 500 296.4  45.6 296.4  45.6 1.43E-03 001.4 212.5  30.9 1.332757 1.449408 2.847900 hargrave 2020-08-24 18:38:07 
TT 520 296.6  42.8 296.6  42.8 9.63E-04 002.5 215.0  32.8 1.271355 3.618232 1.555814 hargrave 2020-08-25 16:37:24 
TT 540 297.1  43.0 297.1  43.0 4.09E-04 001.0 214.5  32.9 0.345715 0.311144 0.546909 hargrave 2020-08-26 13:36:46 
TT 550 299.3  44.6 299.3  44.6 1.75E-04 001.6 211.8  33.1 0.122772 0.424193 0.205027 hargrave 2020-08-26 20:56:49 
TT 555 298.0  43.6 298.0  43.6 1.56E-04 001.5 213.5  33.0 0.134350 0.345612 0.207033 hargrave 2020-08-27 15:47:44 
TT 560 294.3  47.0 294.3  47.0 2.63E-05 002.8 212.4  28.9 0.069177 0.105684 0.041698 hargrave 2020-08-28 12:36:06 
TT 563 298.2  48.1 298.2  48.1 2.21E-05 002.5 209.4  30.2 0.045059 0.081747 0.043138 hargrave 2020-08-29 13:21:00 
TT 566 322.4  31.5 322.4  31.5 8.42E-06 003.4 202.7  54.5 0.057726 0.015387 0.003448 hargrave 2020-08-30 10:47:01 
TT 570 279.5  26.3 279.5  26.3 6.36E-06 002.5 239.4  27.7 0.019240 0.019389 0.009228 hargrave 2020-08-31 12:24:03 
TT 575 317.8  27.9 317.8  27.9 4.39E-06 002.5 211.9  55.4 0.009307 0.015140 0.009948 hargrave 2020-09-01 09:38:34 
TT 580 293.5  49.8 293.5  49.8 1.39E-05 002.0 210.3  26.7 0.020906 0.022726 0.044658 hargrave 2020-09-02 09:39:39 
TT 590 304.4  77.6 304.4  77.6 4.18E-06 001.6 186.9  09.4 0.008481 0.008717 0.007877 hargrave 2020-09-02 16:05:39 
TT 610 044.0  23.2 044.0  23.2 1.98E-06 003.8 115.4  21.2 0.008467 0.013193 0.003402 hargrave 2020-09-03 11:28:16 
