AX20- 3b mag compass orientation (IGRF corrected)
      0  71.1  81.0   0.0   0.0   1.0
NRM    301.3  49.5 301.3  49.5 1.89E-03 003.2 211.7  37.7 4.111718 9.633726 1.879762 hargrave 2019-09-14 10:11:51 
NRM    303.0  50.8 303.0  50.8 1.88E-03 002.5 209.6  37.8 4.092391 2.980270 6.392805 hargrave 2020-08-18 12:39:51 
TT 150 305.7  52.2 305.7  52.2 1.87E-03 003.6 206.8  38.1 0.732099 10.02033 6.127703 hargrave 2020-08-18 17:48:41 
TT 250 297.8  47.8 297.8  47.8 1.86E-03 005.6 215.0  36.8 5.591775 16.09846 6.198907 hargrave 2020-08-19 13:39:00 
TT 300 301.5  52.8 301.5  52.8 1.86E-03 003.1 208.4  35.8 4.784951 3.377342 8.207715 hargrave 2020-08-19 18:14:28 
TT 350 300.7  50.2 300.7  50.2 1.84E-03 007.0 211.3  37.0 4.719338 20.16138 8.816986 hargrave 2020-08-20 12:12:58 
TT 400 298.2  45.6 298.2  45.6 1.82E-03 003.0 217.2  38.1 6.890961 6.271251 2.605161 hargrave 2020-08-20 20:51:37 
TT 425 299.5  47.9 299.5  47.9 1.80E-03 003.4 214.2  37.7 2.892766 6.651857 7.732037 hargrave 2020-08-22 17:26:04 
TT 450 300.3  46.7 300.3  46.7 1.77E-03 002.0 215.1  38.8 0.487559 5.013385 3.448566 hargrave 2020-08-23 14:03:43 
TT 475 298.0  45.7 298.0  45.7 1.72E-03 003.0 217.2  38.0 1.033199 7.682950 4.910972 hargrave 2020-08-24 10:49:50 
TT 500 301.6  45.9 301.6  45.9 1.58E-03 001.6 215.3  40.0 2.552684 3.566862 0.912499 hargrave 2020-08-24 18:36:36 
TT 520 303.6  45.2 303.6  45.2 9.86E-04 003.4 215.0  41.6 1.486044 5.205403 2.059094 hargrave 2020-08-25 16:35:54 
TT 540 302.3  43.9 302.3  43.9 3.44E-04 002.9 217.1  41.6 0.705145 1.534787 0.425627 hargrave 2020-08-26 13:35:16 
TT 550 305.6  45.7 305.6  45.7 1.09E-04 004.2 213.2  42.3 0.378637 0.694711 0.117141 hargrave 2020-08-26 20:55:19 
TT 555 305.1  42.5 305.1  42.5 1.01E-04 001.5 217.0  44.0 0.082712 0.221391 0.136094 hargrave 2020-08-27 15:46:15 
TT 560 290.6  48.4 290.6  48.4 2.13E-05 005.8 217.3  32.3 0.124706 0.179415 0.046019 hargrave 2020-08-28 12:34:36 
TT 563 299.3  42.4 299.3  42.4 1.45E-05 005.5 220.3  40.4 0.067102 0.120568 0.041853 hargrave 2020-08-29 13:19:30 
TT 566 283.3  63.4 283.3  63.4 1.07E-05 003.1 204.2  22.1 0.045525 0.043763 0.025377 hargrave 2020-08-30 10:45:46 
TT 570 305.7  24.5 305.7  24.5 4.85E-06 002.8 240.9  52.8 0.008131 0.019557 0.010789 hargrave 2020-08-31 12:22:33 
TT 575 350.1  64.3 350.1  64.3 7.50E-06 002.3 175.3  34.4 0.024810 0.013882 0.017205 hargrave 2020-09-01 09:37:04 
TT 580 332.2  36.8 332.2  36.8 9.26E-06 003.4 194.8  61.0 0.033590 0.037669 0.024238 hargrave 2020-09-02 09:38:09 
TT 590 301.8  66.6 301.8  66.6 4.14E-06 010.0 196.3  26.5 0.009126 0.065015 0.032748 hargrave 2020-09-02 16:04:21 
TT 590 285.9  60.7 285.9  60.7 4.08E-06 004.5 206.2  24.3 0.017291 0.022311 0.015391 hargrave 2020-09-02 16:46:13 
TT 610 031.4  40.4 031.4  40.4 1.69E-06 006.8 133.9  35.6 0.015198 0.013425 0.003511 hargrave 2020-09-03 11:26:46 
