AX20- 5b sun compass orientation
      0  78.5  80.0   0.0   0.0   1.0
NRM    279.8  51.1 279.8  51.1 2.34E-03 004.1 218.8  21.1 11.42888 11.68078 4.282967 hargrave 2019-09-14 10:15:08 
NRM    281.1  52.5 281.1  52.5 2.31E-03 003.2 217.2  21.6 8.348673 9.599223 2.304614 hargrave 2020-08-18 12:42:54 
TT 150 281.5  47.6 281.5  47.6 2.24E-03 005.6 222.3  22.8 15.87016 15.06584 3.611584 hargrave 2020-08-18 17:51:45 
TT 250 285.9  52.2 285.9  52.2 2.19E-03 000.7 216.7  24.5 1.575748 1.123199 2.095938 hargrave 2020-08-19 13:42:03 
TT 300 284.1  45.9 284.1  45.9 2.14E-03 005.2 223.8  24.9 14.20399 12.99500 2.876551 hargrave 2020-08-19 18:17:30 
TT 350 285.7  50.4 285.7  50.4 2.12E-03 000.9 218.7  24.9 1.278781 1.024124 2.919959 hargrave 2020-08-20 12:16:00 
TT 400 285.4  48.5 285.4  48.5 2.05E-03 005.5 220.8  25.1 13.72351 14.11406 2.734242 hargrave 2020-08-20 20:54:39 
TT 425 285.5  49.2 285.5  49.2 2.01E-03 002.3 220.0  25.0 4.989390 6.039092 1.263479 hargrave 2020-08-22 17:29:05 
TT 450 285.6  49.5 285.6  49.5 1.96E-03 000.8 219.7  25.0 1.690127 1.540994 1.689436 hargrave 2020-08-23 14:06:46 
TT 475 285.4  48.3 285.4  48.3 1.89E-03 001.4 221.0  25.2 3.301484 3.023763 1.630098 hargrave 2020-08-24 10:52:53 
TT 500 286.9  49.5 286.9  49.5 1.74E-03 001.5 219.4  25.8 3.119483 2.577244 1.971769 hargrave 2020-08-24 18:39:39 
TT 520 288.9  48.6 288.9  48.6 1.27E-03 001.2 220.0  27.3 0.386364 1.336277 2.286965 hargrave 2020-08-25 16:38:56 
TT 540 289.1  48.5 289.1  48.5 6.72E-04 001.9 220.1  27.6 1.522363 1.332832 0.907508 hargrave 2020-08-26 13:38:18 
TT 550 290.3  48.3 290.3  48.3 3.57E-04 001.6 219.9  28.3 0.225969 0.777346 0.630082 hargrave 2020-08-26 20:58:21 
TT 555 289.5  46.5 289.5  46.5 3.14E-04 001.0 222.1  28.3 0.214587 0.246379 0.456024 hargrave 2020-08-27 15:49:18 
TT 560 282.3  44.6 282.3  44.6 7.24E-05 001.5 225.5  23.9 0.120208 0.093980 0.139723 hargrave 2020-08-28 12:37:40 
TT 563 295.2  55.6 295.2  55.6 4.40E-05 002.3 211.0  28.5 0.113052 0.103207 0.089451 hargrave 2020-08-29 13:22:33 
TT 566 289.0  35.7 289.0  35.7 1.42E-05 001.6 234.3  30.5 0.070799 0.051050 0.032598 hargrave 2020-08-30 10:48:17 
TT 570 296.9  34.3 296.9  34.3 1.30E-05 001.9 234.3  37.1 0.028081 0.024183 0.032081 hargrave 2020-08-31 12:25:36 
TT 575 154.6  68.9 154.6  68.9 1.16E-05 007.2 174.9 -10.5 0.022704 0.139591 0.047562 hargrave 2020-09-01 09:40:08 
TT 580 316.6  81.8 316.6  81.8 1.15E-05 009.0 184.5  16.9 0.044856 0.084767 0.156103 hargrave 2020-09-02 09:41:16 
TT 580 265.7  77.9 265.7  77.9 1.15E-05 005.1 192.2  11.3 0.026369 0.101991 0.008073 hargrave 2020-09-02 10:32:29 
TT 590 343.5  24.0 343.5  24.0 1.10E-05 003.7 198.0  75.2 0.027739 0.052069 0.068093 hargrave 2020-09-02 16:06:58 
TT 610 264.0  30.7 264.0  30.7 3.16E-06 049.5 240.3  09.8 0.165977 0.289343 0.055717 hargrave 2020-09-03 11:29:50 
TT 610 265.4  29.5 265.4  29.5 6.27E-06 004.4 241.6  10.8 0.031040 0.016404 0.035311 hargrave 2020-09-03 12:29:06 
