AX20- 2b mag compass orientation (IGRF corrected)
      0  70.1  89.0   0.0   0.0   1.0
NRM    297.0  51.4 297.0  51.4 2.15E-03 001.4 208.9  28.0 3.261780 3.656856 1.751136 hargrave 2019-09-14 10:10:23 
NRM    287.8  38.3 287.8  38.3 2.04E-03 018.7 225.4  29.3 48.69917 49.25534 2.018323 hargrave 2020-08-18 12:38:18 
NRM    279.5  20.6 279.5  20.6 2.14E-03 001.7 247.1  27.8 5.182652 3.212091 2.036504 hargrave 2020-08-18 13:14:24 
TT 150 279.8  21.7 279.8  21.7 2.14E-03 000.8 245.8  27.8 1.249508 1.690784 2.223441 hargrave 2020-08-18 17:47:09 
TT 250 281.0  21.7 281.0  21.7 2.12E-03 002.9 245.6  28.9 10.00963 2.535956 3.604832 hargrave 2020-08-19 13:37:23 
TT 300 280.3  21.6 280.3  21.6 2.10E-03 002.6 245.9  28.3 8.855606 3.181394 2.147817 hargrave 2020-08-19 18:12:53 
TT 350 295.6  48.0 295.6  48.0 2.06E-03 009.1 212.6  29.4 16.08771 28.44814 3.675910 hargrave 2020-08-20 12:10:37 
TT 350 291.8  44.3 291.8  44.3 2.08E-03 002.4 217.8  29.2 3.349776 7.199311 3.659247 hargrave 2020-08-20 13:01:55 
TT 400 291.8  45.7 291.8  45.7 2.04E-03 003.3 216.3  28.5 4.092536 9.693344 5.012418 hargrave 2020-08-20 20:50:06 
TT 425 290.4  45.1 290.4  45.1 2.00E-03 002.3 217.6  28.0 0.727957 5.696427 5.840966 hargrave 2020-08-22 17:24:32 
TT 450 294.3  46.4 294.3  46.4 1.95E-03 004.4 214.6  29.6 9.061278 11.93697 1.583415 hargrave 2020-08-23 14:02:11 
TT 475 290.6  42.4 290.6  42.4 1.89E-03 003.8 220.1  29.4 9.016970 8.583687 2.622481 hargrave 2020-08-24 10:48:17 
TT 500 297.1  48.5 297.1  48.5 1.71E-03 001.9 211.4  29.9 3.846956 3.323773 2.705555 hargrave 2020-08-24 18:35:03 
TT 520 294.5  44.1 294.5  44.1 1.03E-03 002.2 216.8  31.0 2.789497 2.384933 1.306731 hargrave 2020-08-25 16:34:22 
TT 540 297.7  47.0 297.7  47.0 4.04E-04 002.1 212.5  31.1 0.984426 1.045693 0.419914 hargrave 2020-08-26 13:33:44 
TT 550 297.1  47.1 297.1  47.1 1.37E-04 001.4 212.7  30.7 0.227517 0.216748 0.093043 hargrave 2020-08-26 20:53:48 
TT 555 293.5  45.1 293.5  45.1 1.11E-04 002.2 216.2  29.8 0.203403 0.366409 0.112550 hargrave 2020-08-27 15:44:42 
TT 560 292.4  47.4 292.4  47.4 3.51E-05 001.8 214.5  27.9 0.050324 0.078331 0.075346 hargrave 2020-08-28 12:33:02 
TT 563 295.5  52.3 295.5  52.3 2.65E-05 006.0 208.7  26.7 0.119065 0.241334 0.090474 hargrave 2020-08-29 13:17:58 
TT 566 288.6  44.0 288.6  44.0 2.15E-05 003.4 219.4  27.4 0.079496 0.074809 0.095083 hargrave 2020-08-30 10:44:29 
TT 570 304.5  45.6 304.5  45.6 1.83E-05 003.0 210.1  35.6 0.034232 0.061227 0.070428 hargrave 2020-08-31 12:21:00 
TT 575 294.7  59.3 294.7  59.3 1.63E-05 002.0 203.1  21.9 0.028550 0.034587 0.046015 hargrave 2020-09-01 09:35:31 
TT 580 291.4  55.9 291.4  55.9 1.80E-05 004.3 207.1  22.6 0.045564 0.119039 0.053413 hargrave 2020-09-02 09:36:37 
TT 590 304.9  45.2 304.9  45.2 1.29E-05 004.1 210.1  36.0 0.068592 0.050041 0.038502 hargrave 2020-09-02 16:03:01 
TT 610 325.1  56.9 325.1  56.9 4.81E-06 003.1 189.7  32.8 0.011746 0.018713 0.015222 hargrave 2020-09-03 11:25:14 
