AX21- 6b mag compass orientation (IGRF corrected)
      0 347.1  44.0   0.0   0.0   1.0
NRM    304.7  48.6 304.7  48.6 5.44E-04 000.7 112.3  58.1 0.449349 0.422864 0.341260 hargrave 2019-09-14 10:26:43 
NRM    304.7  48.0 304.7  48.0 5.29E-04 001.9 111.3  58.0 1.337771 1.034332 0.305748 hargrave 2020-08-18 12:54:55 
TT 150 304.4  48.5 304.4  48.5 4.91E-04 001.4 111.9  58.3 1.025073 0.534434 0.466117 hargrave 2020-08-18 18:03:44 
TT 250 303.5  45.7 303.5  45.7 4.55E-04 001.6 106.5  58.1 0.973952 0.740447 0.232485 hargrave 2020-08-19 13:54:04 
TT 300 303.9  46.5 303.9  46.5 4.35E-04 001.5 108.2  58.1 0.722289 0.815817 0.294390 hargrave 2020-08-19 18:29:19 
TT 350 304.0  45.9 304.0  45.9 4.09E-04 001.2 107.2  57.9 0.369763 0.730477 0.313752 hargrave 2020-08-20 12:27:51 
TT 400 303.1  44.5 303.1  44.5 3.72E-04 000.9 104.3  58.0 0.254293 0.458043 0.219465 hargrave 2020-08-20 21:06:31 
TT 425 302.1  46.0 302.1  46.0 3.47E-04 000.9 106.5  59.1 0.312310 0.419611 0.191461 hargrave 2020-08-22 17:41:51 
TT 450 302.4  44.9 302.4  44.9 3.26E-04 002.1 104.7  58.6 0.968190 0.674325 0.196703 hargrave 2020-08-23 14:19:28 
TT 475 302.5  45.4 302.5  45.4 3.06E-04 000.7 105.7  58.7 0.200056 0.347530 0.107212 hargrave 2020-08-24 11:05:38 
TT 500 302.1  44.2 302.1  44.2 2.76E-04 001.5 103.3  58.6 0.716760 0.164576 0.143009 hargrave 2020-08-24 18:52:18 
TT 520 303.0  44.3 303.0  44.3 2.48E-04 001.6 103.9  58.0 0.528546 0.415343 0.115189 hargrave 2020-08-25 16:51:38 
TT 540 302.5  43.0 302.5  43.0 2.15E-04 000.9 101.3  57.9 0.158863 0.270627 0.130973 hargrave 2020-08-26 13:50:13 
TT 550 303.7  41.8 303.7  41.8 1.86E-04 001.1 099.9  56.7 0.162501 0.295785 0.131368 hargrave 2020-08-26 21:10:20 
TT 555 304.8  38.9 304.8  38.9 1.62E-04 000.9 095.8  54.7 0.069955 0.219385 0.117094 hargrave 2020-08-27 16:02:04 
TT 560 306.4  36.6 306.4  36.6 1.33E-04 000.7 093.6  52.4 0.080873 0.144439 0.073098 hargrave 2020-08-28 12:50:26 
TT 563 305.5  37.6 305.5  37.6 1.25E-04 000.9 094.4  53.5 0.107148 0.146047 0.076003 hargrave 2020-08-29 13:34:32 
TT 566 305.3  34.4 305.3  34.4 9.22E-05 002.6 089.7  52.0 0.422618 0.080997 0.066799 hargrave 2020-08-30 12:17:50 
TT 570 304.0  33.0 304.0  33.0 7.25E-05 001.5 086.9  52.1 0.169506 0.108953 0.025882 hargrave 2020-08-31 12:38:23 
TT 575 303.7  44.0 303.7  44.0 4.30E-05 002.0 103.7  57.4 0.140409 0.070428 0.013970 hargrave 2020-09-01 09:53:06 
TT 580 305.9  34.7 305.9  34.7 3.18E-05 001.4 090.6  51.8 0.067100 0.040817 0.019796 hargrave 2020-09-02 09:54:09 
TT 590 314.1  45.6 314.1  45.6 2.11E-05 002.1 110.7  51.1 0.059823 0.051827 0.015865 hargrave 2020-09-02 16:17:41 
TT 610 011.8  50.8 011.8  50.8 5.63E-06 005.7 141.7  21.9 0.035628 0.044375 0.008995 hargrave 2020-09-03 11:42:34 
