AX21- 3b mag compass orientation (IGRF corrected)
      0 350.1  60.0   0.0   0.0   1.0
NRM    301.5  45.9 301.5  45.9 5.12E-04 000.8 128.2  54.2 0.507167 0.477882 0.145166 hargrave 2019-09-14 10:21:48 
NRM    301.5  46.0 301.5  46.0 5.06E-04 002.2 128.3  54.2 1.424187 1.338472 0.203742 hargrave 2020-08-18 12:49:48 
TT 150 300.7  44.5 300.7  44.5 4.78E-04 001.7 126.0  55.0 0.989789 0.993678 0.243114 hargrave 2020-08-18 17:58:38 
TT 250 299.9  45.4 299.9  45.4 4.47E-04 001.5 127.7  55.4 0.849647 0.792819 0.140786 hargrave 2020-08-19 13:48:55 
TT 300 300.1  43.5 300.1  43.5 4.24E-04 000.9 124.3  55.6 0.475684 0.509023 0.159882 hargrave 2020-08-19 18:24:17 
TT 350 301.1  42.5 301.1  42.5 3.96E-04 000.8 122.4  55.0 0.372687 0.439103 0.145623 hargrave 2020-08-20 12:22:49 
TT 400 300.7  41.9 300.7  41.9 3.61E-04 002.1 121.5  55.4 1.051526 0.853177 0.128564 hargrave 2020-08-20 21:01:29 
TT 425 300.1  42.1 300.1  42.1 3.43E-04 001.7 121.9  55.8 0.914801 0.343711 0.172595 hargrave 2020-08-22 17:36:49 
TT 450 299.9  40.9 299.9  40.9 3.22E-04 001.7 119.7  56.2 0.880238 0.411578 0.114618 hargrave 2020-08-23 14:14:25 
TT 475 299.3  39.9 299.3  39.9 3.07E-04 002.4 118.1  56.6 1.177910 0.395927 0.225815 hargrave 2020-08-24 11:00:33 
TT 500 300.5  39.1 300.5  39.1 2.81E-04 000.7 116.6  55.8 0.305091 0.156802 0.095622 hargrave 2020-08-24 18:47:15 
TT 520 300.5  40.0 300.5  40.0 2.50E-04 001.9 118.2  55.7 0.734121 0.340404 0.096384 hargrave 2020-08-25 16:46:35 
TT 540 300.9  39.1 300.9  39.1 2.14E-04 001.2 116.4  55.5 0.409004 0.170056 0.077277 hargrave 2020-08-26 13:45:09 
TT 550 301.0  36.5 301.0  36.5 1.89E-04 000.4 111.8  55.4 0.097201 0.086021 0.073033 hargrave 2020-08-26 21:05:15 
TT 555 303.7  37.4 303.7  37.4 1.80E-04 000.7 113.5  53.3 0.206238 0.069535 0.071685 hargrave 2020-08-27 15:57:00 
TT 560 304.2  33.6 304.2  33.6 1.51E-04 001.0 107.3  52.7 0.235571 0.131393 0.057820 hargrave 2020-08-28 12:45:22 
TT 563 302.0  37.2 302.0  37.2 1.43E-04 000.5 113.2  54.6 0.070158 0.097063 0.064630 hargrave 2020-08-29 13:29:26 
TT 566 305.3  31.0 305.3  31.0 9.39E-05 002.5 103.4  51.3 0.393593 0.087274 0.125202 hargrave 2020-08-30 10:53:57 
TT 570 305.1  33.5 305.1  33.5 8.20E-05 002.0 107.3  51.9 0.268875 0.084676 0.054437 hargrave 2020-08-31 12:33:17 
TT 575 307.0  37.3 307.0  37.3 5.17E-05 002.1 113.5  50.7 0.177778 0.071034 0.019936 hargrave 2020-09-01 09:47:56 
TT 580 301.6  39.2 301.6  39.2 3.73E-05 007.1 116.5  55.0 0.427325 0.176029 0.063036 hargrave 2020-09-02 09:49:00 
TT 590 303.2  37.6 303.2  37.6 2.36E-05 001.5 113.9  53.7 0.053252 0.028804 0.029779 hargrave 2020-09-02 16:13:20 
TT 610 303.9  50.1 303.9  50.1 1.22E-05 004.5 134.3  51.7 0.079233 0.055940 0.008792 hargrave 2020-09-03 11:37:30 
