AX21- 5b mag compass orientation (IGRF corrected)
      0 345.1  57.0   0.0   0.0   1.0
NRM    294.7  39.2 294.7  39.2 4.54E-04 001.8 112.5  57.7 1.175907 0.646189 0.582498 hargrave 2019-09-14 10:25:05 
NRM    295.3  41.9 295.3  41.9 4.45E-04 001.9 117.6  57.2 0.340864 1.268136 0.606310 hargrave 2020-08-18 12:53:09 
TT 150 295.7  41.8 295.7  41.8 4.24E-04 001.7 117.3  56.9 0.315029 1.068941 0.588292 hargrave 2020-08-18 18:01:59 
TT 250 296.1  41.8 296.1  41.8 4.05E-04 002.0 117.4  56.6 0.535921 1.219505 0.479999 hargrave 2020-08-19 13:52:15 
TT 300 296.2  41.9 296.2  41.9 3.95E-04 002.0 117.5  56.5 0.473404 1.220606 0.481231 hargrave 2020-08-19 18:27:35 
TT 350 296.3  40.6 296.3  40.6 3.84E-04 002.1 115.1  56.5 0.561454 1.224040 0.497951 hargrave 2020-08-20 13:14:44 
TT 400 297.5  41.4 297.5  41.4 3.69E-04 001.8 116.6  55.5 0.207227 0.997386 0.502571 hargrave 2020-08-20 21:04:47 
TT 425 296.9  40.5 296.9  40.5 3.57E-04 002.6 114.9  56.0 1.047581 1.135885 0.393805 hargrave 2020-08-22 17:40:08 
TT 450 296.5  40.8 296.5  40.8 3.43E-04 001.1 115.4  56.3 0.307651 0.504399 0.349629 hargrave 2020-08-23 14:17:44 
TT 475 296.1  41.2 296.1  41.2 3.32E-04 001.4 116.3  56.6 0.173654 0.680720 0.379449 hargrave 2020-08-24 11:03:53 
TT 500 295.4  38.4 295.4  38.4 3.11E-04 001.8 111.1  57.1 0.379714 0.797831 0.363979 hargrave 2020-08-24 18:50:34 
TT 520 296.0  37.7 296.0  37.7 2.92E-04 001.4 109.9  56.6 0.234388 0.590083 0.365876 hargrave 2020-08-25 16:49:54 
TT 540 297.0  39.3 297.0  39.3 2.53E-04 001.5 112.8  55.9 0.376284 0.436203 0.302355 hargrave 2020-08-26 13:48:28 
TT 550 298.4  35.7 298.4  35.7 2.29E-04 002.4 106.7  54.4 0.900387 0.190615 0.320027 hargrave 2020-08-26 21:08:34 
TT 555 301.1  36.1 301.1  36.1 2.20E-04 001.7 107.9  52.3 0.131864 0.538477 0.337172 hargrave 2020-08-27 16:00:20 
TT 560 300.4  35.0 300.4  35.0 1.98E-04 002.0 106.0  52.7 0.383074 0.501272 0.265742 hargrave 2020-08-28 12:48:42 
TT 563 302.2  37.0 302.2  37.0 1.80E-04 001.4 109.7  51.6 0.099488 0.353624 0.234396 hargrave 2020-08-29 13:32:46 
TT 566 301.7  33.4 301.7  33.4 1.35E-04 001.0 103.8  51.4 0.147977 0.151552 0.103025 hargrave 2020-08-30 12:16:05 
TT 570 302.3  35.0 302.3  35.0 1.04E-04 001.5 106.4  51.2 0.154872 0.198605 0.099028 hargrave 2020-08-31 12:36:39 
TT 575 304.2  37.1 304.2  37.1 5.64E-05 003.9 110.2  50.1 0.329392 0.215804 0.023712 hargrave 2020-09-01 09:51:21 
TT 580 301.7  35.9 301.7  35.9 2.45E-05 007.2 107.8  51.8 0.277406 0.137811 0.012820 hargrave 2020-09-02 09:52:20 
TT 590 307.8  39.6 307.8  39.6 1.48E-05 003.3 114.5  47.6 0.066141 0.066374 0.015477 hargrave 2020-09-02 16:16:11 
TT 610 306.2  49.5 306.2  49.5 9.77E-06 003.6 129.4  49.1 0.033677 0.052784 0.006666 hargrave 2020-09-03 11:40:49 
