AX21- 1b mag compass orientation (IGRF corrected)
      0 353.1  52.0   0.0   0.0   1.0
NRM    293.7  36.5 293.7  36.5 5.31E-04 001.8 096.0  65.7 0.551516 1.456903 0.703092 hargrave 2019-09-14 10:18:46 
NRM    294.3  36.7 294.3  36.7 5.18E-04 001.6 096.7  65.3 0.436040 1.274228 0.535056 hargrave 2020-08-18 12:46:38 
TT 150 295.0  37.4 295.0  37.4 4.99E-04 002.1 098.5  64.9 1.056693 1.349979 0.552558 hargrave 2020-08-18 17:55:27 
TT 250 295.5  37.8 295.5  37.8 4.74E-04 001.8 099.7  64.5 0.827376 1.094735 0.567123 hargrave 2020-08-19 13:45:44 
TT 300 296.2  37.2 296.2  37.2 4.61E-04 001.8 098.5  63.9 0.361878 1.266686 0.570722 hargrave 2020-08-19 18:21:09 
TT 350 296.7  38.2 296.7  38.2 4.45E-04 001.8 101.0  63.7 0.611399 1.096430 0.551677 hargrave 2020-08-20 12:19:40 
TT 400 296.8  36.2 296.8  36.2 4.19E-04 002.9 096.6  63.2 1.604365 1.299827 0.518858 hargrave 2020-08-20 20:58:20 
TT 425 295.9  36.8 295.9  36.8 4.06E-04 002.0 097.5  64.1 0.704252 1.129266 0.479223 hargrave 2020-08-22 17:33:40 
TT 450 296.5  37.2 296.5  37.2 3.94E-04 001.8 098.7  63.7 0.266318 1.093860 0.536889 hargrave 2020-08-23 14:11:16 
TT 475 296.6  36.4 296.6  36.4 3.80E-04 001.8 096.9  63.4 0.548683 0.990292 0.408047 hargrave 2020-08-24 10:57:23 
TT 500 294.5  34.4 294.5  34.4 3.60E-04 002.5 091.4  64.5 1.179495 0.919910 0.420417 hargrave 2020-08-24 18:44:07 
TT 520 298.0  36.0 298.0  36.0 3.34E-04 001.6 096.8  62.2 0.230945 0.823513 0.432735 hargrave 2020-08-25 16:43:24 
TT 540 299.1  34.0 299.1  34.0 2.95E-04 003.0 093.2  60.8 1.296544 0.788757 0.398823 hargrave 2020-08-26 13:42:00 
TT 550 304.2  37.5 304.2  37.5 2.62E-04 002.2 102.0  57.8 0.390786 0.808230 0.403939 hargrave 2020-08-26 21:02:06 
TT 555 302.4  35.3 302.4  35.3 2.50E-04 002.3 097.3  58.6 0.671153 0.703327 0.336269 hargrave 2020-08-27 15:53:48 
TT 560 302.8  35.6 302.8  35.6 2.00E-04 001.6 098.1  58.3 0.074537 0.501800 0.277364 hargrave 2020-08-28 12:42:11 
TT 563 303.1  31.8 303.1  31.8 1.86E-04 002.0 091.5  56.9 0.297235 0.487915 0.277548 hargrave 2020-08-29 13:26:16 
TT 566 305.2  33.1 305.2  33.1 7.21E-05 002.1 094.9  55.7 0.220680 0.155132 0.057010 hargrave 2020-08-30 10:51:21 
TT 570 306.5  33.9 306.5  33.9 6.31E-05 002.9 096.9  55.0 0.236577 0.185886 0.099395 hargrave 2020-08-31 12:30:05 
TT 575 296.3  32.6 296.3  32.6 3.16E-05 004.1 088.7  62.5 0.193878 0.129246 0.014818 hargrave 2020-09-01 09:44:40 
TT 580 301.9  49.3 301.9  49.3 1.74E-05 004.4 124.8  60.1 0.120280 0.058880 0.008288 hargrave 2020-09-02 09:45:46 
TT 590 297.0  33.4 297.0  33.4 1.69E-05 002.0 090.9  62.2 0.039869 0.045304 0.008576 hargrave 2020-09-02 16:10:46 
TT 610 354.2  35.9 354.2  35.9 7.89E-06 009.0 120.2  20.4 0.100087 0.077518 0.006457 hargrave 2020-09-03 11:34:20 
TT 610 353.3  35.3 353.3  35.3 7.90E-06 005.8 119.2  20.7 0.068343 0.043664 0.006539 hargrave 2020-09-03 12:30:58 
