AX21- 8b mag compass orientation (IGRF corrected)
      0 342.1  61.0   0.0   0.0   1.0
NRM    301.2  43.9 301.2  43.9 3.14E-04 001.6 124.7  48.5 0.736810 0.435904 0.093367 hargrave 2019-09-14 10:29:46 
NRM    300.9  45.9 300.9  45.9 3.13E-04 001.3 127.8  48.5 0.522128 0.466025 0.124255 hargrave 2020-08-18 12:58:27 
TT 150 300.8  42.0 300.8  42.0 3.11E-04 000.7 121.8  48.9 0.274855 0.282493 0.131639 hargrave 2020-08-18 18:07:11 
TT 250 300.7  40.6 300.7  40.6 2.99E-04 001.4 119.8  49.0 0.619222 0.421994 0.121083 hargrave 2020-08-19 13:57:29 
TT 300 300.2  45.3 300.2  45.3 2.90E-04 005.1 126.9  49.1 1.910123 1.707880 0.163546 hargrave 2020-08-19 18:46:08 
TT 350 301.0  41.8 301.0  41.8 2.83E-04 000.5 121.6  48.8 0.137403 0.200535 0.121351 hargrave 2020-08-20 12:31:16 
TT 400 301.2  41.3 301.2  41.3 2.70E-04 003.3 120.9  48.6 1.242209 0.912594 0.138816 hargrave 2020-08-20 21:09:57 
TT 425 300.3  40.1 300.3  40.1 2.60E-04 002.7 119.1  49.3 1.121355 0.471676 0.179268 hargrave 2020-08-22 17:45:15 
TT 450 299.1  40.4 299.1  40.4 2.48E-04 003.1 119.5  50.2 1.173730 0.655796 0.114600 hargrave 2020-08-23 14:22:56 
TT 475 299.2  40.0 299.2  40.0 2.39E-04 000.6 118.9  50.1 0.190221 0.148267 0.105675 hargrave 2020-08-24 11:09:04 
TT 500 299.7  36.7 299.7  36.7 2.26E-04 001.8 113.8  49.7 0.634007 0.319569 0.101645 hargrave 2020-08-24 18:55:43 
TT 520 299.7  37.1 299.7  37.1 2.11E-04 000.5 114.4  49.7 0.148059 0.087354 0.085095 hargrave 2020-08-25 16:55:01 
TT 540 300.2  39.5 300.2  39.5 1.80E-04 000.5 118.1  49.4 0.097282 0.102108 0.078554 hargrave 2020-08-26 13:53:38 
TT 550 301.3  36.9 301.3  36.9 1.60E-04 001.3 114.2  48.5 0.342457 0.148678 0.067414 hargrave 2020-08-26 21:13:48 
TT 555 302.0  39.2 302.0  39.2 1.50E-04 000.8 117.7  48.0 0.142483 0.137209 0.070444 hargrave 2020-08-27 16:05:28 
TT 560 302.3  37.3 302.3  37.3 1.33E-04 000.8 114.8  47.7 0.154916 0.082096 0.061925 hargrave 2020-08-28 12:53:54 
TT 563 303.9  38.4 303.9  38.4 1.26E-04 000.6 116.6  46.4 0.105587 0.074619 0.062623 hargrave 2020-08-29 13:37:58 
TT 566 300.8  36.6 300.8  36.6 9.99E-05 001.0 113.7  48.8 0.156751 0.058238 0.087650 hargrave 2020-08-30 12:21:18 
TT 570 300.1  36.2 300.1  36.2 7.69E-05 001.2 113.0  49.3 0.142637 0.060261 0.056103 hargrave 2020-08-31 12:41:51 
TT 575 301.5  38.2 301.5  38.2 4.34E-05 002.8 116.1  48.3 0.192704 0.080432 0.060636 hargrave 2020-09-01 09:56:33 
TT 580 302.0  34.1 302.0  34.1 2.41E-05 001.4 110.0  47.6 0.051126 0.027840 0.035703 hargrave 2020-09-02 09:57:39 
TT 590 291.6  42.9 291.6  42.9 1.69E-05 002.3 124.5  55.5 0.051115 0.047899 0.029157 hargrave 2020-09-02 16:20:31 
TT 610 290.5  41.7 290.5  41.7 5.61E-06 001.5 122.7  56.6 0.010347 0.011942 0.005252 hargrave 2020-09-03 11:45:59 
