AX21- 2b mag compass orientation (IGRF corrected)
      0 354.1  56.0   0.0   0.0   1.0
NRM    307.4  52.6 307.4  52.6 6.57E-04 003.8 134.7  54.2 2.914895 3.295558 0.434838 hargrave 2019-09-14 10:20:16 
NRM    306.0  54.8 306.0  54.8 6.49E-04 002.0 138.6  54.4 1.018099 2.020217 0.423043 hargrave 2020-08-18 12:48:13 
TT 150 303.4  49.1 303.4  49.1 6.27E-04 002.6 129.7  57.4 1.420027 2.427841 0.600658 hargrave 2020-08-18 17:57:02 
TT 250 301.2  48.5 301.2  48.5 5.95E-04 002.4 129.2  59.0 1.411401 2.009719 0.374568 hargrave 2020-08-19 13:47:19 
TT 300 302.1  45.3 302.1  45.3 5.76E-04 002.8 122.8  59.0 1.778288 2.141719 0.404424 hargrave 2020-08-19 18:22:43 
TT 350 301.1  48.5 301.1  48.5 5.54E-04 001.3 129.2  59.0 0.336012 1.166568 0.399297 hargrave 2020-08-20 12:21:14 
TT 400 301.4  45.9 301.4  45.9 5.15E-04 003.3 124.0  59.4 1.921811 2.242277 0.386499 hargrave 2020-08-20 20:59:55 
TT 425 300.9  45.0 300.9  45.0 4.87E-04 002.7 122.6  59.9 1.615120 1.586263 0.284674 hargrave 2020-08-22 17:35:15 
TT 450 300.4  46.4 300.4  46.4 4.57E-04 002.1 125.3  60.0 1.000966 1.290753 0.254387 hargrave 2020-08-23 14:12:50 
TT 475 299.7  43.9 299.7  43.9 4.36E-04 003.6 120.4  60.9 2.116229 1.694292 0.289652 hargrave 2020-08-24 10:58:59 
TT 500 300.5  43.8 300.5  43.8 4.08E-04 000.9 120.1  60.3 0.228069 0.580137 0.250354 hargrave 2020-08-24 18:45:41 
TT 520 300.6  43.3 300.6  43.3 3.75E-04 003.5 119.2  60.3 1.690985 1.556093 0.245744 hargrave 2020-08-25 16:44:59 
TT 540 301.7  39.8 301.7  39.8 3.16E-04 003.1 112.1  59.6 1.289526 1.072860 0.307734 hargrave 2020-08-26 13:43:35 
TT 550 303.1  37.8 303.1  37.8 2.64E-04 002.6 108.3  58.4 0.885059 0.763902 0.222682 hargrave 2020-08-26 21:03:40 
TT 555 305.8  39.7 305.8  39.7 2.45E-04 002.6 112.2  56.5 0.648680 0.837589 0.321719 hargrave 2020-08-27 15:55:26 
TT 560 303.5  37.2 303.5  37.2 1.93E-04 001.5 107.2  58.1 0.175356 0.445095 0.172099 hargrave 2020-08-28 12:43:46 
TT 563 305.9  36.9 305.9  36.9 1.83E-04 001.7 107.2  56.1 0.267953 0.463095 0.142792 hargrave 2020-08-29 13:27:51 
TT 566 305.5  32.6 305.5  32.6 1.10E-04 001.3 099.5  55.6 0.112777 0.212088 0.103137 hargrave 2020-08-30 10:52:38 
TT 570 302.1  35.3 302.1  35.3 9.44E-05 001.7 103.4  58.9 0.185096 0.213793 0.067924 hargrave 2020-08-31 12:31:42 
TT 575 306.8  40.5 306.8  40.5 6.43E-05 002.8 113.7  55.7 0.253621 0.193478 0.040739 hargrave 2020-09-01 09:46:15 
TT 580 301.4  43.5 301.4  43.5 4.16E-05 004.8 119.5  59.7 0.277445 0.214916 0.095750 hargrave 2020-09-02 09:47:25 
TT 590 297.0  42.0 297.0  42.0 3.50E-05 000.9 117.0  63.1 0.031254 0.056083 0.009837 hargrave 2020-09-02 16:12:03 
TT 610 320.0  27.7 320.0  27.7 1.20E-05 006.0 098.4  42.2 0.117424 0.049897 0.013440 hargrave 2020-09-03 11:35:55 
