AX21- 7b mag compass orientation (IGRF corrected)
      0 338.1  50.0   0.0   0.0   1.0
NRM    305.8  45.3 305.8  45.3 5.64E-04 001.4 117.0  48.1 0.310886 1.031054 0.844168 hargrave 2019-09-14 10:28:15 
NRM    305.6  47.4 305.6  47.4 5.47E-04 002.6 120.0  48.8 1.291539 1.912572 0.828639 hargrave 2020-08-18 12:56:41 
TT 150 302.6  46.6 302.6  46.6 5.01E-04 001.6 118.2  50.6 0.347734 1.105135 0.771563 hargrave 2020-08-18 18:05:29 
TT 250 300.8  42.8 300.8  42.8 4.53E-04 001.7 111.9  51.0 0.491622 1.128528 0.608173 hargrave 2020-08-19 13:55:48 
TT 300 301.3  44.8 301.3  44.8 4.32E-04 002.6 115.2  51.1 0.974887 1.541307 0.677534 hargrave 2020-08-19 18:31:06 
TT 350 300.7  43.1 300.7  43.1 4.11E-04 001.7 112.4  51.2 0.272312 1.015002 0.597995 hargrave 2020-08-20 12:29:35 
TT 400 301.2  43.8 301.2  43.8 3.82E-04 003.8 113.6  51.0 1.849061 1.685717 0.566677 hargrave 2020-08-20 21:08:15 
TT 425 299.2  41.9 299.2  41.9 3.60E-04 002.1 110.0  51.9 0.880418 0.903334 0.388061 hargrave 2020-08-22 17:43:35 
TT 450 299.2  41.4 299.2  41.4 3.37E-04 002.8 109.2  51.8 1.261283 1.017251 0.390408 hargrave 2020-08-23 14:21:16 
TT 475 298.3  40.3 298.3  40.3 3.22E-04 001.2 107.2  52.1 0.303571 0.510056 0.337931 hargrave 2020-08-24 11:07:22 
TT 500 298.6  41.5 298.6  41.5 3.01E-04 001.4 109.1  52.3 0.244588 0.608144 0.384380 hargrave 2020-08-24 18:54:02 
TT 520 298.2  40.0 298.2  40.0 2.73E-04 001.4 106.7  52.1 0.252602 0.516100 0.342534 hargrave 2020-08-25 16:53:21 
TT 540 299.5  40.3 299.5  40.3 2.29E-04 001.5 107.6  51.3 0.329946 0.398186 0.327285 hargrave 2020-08-26 13:51:57 
TT 550 300.1  39.2 300.1  39.2 1.98E-04 001.5 106.3  50.5 0.123681 0.419913 0.288060 hargrave 2020-08-26 21:12:07 
TT 555 301.5  38.9 301.5  38.9 1.79E-04 002.1 106.3  49.4 0.388834 0.477529 0.268215 hargrave 2020-08-27 16:03:48 
TT 560 301.7  34.7 301.7  34.7 1.46E-04 001.9 100.5  47.7 0.380465 0.236469 0.188050 hargrave 2020-08-28 12:52:13 
TT 563 302.0  34.6 302.0  34.6 1.35E-04 001.1 100.5  47.5 0.074123 0.201203 0.171519 hargrave 2020-08-29 13:36:16 
TT 566 304.4  35.5 304.4  35.5 1.05E-04 002.8 102.8  46.0 0.456024 0.222482 0.095662 hargrave 2020-08-30 12:19:37 
TT 570 305.5  39.5 305.5  39.5 8.06E-05 003.2 108.7  46.7 0.366582 0.272066 0.069506 hargrave 2020-08-31 12:40:09 
TT 575 305.1  35.7 305.1  35.7 5.38E-05 002.9 103.4  45.6 0.245402 0.135981 0.031891 hargrave 2020-09-01 09:54:51 
TT 580 298.7  38.9 298.7  38.9 4.00E-05 002.5 105.3  51.5 0.127309 0.123679 0.043910 hargrave 2020-09-02 09:55:58 
TT 590 306.5  41.3 306.5  41.3 2.37E-05 002.7 111.5  46.5 0.087987 0.074405 0.008622 hargrave 2020-09-02 16:19:07 
TT 610 292.7  43.0 292.7  43.0 1.34E-05 003.8 110.0  56.9 0.074261 0.049293 0.006587 hargrave 2020-09-03 11:44:18 
