AX21- 4b mag compass orientation (IGRF corrected)
      0 340.1  65.0   0.0   0.0   1.0
NRM    300.8  42.7 300.8  42.7 4.16E-04 001.5 126.4  45.1 0.873762 0.631882 0.130546 hargrave 2019-09-14 10:23:25 
NRM    301.3  40.5 301.3  40.5 4.10E-04 001.6 123.1  44.9 0.943787 0.627318 0.207532 hargrave 2020-08-18 12:51:27 
TT 150 300.3  41.8 300.3  41.8 3.94E-04 001.5 125.1  45.6 0.827286 0.543578 0.206079 hargrave 2020-08-18 18:00:16 
TT 250 299.8  41.2 299.8  41.2 3.76E-04 001.5 124.3  46.0 0.817460 0.500350 0.166812 hargrave 2020-08-19 13:50:33 
TT 300 299.8  38.2 299.8  38.2 3.65E-04 004.3 120.0  46.2 2.319894 1.426218 0.168036 hargrave 2020-08-19 18:25:55 
TT 350 300.0  39.5 300.0  39.5 3.53E-04 001.4 121.8  46.0 0.729045 0.421300 0.181371 hargrave 2020-08-20 12:24:26 
TT 400 300.3  36.8 300.3  36.8 3.36E-04 000.5 117.9  45.8 0.217100 0.117816 0.165121 hargrave 2020-08-20 21:03:06 
TT 425 299.2  37.5 299.2  37.5 3.25E-04 001.2 119.0  46.7 0.634873 0.169639 0.234246 hargrave 2020-08-22 17:38:27 
TT 450 299.0  37.7 299.0  37.7 3.12E-04 000.6 119.3  46.9 0.207136 0.093014 0.227122 hargrave 2020-08-23 14:16:03 
TT 475 298.6  35.7 298.6  35.7 3.01E-04 001.6 116.4  47.2 0.757192 0.264593 0.198614 hargrave 2020-08-24 11:02:12 
TT 500 298.1  34.1 298.1  34.1 2.85E-04 001.5 114.0  47.6 0.616202 0.394987 0.181784 hargrave 2020-08-24 18:48:53 
TT 520 297.6  38.1 297.6  38.1 2.65E-04 000.6 120.0  48.0 0.230847 0.088387 0.114465 hargrave 2020-08-25 16:48:13 
TT 540 298.3  37.5 298.3  37.5 2.32E-04 001.1 119.1  47.4 0.336902 0.284069 0.108249 hargrave 2020-08-26 13:46:47 
TT 550 300.0  37.3 300.0  37.3 2.11E-04 000.6 118.6  46.1 0.183494 0.072553 0.099332 hargrave 2020-08-26 21:06:53 
TT 555 301.2  37.8 301.2  37.8 2.00E-04 001.1 119.3  45.1 0.325123 0.188061 0.097909 hargrave 2020-08-27 15:58:38 
TT 560 301.4  36.5 301.4  36.5 1.82E-04 001.8 117.4  45.0 0.489973 0.273050 0.101699 hargrave 2020-08-28 12:47:00 
TT 563 301.5  34.3 301.5  34.3 1.70E-04 002.4 114.5  44.8 0.663600 0.239730 0.117978 hargrave 2020-08-29 13:31:05 
TT 566 301.3  32.6 301.3  32.6 1.29E-04 001.3 112.1  44.9 0.261335 0.129568 0.102464 hargrave 2020-08-30 12:14:24 
TT 570 300.8  33.8 300.8  33.8 1.12E-04 001.7 113.6  45.4 0.314849 0.096609 0.097852 hargrave 2020-08-31 12:34:56 
TT 575 301.7  41.5 301.7  41.5 6.30E-05 003.5 124.5  44.5 0.340511 0.164517 0.076441 hargrave 2020-09-01 09:49:35 
TT 580 297.2  39.4 297.2  39.4 3.79E-05 002.5 122.0  48.1 0.143688 0.065494 0.061603 hargrave 2020-09-02 09:50:39 
TT 590 306.4  33.8 306.4  33.8 2.68E-05 002.9 114.2  40.8 0.099840 0.124046 0.038849 hargrave 2020-09-02 16:14:44 
TT 610 298.5  45.6 298.5  45.6 1.45E-05 003.5 130.7  46.3 0.070914 0.051863 0.023069 hargrave 2020-09-03 11:39:08 
