AX22- 10a mag compass orientation (IGRF corrected)
      0  83.2  68.0   0.0   0.0   1.0
NRM    304.8  45.4 304.8  45.4 2.34E-04 000.7 227.3  44.3 0.124665 0.198173 0.157520 hargrave 2020-08-18 14:15:54 
TT 150 304.0  44.6 304.0  44.6 2.10E-04 003.7 228.5  43.9 0.965612 0.952352 0.113093 hargrave 2020-08-18 18:26:23 
TT 250 304.7  44.3 304.7  44.3 1.84E-04 001.2 228.7  44.6 0.227864 0.285529 0.101432 hargrave 2020-08-19 14:16:47 
TT 300 303.9  42.9 303.9  42.9 1.68E-04 001.4 230.8  44.3 0.247193 0.302541 0.103228 hargrave 2020-08-19 19:05:12 
TT 350 304.7  45.7 304.7  45.7 1.49E-04 000.7 226.9  44.2 0.110122 0.123240 0.092365 hargrave 2020-08-20 12:50:24 
TT 400 303.1  44.8 303.1  44.8 1.29E-04 001.5 228.4  43.3 0.233223 0.237656 0.081327 hargrave 2020-08-20 21:29:04 
TT 425 302.3  44.4 302.3  44.4 1.19E-04 001.0 229.1  42.9 0.069230 0.146697 0.132397 hargrave 2020-08-22 18:05:11 
TT 450 301.3  43.6 301.3  43.6 1.11E-04 001.3 230.4  42.3 0.093690 0.196249 0.129907 hargrave 2020-08-23 14:42:58 
TT 475 303.0  44.3 303.0  44.3 1.03E-04 004.0 229.2  43.4 0.488170 0.528255 0.095495 hargrave 2020-08-24 11:29:08 
TT 500 301.9  42.3 301.9  42.3 9.32E-05 001.5 232.0  42.9 0.161726 0.174127 0.056579 hargrave 2020-08-24 19:15:38 
TT 520 303.4  43.7 303.4  43.7 8.10E-05 001.8 229.8  43.7 0.176107 0.185750 0.052377 hargrave 2020-08-25 17:15:02 
TT 540 300.5  42.0 300.5  42.0 6.77E-05 001.0 232.6  41.9 0.097540 0.079091 0.040179 hargrave 2020-08-26 14:12:01 
TT 550 302.3  43.9 302.3  43.9 5.64E-05 001.0 229.8  42.9 0.073632 0.070147 0.037846 hargrave 2020-08-26 21:33:47 
TT 555 301.0  41.2 301.0  41.2 4.98E-05 003.5 233.6  42.4 0.235006 0.194365 0.037332 hargrave 2020-08-27 16:23:52 
TT 560 299.5  40.4 299.5  40.4 4.27E-05 002.3 234.9  41.4 0.131980 0.115346 0.038751 hargrave 2020-08-28 13:14:01 
TT 563 300.0  41.0 300.0  41.0 3.86E-05 001.8 234.0  41.6 0.064564 0.096362 0.044401 hargrave 2020-08-29 13:58:08 
TT 566 297.6  44.5 297.6  44.5 3.26E-05 001.6 229.8  39.5 0.053720 0.073929 0.038728 hargrave 2020-08-30 12:41:49 
TT 570 302.3  39.3 302.3  39.3 2.91E-05 002.0 236.0  43.6 0.064617 0.070024 0.050961 hargrave 2020-08-31 13:02:53 
TT 575 303.4  38.2 303.4  38.2 2.50E-05 003.7 237.5  44.6 0.122043 0.094676 0.051283 hargrave 2020-09-01 10:17:34 
TT 580 293.7  38.3 293.7  38.3 2.32E-05 003.2 237.8  37.0 0.067555 0.094549 0.062204 hargrave 2020-09-02 10:17:54 
TT 590 301.4  43.3 301.4  43.3 1.68E-05 002.1 230.7  42.4 0.039864 0.037872 0.033584 hargrave 2020-09-02 16:37:29 
TT 610 320.5  55.5 320.5  55.5 4.58E-06 005.4 207.6  48.7 0.007028 0.041367 0.010499 hargrave 2020-09-03 12:06:15 
