AX22- 6a mag compass orientation (IGRF corrected)
      0 107.2  46.0   0.0   0.0   1.0
NRM    304.2  42.3 304.2  42.3 7.89E-05 001.2 244.8  38.5 0.148427 0.071367 0.056580 hargrave 2020-08-18 14:09:51 
TT 150 301.1  45.9 301.1  45.9 7.65E-05 003.1 239.3  38.3 0.368725 0.196020 0.052701 hargrave 2020-08-18 18:19:08 
TT 250 303.3  43.5 303.3  43.5 6.80E-05 000.8 243.0  38.5 0.043311 0.066946 0.049064 hargrave 2020-08-19 14:09:30 
TT 300 303.0  43.7 303.0  43.7 6.37E-05 002.1 242.6  38.4 0.211411 0.094069 0.042925 hargrave 2020-08-19 18:57:58 
TT 350 303.1  42.9 303.1  42.9 5.95E-05 001.3 243.6  38.1 0.121276 0.059180 0.050086 hargrave 2020-08-20 12:43:11 
TT 400 302.7  43.3 302.7  43.3 5.31E-05 002.2 243.0  38.0 0.180498 0.088833 0.043062 hargrave 2020-08-20 21:21:50 
TT 425 302.0  42.6 302.0  42.6 4.96E-05 003.0 243.4  37.3 0.220135 0.133373 0.029170 hargrave 2020-08-22 17:57:59 
TT 450 303.2  40.8 303.2  40.8 4.65E-05 002.7 245.9  37.2 0.187903 0.114727 0.033060 hargrave 2020-08-23 14:35:39 
TT 475 303.2  40.2 303.2  40.2 4.41E-05 002.4 246.6  36.8 0.168712 0.076835 0.030210 hargrave 2020-08-24 11:21:52 
TT 500 301.0  42.8 301.0  42.8 4.06E-05 000.9 242.7  36.8 0.031012 0.059104 0.026928 hargrave 2020-08-24 19:08:23 
TT 520 301.1  40.6 301.1  40.6 3.69E-05 001.5 245.1  35.7 0.068045 0.069296 0.025504 hargrave 2020-08-25 17:07:44 
TT 540 300.9  40.9 300.9  40.9 3.21E-05 001.1 244.8  35.7 0.037406 0.044462 0.039023 hargrave 2020-08-26 14:04:47 
TT 550 301.3  41.1 301.3  41.1 2.80E-05 001.2 244.7  36.0 0.046219 0.043299 0.028280 hargrave 2020-08-26 21:26:32 
TT 555 303.6  38.9 303.6  38.9 2.43E-05 002.5 248.1  36.5 0.092989 0.052382 0.029892 hargrave 2020-08-27 16:16:37 
TT 560 301.9  40.2 301.9  40.2 2.06E-05 002.4 245.9  36.0 0.079372 0.039054 0.017794 hargrave 2020-08-28 13:06:45 
TT 563 302.4  42.1 302.4  42.1 1.69E-05 000.9 244.1  37.3 0.021046 0.021898 0.010825 hargrave 2020-08-29 13:50:51 
TT 566 302.8  41.4 302.8  41.4 1.43E-05 001.5 245.1  37.2 0.031641 0.022511 0.010501 hargrave 2020-08-30 12:34:32 
TT 570 303.2  42.7 303.2  42.7 1.19E-05 001.2 243.9  38.1 0.020217 0.019500 0.008643 hargrave 2020-08-31 12:54:44 
TT 575 303.5  40.5 303.5  40.5 1.04E-05 002.5 246.4  37.3 0.044757 0.011931 0.011321 hargrave 2020-09-01 10:09:25 
TT 580 303.1  42.7 303.1  42.7 8.72E-06 001.9 243.9  38.0 0.009835 0.028754 0.010123 hargrave 2020-09-02 10:10:31 
TT 590 300.5  44.2 300.5  44.2 7.74E-06 004.0 241.0  37.1 0.054710 0.009740 0.006886 hargrave 2020-09-02 16:31:19 
TT 610 294.1  49.8 294.1  49.8 2.71E-06 003.5 232.3  35.9 0.003754 0.020374 0.002435 hargrave 2020-09-03 11:58:52 
