AX22- 8a mag compass orientation (IGRF corrected)
      0  53.2  41.0   0.0   0.0   1.0
NRM    303.5  48.9 303.5  48.9 5.47E-04 002.1 262.9  77.1 1.781121 0.877739 0.195631 hargrave 2020-08-18 14:12:46 
TT 150 303.3  46.3 303.3  46.3 5.11E-04 001.2 273.9  76.3 0.965042 0.549120 0.184769 hargrave 2020-08-18 18:22:47 
TT 250 302.8  46.3 302.8  46.3 4.61E-04 001.7 273.6  76.1 1.215045 0.560831 0.127374 hargrave 2020-08-19 14:13:10 
TT 300 303.3  46.6 303.3  46.6 4.26E-04 002.0 272.5  76.5 1.465401 0.255568 0.168955 hargrave 2020-08-19 19:01:37 
TT 350 303.5  46.2 303.5  46.2 3.86E-04 001.1 274.4  76.5 0.690499 0.319085 0.118887 hargrave 2020-08-20 12:46:50 
TT 400 303.5  45.1 303.5  45.1 3.38E-04 001.1 278.8  76.1 0.261374 0.612854 0.143206 hargrave 2020-08-20 21:25:29 
TT 425 302.5  45.1 302.5  45.1 3.04E-04 001.6 277.7  75.4 0.506786 0.665453 0.138718 hargrave 2020-08-22 18:01:38 
TT 450 301.7  44.6 301.7  44.6 2.76E-04 001.3 278.6  74.7 0.514227 0.379769 0.108856 hargrave 2020-08-23 14:39:19 
TT 475 300.5  44.2 300.5  44.2 2.49E-04 002.6 278.5  73.7 1.021607 0.482598 0.144449 hargrave 2020-08-24 11:25:32 
TT 500 298.9  45.1 298.9  45.1 2.19E-04 001.9 274.1  73.1 0.574215 0.404165 0.135695 hargrave 2020-08-24 19:12:04 
TT 520 300.2  44.5 300.2  44.5 1.94E-04 000.6 277.3  73.7 0.051902 0.196928 0.067735 hargrave 2020-08-25 17:11:24 
TT 540 299.2  44.2 299.2  44.2 1.64E-04 001.6 277.2  72.9 0.324269 0.306812 0.136623 hargrave 2020-08-26 14:08:27 
TT 550 299.8  45.8 299.8  45.8 1.44E-04 002.9 272.5  73.9 0.668469 0.247407 0.096356 hargrave 2020-08-26 21:30:12 
TT 555 300.7  44.0 300.7  44.0 1.28E-04 002.2 279.4  73.8 0.482466 0.073227 0.058092 hargrave 2020-08-27 16:20:17 
TT 560 301.3  44.3 301.3  44.3 1.14E-04 003.0 279.3  74.3 0.549699 0.205726 0.107795 hargrave 2020-08-28 13:10:25 
TT 563 302.3  43.7 302.3  43.7 1.03E-04 001.3 282.2  74.7 0.077302 0.209816 0.054884 hargrave 2020-08-29 13:54:31 
TT 566 298.0  43.4 298.0  43.4 8.85E-05 001.0 278.3  71.8 0.100008 0.111492 0.050420 hargrave 2020-08-30 12:38:12 
TT 570 300.6  45.7 300.6  45.7 7.92E-05 001.8 273.7  74.4 0.089295 0.219849 0.081145 hargrave 2020-08-31 12:58:27 
TT 575 297.8  43.7 297.8  43.7 6.86E-05 001.0 277.4  71.8 0.033078 0.096239 0.062471 hargrave 2020-09-01 10:13:07 
TT 580 291.0  41.0 291.0  41.0 3.24E-05 068.9 277.3  66.1 0.179277 1.393198 3.163577 hargrave 2020-09-02 10:14:13 
TT 580 293.1  42.1 293.1  42.1 6.48E-05 001.3 276.9  68.0 0.063979 0.123708 0.062294 hargrave 2020-09-02 10:34:16 
TT 590 298.5  41.7 298.5  41.7 4.43E-05 001.9 283.6  71.3 0.083248 0.100076 0.069765 hargrave 2020-09-02 16:34:26 
TT 610 297.2  38.1 297.2  38.1 1.46E-05 001.5 290.5  68.4 0.019234 0.034145 0.003408 hargrave 2020-09-03 12:02:33 
