AX22- 5a mag compass orientation (IGRF corrected)
      0  71.2  40.0   0.0   0.0   1.0
NRM    301.5  44.0 301.5  44.0 4.02E-05 001.2 267.2  62.6 0.058480 0.055542 0.027003 hargrave 2020-08-18 14:08:20 
TT 150 301.2  43.4 301.2  43.4 3.81E-05 001.3 268.2  62.1 0.069227 0.044253 0.024294 hargrave 2020-08-18 18:17:23 
TT 250 301.5  44.2 301.5  44.2 3.30E-05 000.9 266.7  62.7 0.041204 0.029736 0.024762 hargrave 2020-08-19 14:07:44 
TT 300 302.8  42.6 302.8  42.6 3.05E-05 001.3 270.9  62.8 0.053560 0.039680 0.033744 hargrave 2020-08-19 18:56:13 
TT 350 301.7  43.3 301.7  43.3 2.82E-05 001.9 268.7  62.4 0.061975 0.062014 0.044488 hargrave 2020-08-20 13:16:28 
TT 400 301.8  42.7 301.8  42.7 2.52E-05 002.1 269.9  62.2 0.082894 0.031422 0.034945 hargrave 2020-08-20 21:20:04 
TT 425 302.3  42.0 302.3  42.0 2.37E-05 001.3 271.5  62.2 0.042632 0.029778 0.031153 hargrave 2020-08-22 17:56:14 
TT 450 299.2  43.7 299.2  43.7 2.24E-05 002.3 266.2  61.0 0.086892 0.028121 0.017796 hargrave 2020-08-23 14:33:54 
TT 475 300.4  42.9 300.4  42.9 2.11E-05 001.6 268.5  61.4 0.051398 0.030793 0.017588 hargrave 2020-08-24 11:20:05 
TT 500 299.4  43.9 299.4  43.9 1.94E-05 002.4 265.9  61.2 0.077069 0.024578 0.021643 hargrave 2020-08-24 19:06:38 
TT 520 300.6  42.5 300.6  42.5 1.75E-05 002.3 269.3  61.3 0.062798 0.027719 0.020933 hargrave 2020-08-25 17:05:59 
TT 540 298.5  43.7 298.5  43.7 1.43E-05 002.3 265.7  60.6 0.052050 0.022195 0.027812 hargrave 2020-08-26 14:03:01 
TT 550 301.9  42.8 301.9  42.8 1.19E-05 002.7 269.7  62.3 0.050260 0.025344 0.006633 hargrave 2020-08-26 21:24:46 
TT 555 302.4  40.0 302.4  40.0 1.08E-05 002.3 275.3  61.2 0.037198 0.024907 0.005987 hargrave 2020-08-27 16:14:51 
TT 560 299.2  41.3 299.2  41.3 8.42E-06 001.5 270.3  59.8 0.016907 0.014212 0.006392 hargrave 2020-08-28 13:04:58 
TT 563 307.9  46.5 307.9  46.5 6.76E-06 002.0 266.0  67.8 0.005213 0.022820 0.006397 hargrave 2020-08-29 13:49:03 
TT 566 300.3  50.3 300.3  50.3 4.94E-06 002.1 253.4  64.1 0.002835 0.016783 0.006260 hargrave 2020-08-30 12:29:42 
TT 570 302.5  33.7 302.5  33.7 3.99E-06 003.4 285.1  57.4 0.010792 0.022671 0.002128 hargrave 2020-08-31 12:52:57 
TT 575 305.9  42.4 305.9  42.4 3.85E-06 003.3 273.7  64.7 0.003025 0.019245 0.011328 hargrave 2020-09-01 10:07:38 
TT 580 320.5  48.1 320.5  48.1 2.91E-06 006.4 269.9  76.3 0.006487 0.031332 0.006653 hargrave 2020-09-02 10:08:44 
TT 590 275.9  46.7 275.9  46.7 2.39E-06 008.0 248.3  47.8 0.003270 0.033902 0.011284 hargrave 2020-09-02 16:29:48 
TT 610 049.1  46.8 049.1  46.8 9.53E-07 014.3 113.1  46.4 0.003493 0.031516 0.004139 hargrave 2020-09-03 11:57:06 
TT 610 042.6  51.7 042.6  51.7 9.09E-07 010.7 117.0  52.4 0.008660 0.018510 0.007727 hargrave 2020-09-03 12:32:40 
