AX22- 9a mag compass orientation (IGRF corrected)
      0  86.2  47.0   0.0   0.0   1.0
NRM    306.3  53.3 306.3  53.3 2.70E-04 001.0 234.7  55.9 0.144118 0.395581 0.188220 hargrave 2020-08-18 14:14:16 
TT 150 304.1  52.4 304.1  52.4 2.44E-04 001.8 236.0  54.6 0.651975 0.230301 0.311711 hargrave 2020-08-18 18:24:37 
TT 250 305.7  48.7 305.7  48.7 2.18E-04 000.9 242.7  55.1 0.178053 0.258088 0.145229 hargrave 2020-08-19 14:15:00 
TT 300 305.5  49.6 305.5  49.6 2.00E-04 001.3 241.1  55.1 0.190017 0.337397 0.245738 hargrave 2020-08-19 19:03:27 
TT 350 305.0  49.3 305.0  49.3 1.78E-04 001.2 241.4  54.7 0.066546 0.288697 0.203040 hargrave 2020-08-20 12:48:38 
TT 400 305.6  45.5 305.6  45.5 1.49E-04 001.8 248.0  54.3 0.261395 0.355685 0.154091 hargrave 2020-08-20 21:27:18 
TT 425 305.3  45.8 305.3  45.8 1.32E-04 002.9 247.5  54.1 0.603225 0.284792 0.061636 hargrave 2020-08-22 18:03:26 
TT 450 302.4  51.9 302.4  51.9 1.20E-04 000.6 236.6  53.4 0.053623 0.095113 0.066731 hargrave 2020-08-23 14:41:11 
TT 475 304.7  47.8 304.7  47.8 1.10E-04 000.9 243.9  54.2 0.062127 0.142523 0.088655 hargrave 2020-08-24 11:27:22 
TT 500 303.3  49.2 303.3  49.2 9.19E-05 001.1 241.4  53.5 0.135747 0.101148 0.073678 hargrave 2020-08-24 19:13:52 
TT 520 300.1  49.6 300.1  49.6 7.77E-05 001.0 240.0  51.6 0.068797 0.101222 0.060008 hargrave 2020-08-25 17:13:13 
TT 540 302.4  51.4 302.4  51.4 6.04E-05 001.4 237.5  53.4 0.106429 0.073133 0.067666 hargrave 2020-08-26 14:10:16 
TT 550 302.8  47.5 302.8  47.5 4.87E-05 001.6 244.1  52.8 0.093025 0.106543 0.035014 hargrave 2020-08-26 21:32:01 
TT 555 299.7  46.4 299.7  46.4 4.15E-05 001.9 244.8  50.6 0.119478 0.068744 0.041095 hargrave 2020-08-27 16:22:06 
TT 560 304.7  50.4 304.7  50.4 3.49E-05 002.5 239.5  54.6 0.141341 0.065138 0.017419 hargrave 2020-08-28 13:12:14 
TT 563 308.4  47.5 308.4  47.5 3.22E-05 001.4 245.3  56.6 0.071698 0.043417 0.016551 hargrave 2020-08-29 13:56:21 
TT 566 306.6  45.6 306.6  45.6 2.55E-05 001.3 248.2  55.0 0.048579 0.063679 0.032027 hargrave 2020-08-30 12:40:02 
TT 570 301.8  44.7 301.8  44.7 2.30E-05 001.9 248.2  51.5 0.067192 0.047116 0.013439 hargrave 2020-08-31 13:00:18 
TT 575 299.4  36.1 299.4  36.1 1.80E-05 000.8 259.2  46.5 0.020834 0.023381 0.019653 hargrave 2020-09-01 10:15:47 
TT 580 290.7  44.4 290.7  44.4 2.01E-05 001.3 244.5  44.0 0.039910 0.036770 0.018184 hargrave 2020-09-02 10:16:03 
TT 590 291.1  51.0 291.1  51.0 1.57E-05 001.1 235.9  46.4 0.022398 0.013997 0.019470 hargrave 2020-09-02 16:35:57 
TT 610 258.1  68.3 258.1  68.3 5.66E-06 004.6 207.2  36.5 0.011401 0.032249 0.035102 hargrave 2020-09-03 12:04:29 
