AX22- 1a mag compass orientation (IGRF corrected)
      0 101.2  49.0   0.0   0.0   1.0
NRM    302.1  41.4 302.1  41.4 7.55E-05 003.5 245.2  39.4 0.372644 0.250190 0.107030 hargrave 2020-08-18 14:02:18 
TT 150 295.6  44.7 295.6  44.7 4.93E-05 002.9 238.9  36.5 0.150712 0.211241 0.049362 hargrave 2020-08-18 18:08:49 
TT 250 297.6  41.3 297.6  41.3 3.94E-05 002.3 243.5  36.4 0.079164 0.128070 0.072959 hargrave 2020-08-19 13:59:08 
TT 300 297.6  42.7 297.6  42.7 3.59E-05 005.2 242.0  37.0 0.242683 0.211261 0.076383 hargrave 2020-08-19 18:47:44 
TT 350 296.8  42.4 296.8  42.4 3.41E-05 004.4 242.0  36.3 0.192860 0.180422 0.075876 hargrave 2020-08-20 12:32:53 
TT 400 297.2  43.1 297.2  43.1 3.11E-05 005.8 241.3  36.9 0.226014 0.220018 0.069370 hargrave 2020-08-20 21:11:34 
TT 425 296.6  42.4 296.6  42.4 2.93E-05 003.7 241.9  36.2 0.096854 0.154528 0.084111 hargrave 2020-08-22 17:46:52 
TT 450 297.0  41.2 297.0  41.2 2.75E-05 002.7 243.4  35.9 0.085037 0.083152 0.076547 hargrave 2020-08-23 14:24:34 
TT 475 296.5  43.0 296.5  43.0 2.48E-05 004.6 241.2  36.4 0.112610 0.169004 0.059787 hargrave 2020-08-24 11:10:42 
TT 500 296.4  40.1 296.4  40.1 2.08E-05 002.7 244.3  35.0 0.066694 0.071294 0.053094 hargrave 2020-08-24 18:57:21 
TT 520 299.5  40.0 299.5  40.0 1.91E-05 003.5 245.8  37.1 0.070428 0.084197 0.057982 hargrave 2020-08-25 16:56:39 
TT 540 300.1  41.4 300.1  41.4 1.73E-05 003.2 244.5  38.1 0.058264 0.070381 0.054856 hargrave 2020-08-26 13:55:16 
TT 550 302.2  41.9 302.2  41.9 1.61E-05 003.2 244.7  39.8 0.062288 0.056526 0.052580 hargrave 2020-08-26 21:15:26 
TT 555 303.6  39.5 303.6  39.5 1.50E-05 006.2 248.1  39.8 0.122171 0.104266 0.051055 hargrave 2020-08-27 16:07:06 
TT 560 302.4  43.1 302.4  43.1 1.43E-05 004.3 243.3  40.4 0.064302 0.081381 0.049582 hargrave 2020-08-28 12:55:33 
TT 563 303.1  41.7 303.1  41.7 1.39E-05 005.7 245.3  40.3 0.093148 0.096432 0.052613 hargrave 2020-08-29 13:39:36 
TT 566 302.3  41.4 302.3  41.4 1.34E-05 004.3 245.3  39.6 0.055927 0.076922 0.051494 hargrave 2020-08-30 12:22:57 
TT 570 302.5  38.3 302.5  38.3 1.35E-05 004.4 249.1  38.4 0.067917 0.071946 0.048613 hargrave 2020-08-31 12:43:30 
TT 575 307.3  41.6 307.3  41.6 1.24E-05 004.2 247.0  43.1 0.049341 0.065356 0.053529 hargrave 2020-09-01 09:58:12 
TT 580 308.7  38.4 308.7  38.4 1.15E-05 003.3 251.6  42.9 0.031783 0.039412 0.046457 hargrave 2020-09-02 09:59:18 
TT 590 303.5  45.3 303.5  45.3 8.49E-06 004.1 241.0  41.9 0.014320 0.040434 0.046523 hargrave 2020-09-02 16:21:54 
TT 610 217.7  34.5 217.7  34.5 2.72E-06 006.5 202.0 -10.6 0.013011 0.027005 0.009177 hargrave 2020-09-03 11:47:38 
