AX22- 2a sun compass orientation
      0  54.3  13.0   0.0   0.0   1.0
NRM    297.5  45.4 297.5  45.4 2.99E-05 003.1 324.9  56.6 0.065997 0.153149 0.015149 hargrave 2020-08-18 14:03:52 
TT 150 292.7  42.7 292.7  42.7 2.82E-05 003.0 319.9  53.3 0.073371 0.132900 0.016841 hargrave 2020-08-18 18:10:25 
TT 250 290.1  40.9 290.1  40.9 2.72E-05 001.5 317.4  51.1 0.041319 0.056643 0.020299 hargrave 2020-08-19 14:00:44 
TT 300 292.1  40.6 292.1  40.6 2.57E-05 007.0 319.9  51.1 0.173080 0.264840 0.030094 hargrave 2020-08-19 18:49:19 
TT 350 288.0  41.3 288.0  41.3 2.43E-05 001.9 314.8  51.2 0.058852 0.051371 0.024280 hargrave 2020-08-20 12:34:29 
TT 400 285.1  41.0 285.1  41.0 2.17E-05 002.1 311.5  50.4 0.038771 0.067546 0.019063 hargrave 2020-08-20 21:13:09 
TT 425 283.9  39.0 283.9  39.0 1.97E-05 001.7 310.8  48.3 0.031119 0.052280 0.016765 hargrave 2020-08-22 17:48:30 
TT 450 287.9  37.9 287.9  37.9 1.71E-05 002.2 315.8  47.8 0.030752 0.061607 0.016434 hargrave 2020-08-23 14:26:09 
TT 475 281.0  41.7 281.0  41.7 1.42E-05 002.4 306.5  50.4 0.032224 0.054062 0.016619 hargrave 2020-08-24 11:12:17 
TT 500 280.7  41.2 280.7  41.2 1.16E-05 001.1 306.4  49.8 0.015031 0.016152 0.010534 hargrave 2020-08-24 18:58:55 
TT 520 287.1  44.7 287.1  44.7 1.04E-05 001.0 312.5  54.4 0.015350 0.012322 0.005004 hargrave 2020-08-25 16:58:13 
TT 540 272.3  42.1 272.3  42.1 7.81E-06 000.9 296.7  49.1 0.008041 0.009275 0.004089 hargrave 2020-08-26 13:56:50 
TT 550 276.6  42.2 276.6  42.2 5.97E-06 002.0 301.4  50.0 0.018932 0.008290 0.004201 hargrave 2020-08-26 21:17:01 
TT 555 276.8  57.3 276.8  57.3 4.77E-06 001.0 292.7  64.4 0.003961 0.005628 0.004848 hargrave 2020-08-27 16:08:42 
TT 560 288.5  35.4 288.5  35.4 5.30E-06 002.4 317.2  45.4 0.015795 0.016073 0.002605 hargrave 2020-08-28 12:57:08 
TT 563 272.1  37.2 272.1  37.2 3.24E-06 001.7 298.4  44.3 0.005889 0.009097 0.005050 hargrave 2020-08-29 13:41:11 
TT 566 235.0  40.0 235.0  40.0 2.36E-06 003.4 259.9  38.9 0.008484 0.007816 0.008488 hargrave 2020-08-30 12:24:33 
TT 570 254.6  69.3 254.6  69.3 2.10E-06 001.2 254.6  69.9 0.003559 0.001682 0.002055 hargrave 2020-08-31 12:45:06 
TT 575 291.8  30.4 291.8  30.4 3.15E-06 002.2 322.0  41.1 0.006421 0.009551 0.005625 hargrave 2020-09-01 09:59:48 
TT 580 320.7  42.7 320.7  42.7 1.81E-06 005.7 355.3  55.7 0.014440 0.006386 0.008952 hargrave 2020-09-02 10:00:54 
TT 590 333.3  09.0 333.3  09.0 9.05E-07 003.0 009.6  21.8 0.003806 0.003484 0.002592 hargrave 2020-09-02 16:23:15 
TT 610 146.3 -56.1 146.3 -56.1 1.21E-06 003.8 183.1 -69.1 0.004665 0.006784 0.000902 hargrave 2020-09-03 11:49:14 
