AX22- 4a mag compass orientation (IGRF corrected)
      0 132.2  13.0   0.0   0.0   1.0
NRM    102.4  29.0 102.4  29.0 7.41E-05 004.5 067.5  34.8 0.534246 0.228090 0.065588 hargrave 2020-08-18 14:06:54 
TT 150 100.9  28.4 100.9  28.4 7.10E-05 005.4 065.8  34.5 0.600425 0.299493 0.066722 hargrave 2020-08-18 18:15:40 
TT 250 105.1  29.2 105.1  29.2 6.89E-05 001.3 070.3  34.3 0.146411 0.053454 0.054328 hargrave 2020-08-19 14:06:01 
TT 300 102.4  28.4 102.4  28.4 6.67E-05 001.9 067.4  34.2 0.208579 0.081627 0.054879 hargrave 2020-08-19 18:54:31 
TT 350 103.8  28.7 103.8  28.7 6.39E-05 001.6 068.8  34.2 0.163192 0.071691 0.046012 hargrave 2020-08-20 12:39:42 
TT 400 102.0  28.5 102.0  28.5 5.97E-05 001.6 066.9  34.3 0.154618 0.062755 0.042026 hargrave 2020-08-20 21:18:23 
TT 425 101.8  29.1 101.8  29.1 5.70E-05 001.7 066.9  35.0 0.164419 0.055133 0.032242 hargrave 2020-08-22 17:54:31 
TT 450 101.4  29.3 101.4  29.3 5.40E-05 003.1 066.5  35.2 0.270852 0.110751 0.030574 hargrave 2020-08-23 14:32:11 
TT 475 100.9  29.3 100.9  29.3 5.02E-05 001.5 066.1  35.4 0.106743 0.080853 0.033629 hargrave 2020-08-24 11:18:22 
TT 500 097.8  28.4 097.8  28.4 4.29E-05 001.2 062.5  35.1 0.075150 0.041849 0.040177 hargrave 2020-08-24 19:04:57 
TT 520 100.5  27.2 100.5  27.2 3.55E-05 001.4 065.1  33.4 0.082520 0.032306 0.024409 hargrave 2020-08-25 17:04:16 
TT 540 100.5  26.2 100.5  26.2 2.86E-05 001.9 064.7  32.4 0.089119 0.042948 0.025225 hargrave 2020-08-26 14:01:18 
TT 550 099.0  24.0 099.0  24.0 2.39E-05 001.9 062.6  30.6 0.067512 0.048132 0.026857 hargrave 2020-08-26 21:23:03 
TT 555 097.5  23.7 097.5  23.7 2.07E-05 002.9 061.0  30.6 0.093352 0.055959 0.023507 hargrave 2020-08-27 16:13:09 
TT 560 105.1  24.3 105.1  24.3 1.70E-05 001.3 069.0  29.6 0.033036 0.024875 0.014640 hargrave 2020-08-28 13:03:15 
TT 563 102.0  24.1 102.0  24.1 1.42E-05 004.6 065.8  30.1 0.103687 0.050481 0.010871 hargrave 2020-08-29 13:47:19 
TT 566 105.4  23.5 105.4  23.5 1.05E-05 001.5 069.0  28.8 0.022033 0.015979 0.013911 hargrave 2020-08-30 12:27:58 
TT 570 102.9  22.6 102.9  22.6 8.52E-06 003.7 066.3  28.4 0.053183 0.019813 0.005329 hargrave 2020-08-31 12:51:13 
TT 575 104.4  24.5 104.4  24.5 6.76E-06 002.8 068.3  29.9 0.031689 0.013284 0.004588 hargrave 2020-09-01 10:05:54 
TT 580 105.8  23.0 105.8  23.0 5.23E-06 004.9 069.4  28.2 0.044393 0.012162 0.002833 hargrave 2020-09-02 10:07:00 
TT 590 105.9  21.1 105.9  21.1 3.67E-06 002.3 068.9  26.3 0.014089 0.007512 0.002120 hargrave 2020-09-02 16:28:23 
TT 610 111.6  24.8 111.6  24.8 1.82E-06 001.9 075.7  28.7 0.005798 0.003387 0.001335 hargrave 2020-09-03 11:55:23 
