AX22- 7a mag compass orientation (IGRF corrected)
      0  19.2   5.0   0.0   0.0   1.0
NRM    301.5  48.4 301.5  48.4 3.58E-04 002.0 013.7  53.3 0.653630 0.884705 0.604993 hargrave 2020-08-18 14:11:18 
TT 150 301.7  46.8 301.7  46.8 3.25E-04 001.8 013.8  51.6 0.673615 0.645330 0.463633 hargrave 2020-08-18 18:20:57 
TT 250 301.7  45.7 301.7  45.7 2.93E-04 002.5 013.8  50.5 0.440446 1.103660 0.447920 hargrave 2020-08-19 14:11:20 
TT 300 301.3  45.1 301.3  45.1 2.68E-04 003.8 013.3  50.0 0.284009 1.703062 0.383834 hargrave 2020-08-19 18:59:46 
TT 350 299.8  45.0 299.8  45.0 2.41E-04 001.6 011.6  49.9 0.574774 0.126235 0.334261 hargrave 2020-08-20 12:45:00 
TT 400 300.1  44.5 300.1  44.5 2.08E-04 002.0 012.0  49.4 0.352286 0.589929 0.298779 hargrave 2020-08-20 21:23:39 
TT 425 298.6  44.5 298.6  44.5 1.89E-04 003.1 010.3  49.5 0.103463 1.014520 0.089583 hargrave 2020-08-22 17:59:47 
TT 450 295.0  43.8 295.0  43.8 1.73E-04 003.1 006.4  48.7 0.110779 0.933275 0.137669 hargrave 2020-08-23 14:37:28 
TT 475 298.3  43.4 298.3  43.4 1.60E-04 001.2 010.0  48.3 0.246009 0.170319 0.152272 hargrave 2020-08-24 11:23:41 
TT 500 298.8  42.8 298.8  42.8 1.43E-04 001.7 010.5  47.7 0.278857 0.165095 0.258138 hargrave 2020-08-24 19:10:12 
TT 520 296.1  42.5 296.1  42.5 1.26E-04 001.7 007.5  47.5 0.251772 0.090692 0.254768 hargrave 2020-08-25 17:09:33 
TT 540 298.0  42.2 298.0  42.2 1.04E-04 003.6 009.6  47.2 0.159781 0.601050 0.232457 hargrave 2020-08-26 14:06:37 
TT 550 295.8  42.6 295.8  42.6 9.21E-05 002.0 007.2  47.6 0.232950 0.063087 0.228218 hargrave 2020-08-26 21:28:21 
TT 555 300.7  43.0 300.7  43.0 8.36E-05 002.1 012.5  47.8 0.124031 0.220708 0.173077 hargrave 2020-08-27 16:18:27 
TT 560 295.6  40.7 295.6  40.7 7.42E-05 002.1 007.0  45.7 0.105270 0.211230 0.132345 hargrave 2020-08-28 13:08:34 
TT 563 295.9  42.2 295.9  42.2 6.51E-05 001.2 007.4  47.2 0.095071 0.041535 0.082763 hargrave 2020-08-29 13:52:40 
TT 566 293.3  40.9 293.3  40.9 5.57E-05 001.9 004.5  45.9 0.079997 0.134328 0.092394 hargrave 2020-08-30 12:36:22 
TT 570 299.6  41.6 299.6  41.6 5.05E-05 002.3 011.3  46.5 0.028621 0.198066 0.042597 hargrave 2020-08-31 12:56:35 
TT 575 294.1  41.6 294.1  41.6 4.17E-05 001.4 005.3  46.6 0.025337 0.099217 0.017829 hargrave 2020-09-01 10:11:15 
TT 580 297.2  44.7 297.2  44.7 3.43E-05 002.7 008.8  49.7 0.047049 0.153279 0.013135 hargrave 2020-09-02 10:12:22 
TT 590 298.3  43.4 298.3  43.4 2.72E-05 002.0 010.0  48.3 0.121940 0.042386 0.024431 hargrave 2020-09-02 16:32:54 
TT 610 309.4  52.6 309.4  52.6 8.08E-06 001.3 022.8  57.2 0.011351 0.014614 0.008332 hargrave 2020-09-03 12:00:42 
