AX22- 3a mag compass orientation (IGRF corrected)
      0 145.2   7.0   0.0   0.0   1.0
NRM    297.4  42.2 297.4  42.2 3.17E-05 003.7 237.0  38.6 0.182540 0.094035 0.030372 hargrave 2020-08-18 14:05:27 
TT 150 294.3  42.0 294.3  42.0 3.13E-05 004.4 234.2  38.2 0.200766 0.129115 0.040071 hargrave 2020-08-18 18:14:03 
TT 250 296.6  42.2 296.6  42.2 3.05E-05 002.3 236.3  38.5 0.098917 0.077216 0.025469 hargrave 2020-08-19 14:04:22 
TT 300 296.2  41.3 296.2  41.3 2.97E-05 003.1 236.0  37.6 0.136782 0.079251 0.049730 hargrave 2020-08-19 18:52:54 
TT 350 296.2  41.4 296.2  41.4 2.85E-05 003.9 236.1  37.7 0.165817 0.092972 0.046762 hargrave 2020-08-20 12:38:05 
TT 400 295.0  42.2 295.0  42.2 2.66E-05 008.2 234.8  38.4 0.325235 0.204916 0.037233 hargrave 2020-08-20 21:16:46 
TT 425 299.1  41.4 299.1  41.4 2.58E-05 001.1 238.8  38.1 0.045109 0.033245 0.019358 hargrave 2020-08-22 17:52:54 
TT 450 297.1  41.2 297.1  41.2 2.45E-05 002.2 237.0  37.6 0.075079 0.058996 0.016283 hargrave 2020-08-23 14:30:34 
TT 475 290.7  42.1 290.7  42.1 2.31E-05 001.5 230.8  37.9 0.051337 0.038611 0.019527 hargrave 2020-08-24 11:16:44 
TT 500 291.8  41.2 291.8  41.2 2.05E-05 003.7 231.9  37.1 0.111278 0.073191 0.022801 hargrave 2020-08-24 19:03:19 
TT 520 292.5  39.7 292.5  39.7 1.80E-05 001.3 232.8  35.7 0.025725 0.031254 0.020860 hargrave 2020-08-25 17:02:39 
TT 540 290.9  39.1 290.9  39.1 1.48E-05 001.3 231.4  34.9 0.020659 0.024327 0.019515 hargrave 2020-08-26 13:59:41 
TT 550 296.0  38.3 296.0  38.3 1.25E-05 003.9 236.4  34.7 0.075671 0.040811 0.016473 hargrave 2020-08-26 21:21:25 
TT 555 291.9  38.8 291.9  38.8 1.08E-05 003.6 232.5  34.7 0.057323 0.035258 0.012019 hargrave 2020-08-27 16:11:31 
TT 560 290.8  39.1 290.8  39.1 8.42E-06 003.0 231.3  35.0 0.037702 0.023857 0.009373 hargrave 2020-08-28 13:01:36 
TT 563 293.5  37.9 293.5  37.9 6.63E-06 002.6 234.1  34.0 0.025989 0.016949 0.004375 hargrave 2020-08-29 13:45:37 
TT 566 289.2  39.9 289.2  39.9 4.36E-06 006.2 229.7  35.6 0.038180 0.028475 0.003668 hargrave 2020-08-30 12:26:19 
TT 570 292.8  35.9 292.8  35.9 3.68E-06 001.9 233.7  32.0 0.009467 0.008383 0.002130 hargrave 2020-08-31 12:49:34 
TT 575 287.6  37.8 287.6  37.8 2.59E-06 003.3 228.5  33.4 0.010406 0.011256 0.002258 hargrave 2020-09-01 10:04:16 
TT 580 296.7  38.7 296.7  38.7 2.27E-06 004.9 236.9  35.1 0.016049 0.010768 0.001573 hargrave 2020-09-02 10:05:21 
TT 590 298.8  39.1 298.8  39.1 1.56E-06 002.3 238.9  35.7 0.004549 0.004749 0.001234 hargrave 2020-09-02 16:26:59 
TT 610 300.9  32.8 300.9  32.8 8.41E-07 003.5 241.9  29.7 0.004045 0.003049 0.001733 hargrave 2020-09-03 11:53:43 
