AX3- 4b mag compass orientation (IGRF corrected)
      0  70.7  83.0   0.0   0.0   1.0
NRM    286.3  26.4 286.3  26.4 2.15E-06 003.8 242.6  34.9 0.013533 0.003094 0.004720 hargrave 2019-09-13 17:35:57 
TT 100 286.5  25.8 286.5  25.8 2.12E-06 005.0 243.2  35.1 0.017805 0.004074 0.004720 hargrave 2019-09-20 12:56:11 
TT 150 287.3  30.0 287.3  30.0 2.06E-06 002.5 238.0  35.0 0.008003 0.002346 0.004209 hargrave 2019-09-20 19:45:22 
TT 200 286.6  24.4 286.6  24.4 1.98E-06 003.9 245.0  35.4 0.012154 0.002839 0.005774 hargrave 2019-09-21 15:36:04 
TT 250 286.5  23.8 286.5  23.8 1.90E-06 003.5 245.7  35.5 0.010577 0.003753 0.003954 hargrave 2019-09-22 13:14:47 
TT 300 286.5  22.4 286.5  22.4 1.73E-06 001.9 247.4  35.7 0.003104 0.003318 0.003898 hargrave 2019-09-22 19:10:13 
TT 350 284.5  22.8 284.5  22.8 1.59E-06 006.5 247.2  33.8 0.016811 0.005999 0.003693 hargrave 2019-09-27 21:00:59 
TT 400 294.2  24.6 294.2  24.6 1.37E-06 005.8 242.9  42.2 0.004305 0.000738 0.020484 hargrave 2019-09-28 15:13:27 
TT 450 304.0  19.4 304.0  19.4 1.22E-06 012.2 247.1  52.3 0.005478 0.001149 0.043932 hargrave 2019-09-29 12:37:59 
TT 450 299.2  25.7 299.2  25.7 1.08E-06 008.4 239.8  46.3 0.005976 0.002037 0.021019 hargrave 2019-09-29 13:40:02 
TT 475 303.3  16.6 303.3  16.6 8.42E-07 009.3 251.9  52.2 0.007787 0.001434 0.021184 hargrave 2019-09-29 18:20:24 
TT 475 292.8  18.0 292.8  18.0 7.14E-07 003.8 252.0  42.1 0.004513 0.001580 0.001501 hargrave 2019-09-30 08:32:40 
TT 500 287.7  19.0 287.7  19.0 5.11E-07 001.6 251.4  37.2 0.001204 0.000765 0.000594 hargrave 2019-10-04 16:18:37 
TT 520 289.1  23.5 289.1  23.5 5.31E-07 007.3 245.5  37.9 0.006488 0.001849 0.001318 hargrave 2019-10-05 18:42:21 
TT 540 286.5  12.6 286.5  12.6 4.12E-07 007.6 259.5  36.4 0.005361 0.001134 0.000671 hargrave 2019-10-06 15:48:44 
TT 545 294.0  18.3 294.0  18.3 4.08E-07 009.9 251.5  43.2 0.005691 0.004132 0.001607 hargrave 2019-10-14 12:07:45 
TT 545 292.0  18.2 292.0  18.2 4.21E-07 005.9 251.9  41.3 0.004008 0.001525 0.001277 hargrave 2019-10-14 13:07:47 
TT 550 293.1  19.2 293.1  19.2 3.25E-07 013.9 250.3  42.2 0.003637 0.006773 0.002951 hargrave 2019-10-14 18:30:24 
TT 550 282.0  09.6 282.0  09.6 3.84E-07 003.9 263.0  31.9 0.002371 0.001077 0.000815 hargrave 2019-10-15 08:30:24 
TT 555 304.0  21.3 304.0  21.3 2.83E-07 016.9 244.2  51.8 0.003790 0.007970 0.001409 hargrave 2019-10-19 17:03:06 
TT 555 297.6  22.5 297.6  22.5 2.96E-07 007.9 244.7  45.7 0.003365 0.001753 0.002489 hargrave 2019-10-19 18:11:37 
TT 560 292.0  17.1 292.0  17.1 2.09E-07 024.2 253.3  41.4 0.003391 0.008802 0.002889 hargrave 2019-10-20 14:24:58 
TT 560 283.7  14.9 283.7  14.9 2.43E-07 013.6 256.8  33.6 0.003582 0.003920 0.002921 hargrave 2019-10-20 15:30:17 
TT 565 292.9  08.8 292.9  08.8 1.89E-07 029.9 264.5  42.7 0.003605 0.009107 0.005288 hargrave 2019-10-21 09:08:13 
TT 565 285.2  08.4 285.2  08.4 2.16E-07 017.8 264.6  35.0 0.002705 0.005489 0.003821 hargrave 2019-10-21 10:22:27 
TT 568 298.6  37.2 298.6  37.2 2.36E-07 031.2 225.3  41.3 0.005155 0.012576 0.004709 hargrave 2019-10-21 15:54:28 
TT 570 294.8  08.2 294.8  08.2 2.09E-07 030.7 265.3  44.5 0.003706 0.010788 0.005691 hargrave 2019-10-25 12:17:06 
TT 570 279.7  00.2 279.7  00.2 2.41E-07 015.9 273.6  28.8 0.002637 0.004236 0.004916 hargrave 2019-10-25 13:24:11 
TT 572 338.1  03.4 338.1  03.4 3.29E-07 036.6 323.9  85.6 0.005389 0.010846 0.029574 hargrave 2019-10-25 19:11:04 
TT 575 301.7  14.4 301.7  14.4 1.82E-07 033.4 255.8  51.0 0.004239 0.010136 0.005030 hargrave 2019-11-01 11:58:18 
TT 577 309.2  43.7 309.2  43.7 1.32E-07 046.0 211.7  44.1 0.004698 0.010830 0.007079 hargrave 2019-11-01 17:51:44 
TT 579 272.5  17.2 272.5  17.2 2.20E-07 028.1 254.2  22.9 0.005628 0.010803 0.004110 hargrave 2019-11-02 16:00:28 
TT 581 292.7  31.6 292.7  31.6 1.56E-07 033.1 234.6  39.0 0.003898 0.008330 0.004586 hargrave 2019-11-03 14:17:05 
TT 585 290.1  00.7 290.1  00.7 2.75E-07 019.6 274.9  39.1 0.004727 0.006260 0.006057 hargrave 2019-11-04 08:54:59 
TT 600 294.2  36.3 294.2  36.3 1.75E-07 026.8 228.3  38.5 0.002634 0.008523 0.001672 hargrave 2019-11-15 12:14:16 
TT 615 357.9  62.3 357.9  62.3 1.47E-07 029.3 170.6  33.2 0.001304 0.008177 0.002512 hargrave 2019-11-15 18:35:56 
TT 630 053.9  34.9 053.9  34.9 1.47E-07 018.6 124.5  17.7 0.000799 0.007144 0.002599 hargrave 2019-11-16 13:56:05 
TT 645 074.9  26.0 074.9  26.0 1.56E-07 015.4 116.3 -00.7 0.001066 0.006888 0.002361 hargrave 2019-11-23 13:52:56 
TT 660 056.8 -09.6 056.8 -09.6 1.19E-07 016.6 078.5  12.4 0.000864 0.001892 0.003657 hargrave 2019-11-24 10:29:08 
TT 675 026.0  53.2 026.0  53.2 2.27E-07 013.3 150.2  31.0 0.001111 0.006318 0.002315 hargrave 2019-12-01 17:12:24 
