AX3- 5b mag compass orientation (IGRF corrected)
      0  69.7  53.0   0.0   0.0   1.0
NRM    291.9  23.7 291.9  23.7 5.21E-06 003.3 274.1  47.2 0.023422 0.012420 0.014433 hargrave 2019-09-13 17:37:35 
TT 100 288.7  28.8 288.7  28.8 5.19E-06 003.4 265.5  46.9 0.022518 0.015449 0.014022 hargrave 2019-09-20 12:57:29 
TT 150 289.1  27.5 289.1  27.5 5.05E-06 004.2 267.5  46.7 0.030492 0.016795 0.013921 hargrave 2019-09-20 19:46:39 
TT 200 289.2  24.1 289.2  24.1 4.87E-06 002.6 271.9  45.2 0.007025 0.015530 0.013746 hargrave 2019-09-21 15:37:21 
TT 250 291.1  21.4 291.1  21.4 4.47E-06 004.2 276.4  45.3 0.025645 0.015318 0.012896 hargrave 2019-09-22 13:16:04 
TT 300 291.5  19.1 291.5  19.1 3.85E-06 002.7 279.5  44.4 0.010033 0.012678 0.009032 hargrave 2019-09-22 19:11:30 
TT 350 291.0  22.6 291.0  22.6 3.26E-06 002.4 274.8  45.9 0.009579 0.014389 0.011074 hargrave 2019-09-27 21:02:14 
TT 400 290.1  21.3 290.1  21.3 2.31E-06 001.9 275.9  44.5 0.004997 0.003800 0.004819 hargrave 2019-09-28 15:14:42 
TT 450 294.7  23.1 294.7  23.1 1.69E-06 005.9 276.8  49.1 0.001499 0.003887 0.023423 hargrave 2019-09-29 12:39:14 
TT 475 279.5  20.1 279.5  20.1 1.11E-06 007.6 270.4  35.4 0.005486 0.003591 0.016295 hargrave 2019-09-29 18:21:38 
TT 500 288.4  30.5 288.4  30.5 1.10E-06 005.7 263.1  47.4 0.009936 0.003685 0.003288 hargrave 2019-10-04 16:20:10 
TT 520 288.1  25.9 288.1  25.9 9.31E-07 003.2 269.0  45.2 0.003827 0.002602 0.002653 hargrave 2019-10-05 18:43:53 
TT 540 296.6  31.4 296.6  31.4 6.99E-07 005.1 265.9  54.2 0.005771 0.002331 0.000838 hargrave 2019-10-06 15:50:17 
TT 545 289.8  29.0 289.8  29.0 6.45E-07 007.0 265.9  47.9 0.007460 0.002288 0.001462 hargrave 2019-10-14 12:09:18 
TT 550 281.5  31.1 281.5  31.1 6.10E-07 004.6 259.0  42.2 0.004260 0.002244 0.001167 hargrave 2019-10-14 18:31:56 
TT 555 290.1  31.3 290.1  31.3 6.76E-07 003.6 262.9  49.0 0.003455 0.002354 0.001358 hargrave 2019-10-19 17:04:39 
TT 560 292.2  28.5 292.2  28.5 5.10E-07 003.2 267.9  49.5 0.001798 0.002079 0.001100 hargrave 2019-10-20 14:26:30 
TT 565 292.8  26.4 292.8  26.4 5.37E-07 002.7 271.2  49.1 0.001836 0.001820 0.000751 hargrave 2019-10-21 09:09:45 
TT 568 299.3  32.4 299.3  32.4 4.76E-07 003.4 265.7  56.7 0.001702 0.002052 0.001174 hargrave 2019-10-21 15:56:00 
TT 570 294.6  24.1 294.6  24.1 4.96E-07 004.1 275.5  49.5 0.003371 0.000793 0.001178 hargrave 2019-10-25 12:18:39 
TT 572 308.4  31.6 308.4  31.6 6.01E-07 007.3 272.5  63.7 0.003782 0.001930 0.019795 hargrave 2019-10-25 19:13:24 
TT 575 294.6  32.7 294.6  32.7 4.28E-07 003.2 262.9  53.0 0.001899 0.001130 0.001129 hargrave 2019-11-01 11:59:50 
TT 577 288.9  24.1 288.9  24.1 4.28E-07 004.1 271.7  45.0 0.002386 0.001521 0.001342 hargrave 2019-11-01 17:53:11 
TT 579 294.4  30.6 294.4  30.6 4.86E-07 003.1 266.0  52.2 0.002197 0.001752 0.000447 hargrave 2019-11-02 16:01:56 
TT 581 294.6  23.8 294.6  23.8 4.07E-07 005.2 275.9  49.3 0.003758 0.000858 0.001181 hargrave 2019-11-03 14:18:33 
TT 585 290.2  31.0 290.2  31.0 3.96E-07 003.0 263.2  49.0 0.001720 0.001563 0.000350 hargrave 2019-11-04 08:56:13 
TT 600 287.2  10.1 287.2  10.1 2.82E-07 003.7 285.7  35.7 0.001594 0.000527 0.000862 hargrave 2019-11-15 12:15:44 
TT 615 282.4  35.1 282.4  35.1 1.58E-07 004.1 254.3  44.3 0.000750 0.000559 0.000694 hargrave 2019-11-15 18:37:23 
TT 630 286.1  14.8 286.1  14.8 1.39E-07 006.8 280.3  37.6 0.001175 0.000452 0.001192 hargrave 2019-11-16 13:57:33 
TT 645 268.6  28.1 268.6  28.1 1.13E-07 004.6 256.2  30.8 0.000750 0.000439 0.000423 hargrave 2019-11-23 13:54:24 
TT 660 320.9  27.7 320.9  27.7 1.04E-07 006.7 294.9  71.6 0.000806 0.000670 0.000837 hargrave 2019-11-24 10:30:37 
TT 675 295.4  19.3 295.4  19.3 6.17E-08 004.6 282.2  47.5 0.000415 0.000457 0.000102 hargrave 2019-12-01 17:13:52 
