AX3- 6b mag compass orientation (IGRF corrected)
      0  72.7  75.0   0.0   0.0   1.0
NRM    289.3  27.8 289.3  27.8 4.07E-06 003.0 246.2  39.1 0.020093 0.008277 0.002112 hargrave 2019-09-13 17:39:10 
TT 100 289.3  27.3 289.3  27.3 4.01E-06 002.6 246.8  39.1 0.015621 0.009483 0.001673 hargrave 2019-09-20 12:58:43 
TT 150 289.1  29.4 289.1  29.4 3.92E-06 001.6 244.1  38.8 0.008995 0.006363 0.002402 hargrave 2019-09-20 19:47:52 
TT 200 288.5  26.7 288.5  26.7 3.84E-06 000.7 247.6  38.4 0.003118 0.003628 0.002825 hargrave 2019-09-21 15:38:35 
TT 250 287.3  26.8 287.3  26.8 3.67E-06 005.3 247.5  37.3 0.031479 0.013166 0.002711 hargrave 2019-09-22 13:17:18 
TT 300 286.3  22.4 286.3  22.4 3.43E-06 001.9 253.0  36.4 0.010811 0.004123 0.001426 hargrave 2019-09-22 19:12:44 
TT 350 284.1  28.4 284.1  28.4 2.91E-06 003.6 245.6  34.5 0.005955 0.003856 0.021064 hargrave 2019-09-27 21:03:27 
TT 400 285.9  25.9 285.9  25.9 2.28E-06 005.1 248.6  36.0 0.010429 0.002292 0.021959 hargrave 2019-09-28 15:15:55 
TT 450 297.0  24.1 297.0  24.1 1.87E-06 008.8 250.6  46.2 0.003716 0.001192 0.043731 hargrave 2019-09-29 12:40:26 
TT 450 292.3  24.6 292.3  24.6 1.73E-06 004.8 250.2  41.9 0.001649 0.001377 0.020556 hargrave 2019-09-29 13:41:18 
TT 475 286.7  20.4 286.7  20.4 1.11E-06 001.1 255.5  36.6 0.001052 0.000837 0.001706 hargrave 2019-09-29 18:22:51 
TT 500 292.6  15.8 292.6  15.8 8.77E-07 002.6 262.0  41.8 0.003784 0.001448 0.000538 hargrave 2019-10-04 16:21:39 
TT 520 297.6  12.5 297.6  12.5 6.75E-07 002.9 267.4  46.2 0.003331 0.000968 0.000371 hargrave 2019-10-05 18:45:23 
TT 540 288.6  31.8 288.6  31.8 6.25E-07 001.6 241.1  38.2 0.001446 0.000608 0.000960 hargrave 2019-10-06 15:51:46 
TT 545 289.9  11.2 289.9  11.2 5.31E-07 004.4 267.5  38.6 0.003978 0.000869 0.001065 hargrave 2019-10-14 12:10:47 
TT 550 282.8  24.7 282.8  24.7 5.46E-07 002.5 250.0  33.2 0.001995 0.000664 0.001164 hargrave 2019-10-14 18:33:25 
TT 555 279.0  14.9 279.0  14.9 4.29E-07 001.6 261.0  28.7 0.000808 0.000492 0.000918 hargrave 2019-10-19 17:06:08 
TT 560 293.5  11.6 293.5  11.6 3.99E-07 002.1 267.8  42.1 0.000963 0.001251 0.001014 hargrave 2019-10-20 14:27:59 
TT 565 283.0  23.9 283.0  23.9 3.43E-07 001.8 251.0  33.4 0.000484 0.000717 0.001184 hargrave 2019-10-21 09:11:15 
TT 568 289.4  30.3 289.4  30.3 4.53E-07 001.4 242.9  38.9 0.000931 0.000624 0.000977 hargrave 2019-10-21 15:57:29 
TT 570 303.1  23.8 303.1  23.8 4.06E-07 001.8 250.5  51.7 0.001210 0.000356 0.000281 hargrave 2019-10-25 12:20:10 
TT 572 317.8  20.6 317.8  20.6 7.11E-07 006.4 253.2  65.6 0.002924 0.001016 0.016442 hargrave 2019-10-25 19:15:40 
TT 575 292.5  16.2 292.5  16.2 4.12E-07 003.1 261.5  41.7 0.002046 0.001174 0.000586 hargrave 2019-11-01 12:01:20 
TT 577 284.3  20.9 284.3  20.9 3.96E-07 003.2 254.7  34.4 0.001552 0.000845 0.001490 hargrave 2019-11-01 17:54:39 
TT 579 297.5  05.6 297.5  05.6 3.02E-07 002.1 277.0  44.7 0.000747 0.000841 0.000615 hargrave 2019-11-02 16:03:26 
TT 581 267.4  06.6 267.4  06.6 2.62E-07 004.4 267.3  15.8 0.001721 0.001237 0.000989 hargrave 2019-11-03 14:20:03 
TT 585 284.3  40.8 284.3  40.8 2.22E-07 003.8 230.7  33.5 0.001386 0.001554 0.000899 hargrave 2019-11-04 08:57:26 
TT 600 283.6  29.4 283.6  29.4 3.16E-07 002.6 244.3  34.0 0.001255 0.000667 0.000535 hargrave 2019-11-15 12:17:12 
TT 615 284.2 -01.4 284.2 -01.4 9.87E-08 006.5 280.6  29.8 0.000932 0.000545 0.000594 hargrave 2019-11-15 18:38:50 
TT 630 291.6 -49.5 291.6 -49.5 8.59E-08 004.4 328.9  11.4 0.000515 0.000554 0.000211 hargrave 2019-11-16 13:59:01 
TT 645 001.6 -12.3 001.6 -12.3 7.32E-08 001.8 035.4  56.8 0.000184 0.000192 0.000147 hargrave 2019-11-23 13:55:53 
TT 660 307.6 -58.6 307.6 -58.6 1.05E-07 003.8 342.2  11.0 0.000242 0.000546 0.000511 hargrave 2019-11-24 10:32:05 
TT 675 079.4  50.9 079.4  50.9 6.17E-08 008.5 140.8  07.4 0.000566 0.000694 0.000377 hargrave 2019-12-01 17:15:21 
