AX3- 10b mag compass orientation (IGRF corrected)
      0  65.7  73.0   0.0   0.0   1.0
NRM    281.0  25.2 281.0  25.2 1.22E-06 001.6 251.1  38.6 0.003023 0.001686 0.000895 hargrave 2019-09-13 17:45:19 
TT 100 282.9  26.3 282.9  26.3 1.22E-06 001.2 249.6  40.3 0.002131 0.001879 0.001075 hargrave 2019-09-20 13:03:33 
TT 150 282.1  24.5 282.1  24.5 1.19E-06 002.6 252.0  39.6 0.005082 0.001420 0.001379 hargrave 2019-09-20 19:52:38 
TT 200 282.5  21.7 282.5  21.7 1.17E-06 002.2 255.7  39.8 0.004241 0.001321 0.001117 hargrave 2019-09-21 15:43:24 
TT 250 283.0  23.0 283.0  23.0 1.13E-06 001.7 254.0  40.4 0.002859 0.001993 0.001422 hargrave 2019-09-22 13:22:18 
TT 300 279.9  20.2 279.9  20.2 1.03E-06 002.1 257.2  37.2 0.003214 0.002330 0.000677 hargrave 2019-09-22 19:17:38 
TT 350 278.6  24.2 278.6  24.2 9.32E-07 004.7 252.2  36.4 0.007436 0.001958 0.000438 hargrave 2019-09-27 21:08:37 
TT 400 281.2  23.3 281.2  23.3 7.62E-07 002.8 253.4  38.8 0.003414 0.001098 0.001764 hargrave 2019-09-28 15:21:05 
TT 450 304.4  22.3 304.4  22.3 8.11E-07 014.9 254.7  60.1 0.003739 0.001011 0.043861 hargrave 2019-09-29 12:46:56 
TT 450 295.3  25.3 295.3  25.3 6.47E-07 009.9 250.6  51.6 0.002572 0.000732 0.019431 hargrave 2019-09-29 13:44:35 
TT 475 296.1  25.1 296.1  25.1 5.54E-07 012.3 250.7  52.3 0.000436 0.000551 0.021055 hargrave 2019-09-29 18:29:19 
TT 475 279.9  21.9 279.9  21.9 4.33E-07 002.4 255.1  37.4 0.001647 0.001090 0.000702 hargrave 2019-09-30 08:35:28 
TT 500 285.7  27.3 285.7  27.3 3.93E-07 002.8 248.3  42.8 0.001779 0.000818 0.000400 hargrave 2019-10-04 16:27:59 
TT 520 296.8  28.3 296.8  28.3 2.73E-07 002.3 245.4  52.5 0.000838 0.000675 0.000384 hargrave 2019-10-05 18:51:41 
TT 540 289.1  35.0 289.1  35.0 2.96E-07 003.8 237.2  44.9 0.001597 0.001151 0.000303 hargrave 2019-10-06 15:58:06 
TT 545 303.2  41.0 303.2  41.0 2.37E-07 004.3 222.5  53.2 0.001272 0.001400 0.000640 hargrave 2019-10-14 12:17:11 
TT 550 283.6  34.6 283.6  34.6 2.21E-07 003.1 238.7  40.5 0.001097 0.000660 0.000258 hargrave 2019-10-14 18:39:47 
TT 555 295.4  27.7 295.4  27.7 1.79E-07 002.6 246.7  51.4 0.000592 0.000670 0.000753 hargrave 2019-10-19 17:12:28 
TT 560 291.2  28.5 291.2  28.5 1.63E-07 006.6 246.1  47.6 0.001628 0.001126 0.000492 hargrave 2019-10-20 14:34:20 
TT 565 291.0  25.5 291.0  25.5 1.17E-07 004.7 250.6  47.6 0.000511 0.000711 0.000577 hargrave 2019-10-21 09:17:36 
TT 568 287.5  40.7 287.5  40.7 1.33E-07 005.6 229.9  42.3 0.000877 0.001126 0.000606 hargrave 2019-10-21 16:03:51 
TT 570 308.5  31.0 308.5  31.0 1.27E-07 005.2 235.4  61.6 0.000876 0.000689 0.000634 hargrave 2019-10-25 12:26:33 
TT 572 285.4  28.8 285.4  28.8 1.36E-07 007.8 246.3  42.5 0.001002 0.001250 0.001152 hargrave 2019-10-25 19:21:58 
TT 575 302.3  41.5 302.3  41.5 1.44E-07 002.8 222.4  52.3 0.000443 0.000509 0.000468 hargrave 2019-11-01 12:07:44 
TT 577 322.1  24.4 322.1  24.4 1.05E-07 009.7 237.4  75.2 0.001261 0.001254 0.000357 hargrave 2019-11-01 18:02:14 
TT 577 325.4  23.8 325.4  23.8 1.11E-07 004.4 233.2  78.2 0.000198 0.000633 0.001205 hargrave 2019-11-02 10:36:45 
TT 579 285.3  38.5 285.3  38.5 1.11E-07 006.5 233.3  41.2 0.001169 0.000908 0.000622 hargrave 2019-11-02 16:09:25 
TT 581 318.2  52.3 318.2  52.3 1.00E-07 005.4 197.4  52.1 0.000788 0.000608 0.000726 hargrave 2019-11-03 14:29:16 
TT 585 295.1  34.3 295.1  34.3 6.64E-08 009.3 236.6  49.8 0.000914 0.000959 0.000597 hargrave 2019-11-04 09:02:28 
TT 600 344.7  53.8 344.7  53.8 2.56E-08 010.8 171.2  52.4 0.000416 0.000244 0.000310 hargrave 2019-11-15 12:23:12 
TT 615 316.9  21.2 316.9  21.2 5.65E-08 008.0 253.6  71.7 0.000700 0.000368 0.000367 hargrave 2019-11-15 18:45:32 
TT 615 317.4  25.0 317.4  25.0 5.72E-08 006.9 241.9  71.1 0.000537 0.000423 0.000531 hargrave 2019-11-15 21:55:15 
TT 630 115.6  24.9 115.6  24.9 1.92E-08 022.2 136.0 -32.6 0.000232 0.000288 0.000755 hargrave 2019-11-16 14:05:02 
TT 645 328.4 -30.0 328.4 -30.0 1.99E-08 016.7 351.4  42.2 0.000497 0.000330 0.000232 hargrave 2019-11-23 14:03:33 
TT 660 327.3  50.0 327.3  50.0 3.71E-08 007.8 189.8  56.2 0.000471 0.000395 0.000457 hargrave 2019-11-24 10:38:11 
TT 675 285.6  33.1 285.6  33.1 3.31E-08 005.4 240.3  42.2 0.000148 0.000181 0.000345 hargrave 2019-12-01 17:22:58 
