AX3- 8b mag compass orientation (IGRF corrected)
      0  74.7  65.0   0.0   0.0   1.0
NRM    295.6  37.0 295.6  37.0 1.52E-06 002.6 241.7  46.7 0.006031 0.003563 0.000607 hargrave 2019-09-13 17:42:13 
TT 100 295.7  32.9 295.7  32.9 1.48E-06 000.9 247.7  46.7 0.001702 0.001913 0.000646 hargrave 2019-09-20 13:01:05 
TT 150 295.2  35.2 295.2  35.2 1.44E-06 001.8 244.3  46.4 0.003914 0.002333 0.001082 hargrave 2019-09-20 19:50:12 
TT 200 295.0  32.7 295.0  32.7 1.40E-06 000.7 247.9  46.2 0.001494 0.001183 0.000741 hargrave 2019-09-21 15:40:56 
TT 250 295.1  31.0 295.1  31.0 1.33E-06 000.9 250.5  46.2 0.001468 0.001883 0.000764 hargrave 2019-09-22 13:19:44 
TT 300 294.3  32.2 294.3  32.2 1.22E-06 002.7 248.6  45.5 0.005466 0.001964 0.000552 hargrave 2019-09-22 19:15:06 
TT 350 291.6  29.8 291.6  29.8 1.08E-06 001.0 251.6  43.0 0.001299 0.001470 0.000592 hargrave 2019-09-27 21:05:59 
TT 400 290.6  28.8 290.6  28.8 9.05E-07 001.0 252.8  42.0 0.001576 0.000853 0.001042 hargrave 2019-09-28 15:18:27 
TT 450 297.1  34.8 297.1  34.8 7.74E-07 010.1 244.9  48.0 0.001697 0.001198 0.022414 hargrave 2019-09-29 12:43:38 
TT 450 282.4  33.9 282.4  33.9 6.39E-07 002.4 245.0  35.8 0.002154 0.001280 0.001341 hargrave 2019-09-29 13:43:16 
TT 475 302.1  30.2 302.1  30.2 6.21E-07 011.7 252.3  52.1 0.002617 0.001020 0.022017 hargrave 2019-09-29 18:26:03 
TT 475 301.6  28.8 301.6  28.8 6.22E-07 010.3 254.4  51.6 0.001110 0.000564 0.019350 hargrave 2019-09-30 08:34:05 
TT 500 291.7  19.2 291.7  19.2 4.14E-07 002.5 265.6  40.8 0.001550 0.000808 0.000849 hargrave 2019-10-04 16:24:46 
TT 520 288.2  26.9 288.2  26.9 3.25E-07 001.5 254.8  39.5 0.000442 0.000683 0.000612 hargrave 2019-10-05 18:48:28 
TT 540 264.5  32.4 264.5  32.4 2.70E-07 001.5 243.0  20.9 0.000618 0.000308 0.000402 hargrave 2019-10-06 15:54:52 
TT 545 304.6  18.1 304.6  18.1 2.66E-07 005.6 272.3  52.2 0.002143 0.000849 0.001707 hargrave 2019-10-14 12:13:55 
TT 550 298.8  04.6 298.8  04.6 2.03E-07 004.6 287.1  41.5 0.001511 0.000554 0.000456 hargrave 2019-10-14 18:36:35 
TT 555 285.0  34.7 285.0  34.7 1.89E-07 003.9 244.3  38.0 0.001062 0.000724 0.000674 hargrave 2019-10-19 17:09:14 
TT 560 291.9  18.3 291.9  18.3 1.52E-07 004.9 266.8  40.7 0.000917 0.001006 0.000459 hargrave 2019-10-20 14:31:05 
TT 565 304.9  09.7 304.9  09.7 1.66E-07 004.0 284.9  49.2 0.000823 0.000737 0.000526 hargrave 2019-10-21 09:14:22 
TT 568 279.6  33.2 279.6  33.2 1.76E-07 002.6 245.4  33.4 0.000531 0.000784 0.000333 hargrave 2019-10-21 16:00:37 
TT 570 321.2  31.2 321.2  31.2 1.39E-07 005.9 247.9  68.4 0.000941 0.001176 0.000621 hargrave 2019-10-25 12:23:19 
TT 572 276.1  32.3 276.1  32.3 1.73E-07 006.9 245.8  30.3 0.001724 0.001334 0.000180 hargrave 2019-10-25 19:18:45 
TT 575 313.8  35.4 313.8  35.4 1.07E-07 003.0 241.2  61.4 0.000220 0.000167 0.000806 hargrave 2019-11-01 12:04:31 
TT 577 284.9  19.8 284.9  19.8 1.20E-07 004.7 262.5  34.8 0.000845 0.000719 0.000154 hargrave 2019-11-01 17:57:43 
TT 579 299.4 -04.4 299.4 -04.4 1.71E-07 005.8 297.4  37.1 0.001412 0.001134 0.000457 hargrave 2019-11-02 16:06:29 
TT 581 269.5  26.9 269.5  26.9 9.39E-08 010.4 250.0  23.4 0.000923 0.000520 0.001495 hargrave 2019-11-03 14:26:19 
TT 585 282.4 -12.6 282.4 -12.6 1.62E-07 005.0 294.3  18.6 0.001101 0.001385 0.000678 hargrave 2019-11-04 09:00:00 
TT 600 280.8 -02.2 280.8 -02.2 8.09E-08 007.5 283.8  22.5 0.000939 0.000511 0.000428 hargrave 2019-11-15 12:20:15 
TT 615 315.3 -29.2 315.3 -29.2 3.32E-08 011.1 330.7  28.8 0.000198 0.000269 0.000723 hargrave 2019-11-15 18:42:38 
TT 615 323.5 -25.1 323.5 -25.1 2.82E-08 008.3 336.2  35.8 0.000275 0.000438 0.000359 hargrave 2019-11-15 21:52:17 
TT 630 349.2 -13.2 349.2 -13.2 7.07E-08 004.1 007.0  51.5 0.000281 0.000341 0.000537 hargrave 2019-11-16 14:02:04 
TT 645 220.0  52.9 220.0  52.9 1.84E-08 014.4 209.8  01.5 0.000485 0.000416 0.000169 hargrave 2019-11-23 13:58:58 
TT 660 287.8  11.2 287.8  11.2 3.28E-08 010.7 273.5  34.5 0.000532 0.000277 0.000376 hargrave 2019-11-24 10:35:15 
TT 675 291.2  76.8 291.2  76.8 4.46E-08 008.9 192.6  32.3 0.000411 0.000457 0.000553 hargrave 2019-12-01 17:19:13 
