AX3- 3b mag compass orientation (IGRF corrected)
      0  69.7  62.0   0.0   0.0   1.0
NRM    306.6  41.5 306.6  41.5 2.05E-06 005.2 234.6  59.9 0.017077 0.007915 0.000673 hargrave 2019-09-13 17:33:01 
TT 100 305.7  38.5 305.7  38.5 2.03E-06 005.0 240.8  59.9 0.016649 0.006197 0.000760 hargrave 2019-09-20 12:53:48 
TT 150 304.6  38.6 304.6  38.6 1.96E-06 003.0 240.9  59.0 0.009444 0.003342 0.002398 hargrave 2019-09-20 19:43:01 
TT 200 304.2  36.2 304.2  36.2 1.90E-06 003.8 245.5  59.0 0.011919 0.003719 0.001939 hargrave 2019-09-21 15:33:42 
TT 250 304.1  34.1 304.1  34.1 1.84E-06 001.5 249.7  59.0 0.004452 0.001317 0.001038 hargrave 2019-09-22 13:12:20 
TT 300 305.3  34.7 305.3  34.7 1.68E-06 004.6 248.3  60.0 0.012933 0.004157 0.000661 hargrave 2019-09-22 19:07:10 
TT 350 303.6  36.1 303.6  36.1 1.52E-06 008.4 245.7  58.5 0.008045 0.003106 0.039040 hargrave 2019-09-27 20:58:41 
TT 350 298.0  31.6 298.0  31.6 1.39E-06 006.6 253.8  53.9 0.003889 0.001422 0.021560 hargrave 2019-09-27 22:30:46 
TT 400 300.4  38.6 300.4  38.6 1.14E-06 004.2 241.6  55.8 0.007576 0.003697 0.001032 hargrave 2019-09-28 15:09:49 
TT 450 295.6  33.2 295.6  33.2 8.50E-07 005.5 250.9  52.0 0.007949 0.002206 0.001405 hargrave 2019-09-29 12:34:22 
TT 475 307.4  29.8 307.4  29.8 9.77E-07 005.2 258.6  61.7 0.003023 0.000932 0.016631 hargrave 2019-09-29 18:18:05 
TT 500 293.1  42.0 293.1  42.0 4.80E-07 006.2 237.0  49.9 0.004996 0.001619 0.000423 hargrave 2019-10-04 16:15:44 
TT 520 289.9  39.9 289.9  39.9 4.24E-07 005.7 240.4  47.6 0.004115 0.001311 0.000305 hargrave 2019-10-05 18:39:33 
TT 540 290.0  36.1 290.0  36.1 3.76E-07 006.4 245.9  47.5 0.004064 0.001250 0.000436 hargrave 2019-10-06 15:45:55 
TT 545 296.4  33.2 296.4  33.2 2.67E-07 007.3 251.1  52.6 0.003189 0.001443 0.001046 hargrave 2019-10-14 12:04:56 
TT 550 304.9  39.8 304.9  39.8 2.59E-07 006.0 238.4  59.0 0.002373 0.001502 0.000409 hargrave 2019-10-14 18:27:32 
TT 555 274.4  40.3 274.4  40.3 2.74E-07 006.3 238.7  35.8 0.002741 0.001498 0.000555 hargrave 2019-10-19 17:00:17 
TT 560 278.4  35.6 278.4  35.6 2.01E-07 009.7 245.1  38.1 0.003074 0.001247 0.001183 hargrave 2019-10-20 14:22:10 
TT 560 275.1  34.6 275.1  34.6 1.92E-07 006.9 245.7  35.3 0.002098 0.000888 0.000839 hargrave 2019-10-20 15:28:31 
TT 565 272.6  43.3 272.6  43.3 2.34E-07 008.8 234.9  34.9 0.003054 0.001980 0.000866 hargrave 2019-10-21 09:05:20 
TT 565 275.4  43.5 275.4  43.5 2.43E-07 005.8 234.9  36.9 0.002169 0.001141 0.000915 hargrave 2019-10-21 10:20:42 
TT 568 288.4  43.1 288.4  43.1 2.43E-07 004.7 235.6  46.3 0.001693 0.000848 0.001280 hargrave 2019-10-21 15:51:37 
TT 570 283.5  18.0 283.5  18.0 1.75E-07 007.0 268.2  37.8 0.002078 0.001001 0.000562 hargrave 2019-10-25 12:14:16 
TT 572 274.2  29.8 274.2  29.8 2.22E-07 008.4 251.1  33.4 0.003005 0.001389 0.000180 hargrave 2019-10-25 19:09:20 
TT 575 305.4  34.4 305.4  34.4 2.64E-07 004.7 248.9  60.1 0.001898 0.001011 0.000604 hargrave 2019-11-01 11:56:33 
TT 577 280.1  44.3 280.1  44.3 1.67E-07 009.0 234.2  40.3 0.002014 0.001782 0.000175 hargrave 2019-11-01 17:50:13 
TT 579 270.9  48.3 270.9  48.3 1.92E-07 010.8 228.6  34.3 0.002828 0.002119 0.001541 hargrave 2019-11-02 15:58:57 
TT 581 278.1  44.7 278.1  44.7 1.86E-07 011.8 233.5  38.9 0.003237 0.001964 0.001483 hargrave 2019-11-03 14:15:34 
TT 585 286.1  39.1 286.1  39.1 1.44E-07 008.5 241.3  44.6 0.001890 0.001224 0.000943 hargrave 2019-11-04 08:53:42 
TT 600 273.3  33.5 273.3  33.5 1.33E-07 008.8 246.7  33.6 0.001861 0.000874 0.000372 hargrave 2019-11-15 12:12:45 
TT 615 264.2  46.7 264.2  46.7 7.41E-08 008.3 229.8  29.5 0.000677 0.000711 0.000546 hargrave 2019-11-15 18:34:26 
TT 630 018.2  70.4 018.2  70.4 1.03E-07 014.5 163.6  42.4 0.000791 0.002621 0.000371 hargrave 2019-11-16 13:53:44 
TT 645 237.2 -08.2 237.2 -08.2 5.78E-08 003.5 271.5 -14.8 0.000271 0.000293 0.000298 hargrave 2019-11-23 13:51:23 
TT 660 243.8  07.9 243.8  07.9 5.82E-08 010.9 260.2 -01.5 0.000955 0.000508 0.000479 hargrave 2019-11-24 10:25:57 
TT 675 264.8 -09.0 264.8 -09.0 4.66E-08 008.3 285.2  08.8 0.000625 0.000159 0.000399 hargrave 2019-12-01 17:10:52 
