AX3- 7b mag compass orientation (IGRF corrected)
      0  71.7  81.0   0.0   0.0   1.0
NRM    285.2  33.1 285.2  33.1 1.93E-06 001.7 236.2  32.8 0.003667 0.003731 0.003166 hargrave 2019-09-13 17:40:41 
TT 100 285.3  33.0 285.3  33.0 1.92E-06 001.7 236.3  32.9 0.003741 0.004050 0.003508 hargrave 2019-09-20 12:59:54 
TT 150 286.3  35.7 286.3  35.7 1.86E-06 002.7 233.0  33.1 0.007820 0.003273 0.002729 hargrave 2019-09-20 19:49:02 
TT 200 285.5  31.4 285.5  31.4 1.80E-06 001.3 238.1  33.4 0.003964 0.001593 0.001348 hargrave 2019-09-21 15:39:46 
TT 250 285.7  30.6 285.7  30.6 1.73E-06 003.2 239.1  33.7 0.009659 0.002514 0.002262 hargrave 2019-09-22 13:18:32 
TT 300 286.5  30.5 286.5  30.5 1.59E-06 004.3 239.0  34.4 0.010875 0.004254 0.002603 hargrave 2019-09-22 19:13:55 
TT 350 279.3  29.4 279.3  29.4 1.33E-06 009.5 241.4  28.4 0.003464 0.001622 0.022955 hargrave 2019-09-27 21:04:42 
TT 350 287.0  31.0 287.0  31.0 1.40E-06 003.3 238.3  34.7 0.006549 0.004470 0.001554 hargrave 2019-09-27 22:32:08 
TT 400 287.0  27.7 287.0  27.7 1.16E-06 001.6 242.3  35.3 0.002519 0.000955 0.002641 hargrave 2019-09-28 15:17:10 
TT 450 287.2  29.9 287.2  29.9 7.98E-07 001.5 239.6  35.1 0.001281 0.001166 0.001319 hargrave 2019-09-29 12:41:41 
TT 475 307.4  22.4 307.4  22.4 8.06E-07 006.8 243.7  54.4 0.001012 0.000946 0.015453 hargrave 2019-09-29 18:24:06 
TT 500 288.0  24.2 288.0  24.2 5.68E-07 001.5 246.4  36.7 0.001167 0.001030 0.000641 hargrave 2019-10-04 16:23:09 
TT 520 288.8  24.5 288.8  24.5 4.61E-07 001.5 245.9  37.4 0.000755 0.000946 0.000838 hargrave 2019-10-05 18:46:53 
TT 540 288.2  26.1 288.2  26.1 3.83E-07 002.9 244.0  36.6 0.000767 0.001544 0.001000 hargrave 2019-10-06 15:53:17 
TT 545 306.6  28.8 306.6  28.8 3.25E-07 005.4 234.2  51.6 0.001062 0.002230 0.002006 hargrave 2019-10-14 12:12:19 
TT 550 296.9  36.7 296.9  36.7 3.09E-07 008.8 228.5  40.9 0.000871 0.004110 0.002499 hargrave 2019-10-14 18:34:59 
TT 550 289.1  28.3 289.1  28.3 3.15E-07 003.7 241.2  37.1 0.001055 0.001189 0.001397 hargrave 2019-10-15 08:32:01 
TT 555 296.1  13.2 296.1  13.2 2.74E-07 011.2 260.3  45.1 0.001306 0.005351 0.002045 hargrave 2019-10-19 17:07:38 
TT 555 292.9  11.1 292.9  11.1 2.85E-07 008.0 263.2  42.0 0.001803 0.002688 0.002492 hargrave 2019-10-19 18:13:15 
TT 560 309.9  12.6 309.9  12.6 2.66E-07 014.9 260.5  58.6 0.001044 0.006511 0.002681 hargrave 2019-10-20 14:29:30 
TT 560 304.2  09.1 304.2  09.1 2.82E-07 009.9 266.7  52.9 0.001270 0.003552 0.003321 hargrave 2019-10-20 15:31:55 
TT 565 307.0  15.7 307.0  15.7 2.48E-07 016.3 255.3  55.5 0.001788 0.005820 0.004092 hargrave 2019-10-21 09:12:46 
TT 565 306.2  14.3 306.2  14.3 2.54E-07 014.2 257.9  54.9 0.000822 0.004738 0.004335 hargrave 2019-10-21 10:24:04 
TT 568 328.3  30.4 328.3  30.4 2.21E-07 025.0 208.4  65.1 0.001311 0.009392 0.004587 hargrave 2019-10-21 15:59:01 
TT 570 312.3  20.2 312.3  20.2 2.31E-07 026.3 245.1  59.4 0.001578 0.009271 0.006853 hargrave 2019-10-25 12:21:42 
TT 570 302.2  14.2 302.2  14.2 2.30E-07 015.9 258.4  51.0 0.001134 0.004673 0.004520 hargrave 2019-10-25 13:25:49 
TT 572 331.0  19.3 331.0  19.3 1.90E-07 030.0 224.1  75.3 0.003287 0.008915 0.007184 hargrave 2019-10-25 19:17:10 
TT 575 338.2  03.4 338.2  03.4 1.48E-07 032.6 328.1  83.4 0.001141 0.008413 0.005571 hargrave 2019-11-01 12:02:51 
TT 577 321.8  30.1 321.8  30.1 2.34E-07 026.2 218.7  61.9 0.002084 0.009174 0.007723 hargrave 2019-11-01 17:56:11 
TT 579 330.1  27.6 330.1  27.6 1.90E-07 021.2 208.9  68.4 0.001192 0.006330 0.004806 hargrave 2019-11-02 16:04:57 
TT 581 347.4  45.6 347.4  45.6 2.05E-07 021.2 173.4  53.0 0.001597 0.006318 0.006133 hargrave 2019-11-03 14:23:11 
TT 585 312.2  01.2 312.2  01.2 2.68E-07 017.6 283.2  59.6 0.002222 0.006586 0.005005 hargrave 2019-11-04 08:58:43 
TT 600 287.5  50.1 287.5  50.1 2.39E-07 021.7 216.7  29.4 0.002154 0.009208 0.002381 hargrave 2019-11-15 12:18:44 
TT 615 292.8  82.2 292.8  82.2 1.48E-07 030.4 186.0  14.0 0.001219 0.008046 0.003218 hargrave 2019-11-15 18:40:20 
TT 630 039.8  53.0 039.8  53.0 1.57E-07 019.5 145.3  26.0 0.001364 0.006768 0.002096 hargrave 2019-11-16 14:00:33 
TT 645 064.8 -34.9 064.8 -34.9 2.08E-07 011.0 054.5  00.4 0.001169 0.005535 0.002004 hargrave 2019-11-23 13:57:26 
TT 660 052.1  57.5 052.1  57.5 1.66E-07 010.5 147.8  18.1 0.002073 0.003071 0.003447 hargrave 2019-11-24 10:33:39 
TT 675 345.0  82.1 345.0  82.1 2.04E-07 020.9 179.5  16.9 0.001397 0.007012 0.003281 hargrave 2019-12-01 17:16:53 
