AX3- 1b mag compass orientation (IGRF corrected)
      0  80.7  63.0   0.0   0.0   1.0
NRM    289.6  22.1 289.6  22.1 2.70E-06 002.8 260.7  34.8 0.003473 0.007974 0.017846 hargrave 2019-09-13 17:29:54 
TT 100 288.9  23.5 288.9  23.5 2.65E-06 002.9 258.9  34.6 0.003043 0.007908 0.018383 hargrave 2019-09-20 12:51:19 
TT 150 288.1  23.0 288.1  23.0 2.57E-06 004.3 259.3  33.7 0.012800 0.008220 0.017150 hargrave 2019-09-20 19:40:32 
TT 200 288.7  20.9 288.7  20.9 2.42E-06 003.3 261.8  33.6 0.006777 0.004618 0.016092 hargrave 2019-09-21 15:31:13 
TT 250 291.2  22.9 291.2  22.9 2.29E-06 002.4 260.3  36.4 0.006489 0.004347 0.006066 hargrave 2019-09-22 13:09:49 
TT 300 290.8  22.0 290.8  22.0 1.99E-06 003.9 261.3  35.8 0.010609 0.006169 0.006381 hargrave 2019-09-22 19:04:37 
TT 350 290.4  22.4 290.4  22.4 1.79E-06 002.5 260.7  35.6 0.004333 0.005479 0.004395 hargrave 2019-09-27 20:55:03 
TT 400 283.5  20.1 283.5  20.1 1.39E-06 009.4 260.8  28.7 0.002031 0.002937 0.023846 hargrave 2019-09-28 15:06:46 
TT 400 294.2  26.3 294.2  26.3 1.58E-06 004.7 257.2  39.9 0.002669 0.003623 0.019089 hargrave 2019-09-28 16:06:48 
TT 450 286.5  23.3 286.5  23.3 1.22E-06 001.7 258.3  32.4 0.001294 0.002581 0.002502 hargrave 2019-09-29 12:32:00 
TT 475 291.2  25.4 291.2  25.4 1.06E-06 007.6 257.4  37.1 0.001555 0.001957 0.019952 hargrave 2019-09-29 18:14:19 
TT 500 289.4  21.0 289.4  21.0 7.90E-07 002.7 262.0  34.1 0.002669 0.002220 0.001745 hargrave 2019-10-04 16:12:46 
TT 520 288.9  19.7 288.9  19.7 6.80E-07 003.6 263.3  33.3 0.003864 0.001120 0.001624 hargrave 2019-10-05 18:36:35 
TT 540 292.5  18.3 292.5  18.3 5.58E-07 004.2 266.2  36.1 0.003848 0.001156 0.001165 hargrave 2019-10-06 15:42:57 
TT 545 292.8  23.1 292.8  23.1 5.16E-07 003.4 260.7  37.8 0.002238 0.001306 0.001664 hargrave 2019-10-14 12:01:57 
TT 550 288.1  22.4 288.1  22.4 4.15E-07 005.9 259.9  33.5 0.004147 0.001790 0.000674 hargrave 2019-10-14 18:24:34 
TT 555 299.7  21.2 299.7  21.2 4.15E-07 003.8 265.6  43.4 0.002458 0.000925 0.001010 hargrave 2019-10-19 16:57:19 
TT 560 299.7  22.1 299.7  22.1 3.93E-07 002.3 264.4  43.7 0.001269 0.000821 0.000590 hargrave 2019-10-20 14:19:12 
TT 565 288.6  25.4 288.6  25.4 3.71E-07 002.1 256.6  34.8 0.001282 0.000728 0.000540 hargrave 2019-10-21 09:02:20 
TT 568 298.1  30.9 298.1  30.9 3.28E-07 002.4 252.1  44.2 0.001428 0.000776 0.000865 hargrave 2019-10-21 15:48:38 
TT 570 291.0  31.8 291.0  31.8 3.20E-07 003.5 249.5  38.4 0.001529 0.000748 0.001177 hargrave 2019-10-25 12:11:15 
TT 572 291.4  28.9 291.4  28.9 2.90E-07 005.7 253.2  38.1 0.002603 0.000934 0.001052 hargrave 2019-10-25 19:02:04 
TT 575 296.9  29.7 296.9  29.7 2.80E-07 003.5 253.4  43.0 0.001021 0.000561 0.001510 hargrave 2019-11-01 11:52:23 
TT 577 315.0  24.2 315.0  24.2 2.71E-07 003.5 267.0  57.8 0.001065 0.001314 0.000477 hargrave 2019-11-01 17:45:46 
TT 579 298.9  10.6 298.9  10.6 2.97E-07 005.8 278.2  38.7 0.000668 0.002018 0.002244 hargrave 2019-11-02 15:52:56 
TT 581 296.3  22.5 296.3  22.5 2.58E-07 005.5 262.6  40.8 0.001089 0.001309 0.002134 hargrave 2019-11-03 14:09:29 
TT 585 297.5  22.5 297.5  22.5 2.06E-07 003.4 263.0  41.8 0.000879 0.000825 0.000901 hargrave 2019-11-04 08:49:52 
TT 600 295.4  29.0 295.4  29.0 1.85E-07 004.7 254.0  41.5 0.000903 0.000948 0.000893 hargrave 2019-11-15 12:08:17 
TT 615 307.2  17.8 307.2  17.8 1.15E-07 006.5 273.6  48.9 0.000796 0.001031 0.000544 hargrave 2019-11-15 18:30:02 
TT 630 282.3  07.1 282.3  07.1 1.14E-07 007.6 273.4  22.5 0.001437 0.000649 0.000338 hargrave 2019-11-16 13:47:42 
TT 645 287.5  29.0 287.5  29.0 6.36E-08 008.3 252.0  34.8 0.000953 0.000491 0.000201 hargrave 2019-11-23 13:46:50 
TT 660 324.2 -24.0 324.2 -24.0 7.32E-08 006.5 331.0  32.9 0.000883 0.000446 0.000186 hargrave 2019-11-24 10:21:29 
TT 675 346.6  05.4 346.6  05.4 6.30E-08 004.1 349.0  67.9 0.000373 0.000329 0.000229 hargrave 2019-12-01 17:06:24 
