AX3- 2b mag compass orientation (IGRF corrected)
      0  81.7  71.0   0.0   0.0   1.0
NRM    283.7  26.1 283.7  26.1 2.49E-06 001.5 249.8  27.5 0.005739 0.004177 0.003133 hargrave 2019-09-13 17:31:24 
TT 100 284.0  26.8 284.0  26.8 2.42E-06 001.5 249.0  27.9 0.003340 0.004932 0.003294 hargrave 2019-09-20 12:52:33 
TT 150 284.4  20.4 284.4  20.4 2.32E-06 005.6 256.3  27.1 0.021054 0.006958 0.005034 hargrave 2019-09-20 19:41:45 
TT 200 284.3  20.8 284.3  20.8 2.23E-06 002.3 255.7  27.1 0.006603 0.004285 0.004426 hargrave 2019-09-21 15:32:27 
TT 250 284.2  18.5 284.2  18.5 2.10E-06 002.0 258.2  26.5 0.005076 0.003306 0.004478 hargrave 2019-09-22 13:11:03 
TT 300 282.9  23.3 282.9  23.3 1.95E-06 001.6 252.8  26.3 0.004156 0.001826 0.003466 hargrave 2019-09-22 19:05:51 
TT 350 278.3  21.7 278.3  21.7 1.68E-06 008.1 253.6  21.8 0.010062 0.003377 0.022602 hargrave 2019-09-27 20:57:28 
TT 350 279.9  14.4 279.9  14.4 1.67E-06 006.3 261.5  21.6 0.004272 0.001333 0.019233 hargrave 2019-09-27 22:29:32 
TT 400 284.2  21.0 284.2  21.0 1.38E-06 002.3 255.6  27.0 0.005175 0.002015 0.001166 hargrave 2019-09-28 15:07:56 
TT 450 300.8  23.2 300.8  23.2 1.23E-06 005.8 255.6  42.6 0.004453 0.000929 0.015239 hargrave 2019-09-29 12:33:09 
TT 475 301.5  25.2 301.5  25.2 1.05E-06 006.9 252.9  43.3 0.001804 0.000919 0.016421 hargrave 2019-09-29 18:16:12 
TT 500 284.6  24.5 284.6  24.5 7.09E-07 001.8 251.7  28.0 0.002174 0.001004 0.000583 hargrave 2019-10-04 16:14:13 
TT 520 285.7  22.0 285.7  22.0 6.30E-07 002.4 254.8  28.6 0.002110 0.001453 0.000683 hargrave 2019-10-05 18:38:03 
TT 540 285.3  31.2 285.3  31.2 4.90E-07 001.4 244.2  29.5 0.001071 0.000656 0.000441 hargrave 2019-10-06 15:44:25 
TT 545 290.0  24.7 290.0  24.7 3.86E-07 001.7 252.3  32.9 0.000780 0.001276 0.000325 hargrave 2019-10-14 12:03:25 
TT 550 299.1  16.9 299.1  16.9 3.69E-07 003.7 263.5  40.1 0.001302 0.001774 0.001365 hargrave 2019-10-14 18:26:02 
TT 555 298.9  29.8 298.9  29.8 3.69E-07 003.3 246.6  41.1 0.000895 0.001676 0.001064 hargrave 2019-10-19 16:58:47 
TT 560 285.5  21.5 285.5  21.5 3.48E-07 004.1 255.3  28.3 0.001068 0.002335 0.001136 hargrave 2019-10-20 14:20:40 
TT 565 295.3  15.0 295.3  15.0 3.14E-07 005.5 265.0  36.1 0.002325 0.002006 0.000914 hargrave 2019-10-21 09:03:49 
TT 568 302.0  12.6 302.0  12.6 3.20E-07 006.5 269.9  41.9 0.001272 0.002100 0.002785 hargrave 2019-10-21 15:50:06 
TT 570 291.4  01.8 291.4  01.8 2.81E-07 009.5 278.6  28.5 0.001416 0.002385 0.003912 hargrave 2019-10-25 12:12:43 
TT 570 288.7 -00.8 288.7 -00.8 2.89E-07 004.7 280.2  25.1 0.001292 0.000805 0.002114 hargrave 2019-10-25 13:22:29 
TT 572 298.1 -04.8 298.1 -04.8 2.46E-07 009.9 288.8  32.1 0.001043 0.002928 0.003110 hargrave 2019-10-25 19:06:15 
TT 575 291.8  14.7 291.8  14.7 2.42E-07 010.3 264.4  32.7 0.001578 0.002983 0.002940 hargrave 2019-11-01 11:55:02 
TT 577 299.0  32.7 299.0  32.7 1.86E-07 014.9 242.7  41.1 0.001662 0.003067 0.003738 hargrave 2019-11-01 17:48:38 
TT 579 290.4  23.9 290.4  23.9 2.33E-07 007.0 253.3  33.1 0.000923 0.001684 0.002230 hargrave 2019-11-02 15:57:23 
TT 581 298.7  13.0 298.7  13.0 2.05E-07 007.7 268.4  38.8 0.001293 0.001964 0.001715 hargrave 2019-11-03 14:13:59 
TT 585 302.4  21.4 302.4  21.4 2.39E-07 006.9 258.2  43.8 0.000944 0.001424 0.002662 hargrave 2019-11-04 08:52:21 
TT 600 288.9  20.3 288.9  20.3 2.27E-07 005.4 257.3  31.2 0.001173 0.002270 0.000463 hargrave 2019-11-15 12:11:08 
TT 615 303.8  04.0 303.8  04.0 1.42E-07 011.6 281.6  40.8 0.001044 0.002357 0.001620 hargrave 2019-11-15 18:32:53 
TT 630 075.1  59.6 075.1  59.6 9.41E-08 017.9 147.7  19.6 0.000544 0.003252 0.001509 hargrave 2019-11-16 13:52:10 
TT 645 039.5 -51.4 039.5 -51.4 1.31E-07 007.2 027.8  08.1 0.000551 0.001597 0.000869 hargrave 2019-11-23 13:49:44 
TT 660 041.2  65.7 041.2  65.7 1.17E-07 006.3 158.0  33.3 0.000914 0.001189 0.001738 hargrave 2019-11-24 10:24:23 
TT 675 047.9  05.3 047.9  05.3 8.10E-08 006.9 083.5  33.6 0.000599 0.001976 0.001108 hargrave 2019-12-01 17:09:16 
