AX3- 9b mag compass orientation (IGRF corrected)
      0  60.7  67.0   0.0   0.0   1.0
NRM    288.2  28.7 288.2  28.7 1.59E-06 002.8 252.2  51.6 0.006144 0.004375 0.002092 hargrave 2019-09-13 17:43:48 
TT 100 288.4  28.2 288.4  28.2 1.59E-06 001.0 253.1  51.7 0.001607 0.001861 0.001341 hargrave 2019-09-20 13:02:19 
TT 150 287.9  30.3 287.9  30.3 1.57E-06 001.4 249.7  51.3 0.002540 0.002023 0.002284 hargrave 2019-09-20 19:51:25 
TT 200 287.1  25.3 287.1  25.3 1.52E-06 001.4 257.5  50.3 0.002580 0.002606 0.001136 hargrave 2019-09-21 15:42:10 
TT 250 287.3  25.6 287.3  25.6 1.46E-06 002.4 257.2  50.5 0.005569 0.002677 0.001892 hargrave 2019-09-22 13:21:01 
TT 300 287.5  28.3 287.5  28.3 1.32E-06 003.0 252.8  50.9 0.006627 0.001497 0.001634 hargrave 2019-09-22 19:16:20 
TT 350 297.1  22.4 297.1  22.4 1.45E-06 005.7 264.5  59.1 0.011849 0.002322 0.015146 hargrave 2019-09-27 21:07:20 
TT 400 292.0  27.1 292.0  27.1 1.13E-06 006.9 255.1  54.8 0.002202 0.001235 0.023125 hargrave 2019-09-28 15:19:47 
TT 450 293.1  29.9 293.1  29.9 8.61E-07 007.2 250.3  55.8 0.000502 0.000869 0.022005 hargrave 2019-09-29 12:44:58 
TT 475 288.8  26.7 288.8  26.7 5.35E-07 000.7 255.6  51.9 0.000447 0.000679 0.001160 hargrave 2019-09-29 18:27:22 
TT 500 288.8  26.3 288.8  26.3 4.60E-07 002.6 256.2  52.0 0.001727 0.001035 0.000629 hargrave 2019-10-04 16:26:23 
TT 520 287.7  27.8 287.7  27.8 3.69E-07 003.0 253.7  51.0 0.001560 0.001084 0.000722 hargrave 2019-10-05 18:50:05 
TT 540 290.5  19.1 290.5  19.1 3.29E-07 003.7 268.2  52.4 0.001949 0.000697 0.000599 hargrave 2019-10-06 15:56:30 
TT 545 289.5  17.9 289.5  17.9 3.22E-07 003.0 269.7  51.2 0.000817 0.000940 0.001433 hargrave 2019-10-14 12:15:34 
TT 550 291.3  27.8 291.3  27.8 2.06E-07 003.4 254.0  54.3 0.000803 0.000622 0.000885 hargrave 2019-10-14 18:38:11 
TT 555 283.1  22.4 283.1  22.4 2.50E-07 004.3 261.1  46.3 0.001549 0.001242 0.000452 hargrave 2019-10-19 17:10:53 
TT 560 291.6  19.3 291.6  19.3 2.72E-07 001.5 268.3  53.5 0.000286 0.000554 0.000427 hargrave 2019-10-20 14:32:43 
TT 565 292.6  29.5 292.6  29.5 1.77E-07 005.3 250.9  55.3 0.000487 0.000800 0.001681 hargrave 2019-10-21 09:16:00 
TT 568 293.4  28.3 293.4  28.3 2.24E-07 001.7 253.0  56.1 0.000489 0.000288 0.000391 hargrave 2019-10-21 16:02:14 
TT 570 306.2  22.7 306.2  22.7 2.11E-07 003.3 266.0  67.4 0.000935 0.000771 0.000326 hargrave 2019-10-25 12:24:57 
TT 572 293.7  17.3 293.7  17.3 1.77E-07 005.8 272.4  54.9 0.001441 0.001359 0.000441 hargrave 2019-10-25 19:20:22 
TT 575 301.8  30.0 301.8  30.0 1.80E-07 006.4 248.5  63.2 0.001274 0.001535 0.001043 hargrave 2019-11-01 12:06:08 
TT 577 281.6  15.5 281.6  15.5 1.65E-07 006.4 270.0  43.2 0.000881 0.000898 0.001455 hargrave 2019-11-01 17:59:11 
TT 579 299.0  24.0 299.0  24.0 1.72E-07 003.7 261.7  60.9 0.000839 0.000697 0.000606 hargrave 2019-11-02 16:07:57 
TT 581 305.0  12.7 305.0  12.7 1.06E-07 005.3 288.6  63.5 0.000635 0.000697 0.000720 hargrave 2019-11-03 14:27:47 
TT 585 276.9  21.5 276.9  21.5 1.60E-07 005.8 260.8  40.5 0.001353 0.001438 0.000528 hargrave 2019-11-04 09:01:14 
TT 600 292.8  02.7 292.8  02.7 1.29E-07 003.2 293.4  48.1 0.000640 0.000385 0.000303 hargrave 2019-11-15 12:21:44 
TT 615 259.6  10.4 259.6  10.4 6.38E-08 008.5 267.4  21.3 0.000661 0.000359 0.000675 hargrave 2019-11-15 18:44:06 
TT 615 258.7  04.2 258.7  04.2 6.29E-08 006.7 273.2  18.1 0.000612 0.000380 0.000358 hargrave 2019-11-15 21:53:47 
TT 630 357.2  11.1 357.2  11.1 6.60E-08 005.5 069.2  61.9 0.000518 0.000617 0.000493 hargrave 2019-11-16 14:03:33 
TT 645 346.7  08.3 346.7  08.3 5.10E-08 004.2 048.8  68.6 0.000188 0.000303 0.000189 hargrave 2019-11-23 14:01:16 
TT 660 353.7  11.1 353.7  11.1 9.66E-08 001.7 065.3  65.0 0.000140 0.000208 0.000245 hargrave 2019-11-24 10:36:43 
TT 675 023.1 -20.2 023.1 -20.2 4.12E-08 005.6 053.9  23.1 0.000194 0.000445 0.000293 hargrave 2019-12-01 17:21:30 
