AX4- 6b sun compass orientation
      0  49.9  94.0   0.0   0.0   1.0
NRM    007.9  02.6 007.9  02.6 8.10E-06 006.0 097.0  41.6 0.071571 0.018524 0.046220 hargrave 2019-09-13 17:55:48 
TT 100 006.3  06.3 006.3  06.3 8.02E-06 005.5 102.3  42.6 0.062045 0.013774 0.046235 hargrave 2019-09-20 13:11:58 
TT 150 005.9  03.8 005.9  03.8 7.95E-06 003.8 099.0  43.4 0.020327 0.024901 0.045120 hargrave 2019-09-21 10:10:40 
TT 200 004.7  03.9 004.7  03.9 7.70E-06 004.0 099.5  44.6 0.046402 0.018028 0.022683 hargrave 2019-09-21 15:51:45 
TT 250 004.6  04.6 004.6  04.6 7.21E-06 004.0 100.5  44.5 0.040352 0.017155 0.024105 hargrave 2019-09-22 13:30:45 
TT 300 004.3  08.3 004.3  08.3 6.60E-06 003.1 105.6  44.0 0.022490 0.019279 0.021133 hargrave 2019-09-22 19:26:03 
TT 350 003.6  01.8 003.6  01.8 6.20E-06 003.8 096.7  45.9 0.012076 0.018240 0.038445 hargrave 2019-09-27 21:17:15 
TT 400 004.7  04.5 004.7  04.5 5.47E-06 004.5 100.3  44.5 0.037859 0.011282 0.018318 hargrave 2019-09-28 15:30:22 
TT 450 005.0  03.2 005.0  03.2 4.40E-06 005.7 098.4  44.3 0.043155 0.008904 0.026851 hargrave 2019-09-29 12:56:54 
TT 475 006.8  02.0 006.8  02.0 3.84E-06 003.6 096.5  42.7 0.024457 0.010032 0.013457 hargrave 2019-09-29 18:37:53 
TT 500 005.9  04.5 005.9  04.5 3.65E-06 002.8 100.0  43.2 0.010714 0.009980 0.010980 hargrave 2019-10-04 16:38:29 
TT 520 006.5  03.5 006.5  03.5 3.23E-06 003.0 098.6  42.8 0.010629 0.009145 0.009603 hargrave 2019-10-05 19:02:11 
TT 540 007.8  00.8 007.8  00.8 2.85E-06 004.9 094.7  41.9 0.021766 0.007543 0.008839 hargrave 2019-10-06 16:08:38 
TT 545 006.9  06.6 006.9  06.6 2.75E-06 003.9 102.6  41.9 0.016276 0.005350 0.007775 hargrave 2019-10-14 12:27:44 
TT 550 006.7  04.6 006.7  04.6 2.57E-06 006.6 099.9  42.5 0.028448 0.003814 0.007905 hargrave 2019-10-14 18:50:15 
TT 555 007.9  03.8 007.9  03.8 2.40E-06 003.1 098.7  41.4 0.007725 0.006962 0.007945 hargrave 2019-10-19 17:23:01 
TT 560 008.1  01.7 008.1  01.7 2.31E-06 004.6 095.9  41.5 0.016257 0.005682 0.007324 hargrave 2019-10-20 14:44:51 
TT 565 007.6  03.5 007.6  03.5 2.16E-06 006.7 098.3  41.8 0.023801 0.004353 0.007529 hargrave 2019-10-21 09:28:10 
TT 568 006.6  04.1 006.6  04.1 2.06E-06 005.2 099.3  42.6 0.017118 0.004286 0.006426 hargrave 2019-10-21 16:14:24 
TT 570 007.1  03.0 007.1  03.0 1.99E-06 003.5 097.8  42.3 0.008693 0.006478 0.006285 hargrave 2019-10-25 12:37:12 
TT 572 010.6  01.3 010.6  01.3 1.82E-06 009.0 094.9  39.0 0.014357 0.006165 0.027315 hargrave 2019-10-25 19:34:57 
TT 572 007.1  02.7 007.1  02.7 1.91E-06 005.2 097.4  42.3 0.016065 0.004219 0.005776 hargrave 2019-10-25 20:22:16 
TT 575 008.4  02.4 008.4  02.4 1.84E-06 005.3 096.8  41.1 0.015317 0.004789 0.006398 hargrave 2019-11-01 12:18:24 
TT 577 007.8  02.3 007.8  02.3 1.83E-06 007.1 096.7  41.7 0.021626 0.003672 0.006210 hargrave 2019-11-01 18:12:45 
TT 579 007.6  01.7 007.6  01.7 1.76E-06 004.5 095.9  42.0 0.012117 0.004951 0.004950 hargrave 2019-11-02 16:21:29 
TT 581 006.8  01.7 006.8  01.7 1.70E-06 006.8 096.0  42.8 0.019521 0.003726 0.004212 hargrave 2019-11-03 14:41:24 
TT 585 006.9  02.5 006.9  02.5 1.63E-06 004.0 097.1  42.6 0.009242 0.004390 0.004955 hargrave 2019-11-04 09:11:13 
TT 600 006.4 -00.4 006.4 -00.4 1.25E-06 008.0 093.3  43.4 0.017104 0.002280 0.003892 hargrave 2019-11-15 12:33:42 
TT 600 006.5  01.9 006.5  01.9 1.25E-06 007.4 096.4  43.0 0.015616 0.002294 0.003811 hargrave 2019-11-15 13:30:06 
TT 615 008.1 -01.5 008.1 -01.5 5.63E-07 007.2 091.6  41.8 0.006682 0.001489 0.002102 hargrave 2019-11-15 18:55:54 
TT 630 351.2 -03.6 351.2 -03.6 1.85E-07 005.9 089.7  58.7 0.001632 0.000820 0.000623 hargrave 2019-11-16 14:15:31 
TT 645 003.6 -04.0 003.6 -04.0 1.46E-07 006.4 088.4  46.4 0.001279 0.000717 0.000776 hargrave 2019-11-23 14:14:09 
TT 660 001.3 -06.4 001.3 -06.4 7.54E-08 005.3 084.8  48.7 0.000479 0.000317 0.000412 hargrave 2019-11-24 10:49:31 
TT 675 356.4 -43.7 356.4 -43.7 6.00E-08 006.4 033.5  38.8 0.000600 0.000551 0.000458 hargrave 2019-12-01 17:34:19 
TT 685 019.1  02.5 019.1  02.5 1.45E-08 027.5 095.2  30.3 0.000615 0.000420 0.000374 hargrave 2019-12-02 17:53:39 
TT 685 342.9 -06.7 342.9 -06.7 1.81E-08 025.5 082.4  66.6 0.000709 0.000495 0.000354 hargrave 2019-12-03 08:48:00 
