AX4- 8b sun compass orientation
      0  36.1  87.0   0.0   0.0   1.0
NRM    290.7  28.2 290.7  28.2 8.46E-06 001.1 208.7  60.9 0.009410 0.013844 0.005168 hargrave 2019-09-13 17:58:42 
TT 100 291.2  27.6 291.2  27.6 8.37E-06 002.0 208.6  61.6 0.015434 0.025667 0.004462 hargrave 2019-09-20 13:14:16 
TT 150 290.7  26.6 290.7  26.6 8.25E-06 001.2 210.5  62.2 0.006556 0.015470 0.004102 hargrave 2019-09-21 10:12:56 
TT 200 291.1  26.4 291.1  26.4 7.95E-06 002.2 210.1  62.5 0.009991 0.028521 0.003362 hargrave 2019-09-21 15:54:02 
TT 250 292.4  26.7 292.4  26.7 7.40E-06 001.1 207.6  62.9 0.011779 0.005737 0.005719 hargrave 2019-09-22 13:33:02 
TT 300 290.8  26.0 290.8  26.0 6.75E-06 001.7 211.2  62.7 0.006601 0.019330 0.002963 hargrave 2019-09-22 19:28:24 
TT 350 290.3  25.2 290.3  25.2 6.49E-06 001.1 213.0  63.1 0.007132 0.007322 0.015695 hargrave 2019-09-27 21:19:57 
TT 400 291.6  28.5 291.6  28.5 5.61E-06 001.7 207.1  61.0 0.006065 0.014272 0.005849 hargrave 2019-09-28 15:33:07 
TT 450 291.6  28.5 291.6  28.5 4.64E-06 002.1 206.9  61.0 0.004613 0.012306 0.036337 hargrave 2019-09-29 12:59:35 
TT 475 290.7  29.7 290.7  29.7 4.01E-06 001.4 207.1  59.6 0.006948 0.002384 0.021530 hargrave 2019-09-29 18:40:36 
TT 500 289.2  27.7 289.2  27.7 3.68E-06 001.1 211.6  60.5 0.005714 0.003783 0.001846 hargrave 2019-10-04 16:41:48 
TT 520 291.7  29.7 291.7  29.7 3.26E-06 002.3 205.6  60.0 0.008644 0.009743 0.001944 hargrave 2019-10-05 19:05:29 
TT 540 294.7  30.5 294.7  30.5 2.84E-06 003.5 200.1  60.4 0.009001 0.014811 0.001266 hargrave 2019-10-06 16:11:56 
TT 545 292.5  29.4 292.5  29.4 2.65E-06 001.7 204.6  60.6 0.005261 0.005906 0.000973 hargrave 2019-10-14 12:31:07 
TT 550 299.6  32.3 299.6  32.3 2.46E-06 006.6 191.1  60.1 0.007323 0.027560 0.001137 hargrave 2019-10-14 18:53:34 
TT 555 293.2  30.7 293.2  30.7 2.35E-06 001.4 202.4  59.7 0.003213 0.004929 0.000917 hargrave 2019-10-19 17:26:19 
TT 560 294.9  31.2 294.9  31.2 2.19E-06 000.9 199.4  59.8 0.002012 0.002762 0.001163 hargrave 2019-10-20 14:48:09 
TT 565 293.9  31.0 293.9  31.0 2.02E-06 002.5 201.0  59.7 0.002131 0.008485 0.002155 hargrave 2019-10-21 09:31:28 
TT 568 292.4  31.1 292.4  31.1 1.93E-06 002.0 203.3  59.1 0.001797 0.006260 0.002507 hargrave 2019-10-21 16:17:42 
TT 570 292.1  32.1 292.1  32.1 1.89E-06 002.0 202.9  58.1 0.002676 0.006224 0.001188 hargrave 2019-10-25 12:40:30 
TT 572 291.6  35.4 291.6  35.4 1.63E-06 005.9 200.8  54.9 0.004177 0.005214 0.022863 hargrave 2019-10-25 19:38:15 
TT 575 296.0  32.3 296.0  32.3 1.70E-06 004.6 196.9  59.2 0.002659 0.013266 0.001660 hargrave 2019-11-01 12:21:42 
TT 577 294.9  33.3 294.9  33.3 1.63E-06 002.6 197.8  57.9 0.002049 0.006596 0.004341 hargrave 2019-11-01 18:15:58 
TT 579 293.8  33.2 293.8  33.2 1.63E-06 001.8 199.5  57.7 0.002681 0.004221 0.001818 hargrave 2019-11-02 16:24:42 
TT 581 291.9  33.5 291.9  33.5 1.55E-06 002.7 201.9  56.7 0.001224 0.007155 0.001483 hargrave 2019-11-03 14:44:38 
TT 585 291.0  32.3 291.0  32.3 1.47E-06 002.0 204.1  57.4 0.004181 0.002814 0.001600 hargrave 2019-11-04 09:13:51 
TT 600 291.1  33.4 291.1  33.4 1.09E-06 003.5 203.1  56.5 0.001331 0.006136 0.002282 hargrave 2019-11-15 12:36:56 
TT 615 291.0  33.0 291.0  33.0 4.41E-07 002.8 203.5  56.8 0.000433 0.001872 0.001138 hargrave 2019-11-15 18:59:05 
TT 630 334.6  36.7 334.6  36.7 7.13E-08 009.0 145.7  47.2 0.000753 0.000787 0.000744 hargrave 2019-11-16 14:18:44 
TT 630 333.0  34.3 333.0  34.3 7.35E-08 007.6 144.5  49.9 0.000659 0.000649 0.000616 hargrave 2019-11-16 15:03:04 
TT 645 310.9  20.3 310.9  20.3 7.02E-08 003.7 165.2  72.0 0.000219 0.000380 0.000299 hargrave 2019-11-23 14:17:24 
TT 660 301.1  26.6 301.1  26.6 4.07E-08 007.1 191.0  65.8 0.000152 0.000397 0.000469 hargrave 2019-11-24 10:53:33 
TT 675 278.9  23.2 278.9  23.2 2.70E-08 007.5 230.2  56.6 0.000180 0.000301 0.000142 hargrave 2019-12-01 17:38:22 
TT 685 002.3  25.3 002.3  25.3 4.51E-08 007.8 118.0  31.6 0.000549 0.000362 0.000290 hargrave 2019-12-02 17:58:06 
