AX4- 7b sun compass orientation
      0  47.1  95.0   0.0   0.0   1.0
NRM    293.7  19.6 293.7  19.6 6.21E-06 001.4 222.5  56.3 0.012080 0.010299 0.002375 hargrave 2019-09-13 17:57:19 
TT 100 294.5  20.1 294.5  20.1 6.12E-06 003.3 220.8  56.5 0.024197 0.025290 0.003054 hargrave 2019-09-20 13:13:09 
TT 150 294.4  19.3 294.4  19.3 6.06E-06 002.8 222.0  57.0 0.022642 0.019640 0.003199 hargrave 2019-09-21 10:11:49 
TT 200 293.2  18.4 293.2  18.4 5.83E-06 001.4 224.5  56.8 0.010734 0.009791 0.002562 hargrave 2019-09-21 15:52:54 
TT 250 295.4  19.2 295.4  19.2 5.44E-06 001.6 220.8  57.7 0.012209 0.009090 0.003054 hargrave 2019-09-22 13:31:54 
TT 300 293.1  17.8 293.1  17.8 4.97E-06 001.7 225.5  57.1 0.008801 0.011882 0.002236 hargrave 2019-09-22 19:27:16 
TT 350 292.1  21.8 292.1  21.8 4.29E-06 001.9 221.6  53.7 0.007469 0.007833 0.016689 hargrave 2019-09-27 21:18:35 
TT 400 296.6  22.5 296.6  22.5 4.13E-06 001.2 215.4  55.9 0.007815 0.003949 0.003314 hargrave 2019-09-28 15:31:44 
TT 450 298.2  19.1 298.2  19.1 3.60E-06 003.3 217.2  59.5 0.009572 0.016414 0.014851 hargrave 2019-09-29 12:58:13 
TT 475 294.8  21.1 294.8  21.1 2.97E-06 004.0 219.2  56.0 0.002791 0.003443 0.038304 hargrave 2019-09-29 18:39:14 
TT 500 294.7  21.4 294.7  21.4 2.64E-06 002.0 218.9  55.7 0.008063 0.004396 0.001535 hargrave 2019-10-04 16:40:07 
TT 520 294.7  20.6 294.7  20.6 2.32E-06 002.4 219.9  56.3 0.008181 0.005116 0.001385 hargrave 2019-10-05 19:03:49 
TT 540 296.1  22.2 296.1  22.2 1.98E-06 003.1 216.3  56.0 0.008074 0.006832 0.001315 hargrave 2019-10-06 16:10:15 
TT 545 296.9  21.5 296.9  21.5 1.85E-06 003.4 216.0  56.9 0.007781 0.007881 0.000767 hargrave 2019-10-14 12:29:23 
TT 550 296.4  21.4 296.4  21.4 1.74E-06 001.9 216.8  56.7 0.004066 0.004124 0.000944 hargrave 2019-10-14 18:51:53 
TT 555 297.0  21.5 297.0  21.5 1.61E-06 003.8 216.0  57.0 0.007030 0.007905 0.001336 hargrave 2019-10-19 17:24:38 
TT 560 296.0  22.0 296.0  22.0 1.54E-06 003.4 216.6  56.0 0.005525 0.007309 0.001222 hargrave 2019-10-20 14:46:28 
TT 565 293.6  21.8 293.6  21.8 1.44E-06 002.0 219.9  54.7 0.001921 0.004442 0.001710 hargrave 2019-10-21 09:29:48 
TT 568 295.3  23.0 295.3  23.0 1.36E-06 001.6 216.4  54.9 0.002442 0.002329 0.002145 hargrave 2019-10-21 16:16:02 
TT 570 294.5  22.9 294.5  22.9 1.35E-06 003.2 217.5  54.4 0.004465 0.006132 0.000983 hargrave 2019-10-25 12:38:49 
TT 572 288.9  27.1 288.9  27.1 1.15E-06 007.9 218.9  47.9 0.002658 0.001758 0.022172 hargrave 2019-10-25 19:36:34 
TT 575 296.2  22.4 296.2  22.4 1.24E-06 002.1 216.0  55.8 0.002511 0.003780 0.000897 hargrave 2019-11-01 12:20:02 
TT 577 294.7  24.1 294.7  24.1 1.19E-06 003.5 215.9  53.6 0.001851 0.006499 0.002858 hargrave 2019-11-01 18:14:22 
TT 579 295.0  25.4 295.0  25.4 1.16E-06 001.9 214.2  52.8 0.002112 0.003030 0.001377 hargrave 2019-11-02 16:23:06 
TT 581 294.0  24.5 294.0  24.5 1.12E-06 002.3 216.3  52.9 0.001644 0.004161 0.000899 hargrave 2019-11-03 14:43:02 
TT 585 293.5  23.5 293.5  23.5 1.07E-06 001.0 218.0  53.3 0.001771 0.000542 0.001040 hargrave 2019-11-04 09:12:33 
TT 600 292.5  23.1 292.5  23.1 7.87E-07 003.4 219.6  53.0 0.001565 0.004077 0.001679 hargrave 2019-11-15 12:35:20 
TT 615 289.3  17.6 289.3  17.6 3.18E-07 002.3 230.0  54.4 0.000632 0.000990 0.000578 hargrave 2019-11-15 18:57:30 
TT 630 286.7 -10.0 286.7 -10.0 1.05E-07 004.6 281.2  59.4 0.000743 0.000512 0.000526 hargrave 2019-11-16 14:17:08 
TT 645 297.4  11.4 297.4  11.4 2.58E-08 005.3 230.0  64.3 0.000105 0.000197 0.000146 hargrave 2019-11-23 14:15:47 
TT 660 319.3 -53.9 319.3 -53.9 4.44E-08 006.7 001.7  41.0 0.000671 0.000368 0.000114 hargrave 2019-11-24 10:51:08 
TT 675 253.3 -42.8 253.3 -42.8 5.58E-08 007.7 314.6  22.4 0.000691 0.000525 0.000335 hargrave 2019-12-01 17:35:57 
TT 685 261.0  03.1 261.0  03.1 2.35E-08 017.6 263.0  33.3 0.000515 0.000359 0.000439 hargrave 2019-12-02 17:55:52 
TT 685 272.1  01.3 272.1  01.3 2.75E-08 010.9 263.2  44.5 0.000502 0.000388 0.000303 hargrave 2019-12-03 08:51:02 
