AX4- 2b sun compass orientation
      0  46.6  65.0   0.0   0.0   1.0
NRM    289.6  14.8 289.6  14.8 6.78E-06 002.3 286.8  62.7 0.025904 0.004316 0.004971 hargrave 2019-09-13 17:48:19 
TT 100 289.0  17.4 289.0  17.4 6.86E-06 002.4 281.1  63.2 0.028389 0.003956 0.004109 hargrave 2019-09-20 13:05:55 
TT 150 289.4  15.1 289.4  15.1 6.80E-06 000.8 286.0  62.7 0.005119 0.006917 0.004355 hargrave 2019-09-20 19:54:58 
TT 200 289.9  12.9 289.9  12.9 6.66E-06 002.1 290.7  62.0 0.019592 0.015056 0.004180 hargrave 2019-09-21 15:45:45 
TT 250 289.3  14.6 289.3  14.6 6.55E-06 000.9 287.0  62.3 0.006367 0.006803 0.005139 hargrave 2019-09-22 13:24:40 
TT 300 290.0  13.4 290.0  13.4 5.85E-06 002.6 289.8  62.4 0.022852 0.013230 0.003805 hargrave 2019-09-22 19:20:00 
TT 350 289.2  15.1 289.2  15.1 5.47E-06 001.8 285.8  62.5 0.006256 0.006902 0.023809 hargrave 2019-09-27 21:11:05 
TT 400 287.7  16.9 287.7  16.9 4.77E-06 002.2 281.0  61.9 0.009118 0.005236 0.035296 hargrave 2019-09-28 15:23:33 
TT 450 288.9  17.5 288.9  17.5 4.17E-06 001.6 280.8  63.1 0.003475 0.002786 0.021563 hargrave 2019-09-29 12:49:25 
TT 475 287.5  17.5 287.5  17.5 3.54E-06 000.7 279.8  61.9 0.003548 0.002004 0.000955 hargrave 2019-09-29 18:31:46 
TT 500 288.6  17.4 288.6  17.4 3.20E-06 002.3 280.8  62.8 0.012322 0.002570 0.002149 hargrave 2019-10-04 16:30:58 
TT 520 288.2  18.5 288.2  18.5 2.74E-06 002.0 278.1  62.9 0.009333 0.002632 0.001463 hargrave 2019-10-05 18:54:40 
TT 540 288.6  18.9 288.6  18.9 2.37E-06 002.2 277.6  63.3 0.008939 0.001929 0.001969 hargrave 2019-10-06 16:01:06 
TT 545 288.9  18.9 288.9  18.9 2.24E-06 001.5 277.7  63.6 0.004828 0.002389 0.002019 hargrave 2019-10-14 12:20:11 
TT 550 289.6  19.3 289.6  19.3 2.05E-06 002.4 277.4  64.4 0.008090 0.002277 0.001096 hargrave 2019-10-14 18:42:46 
TT 555 289.4  19.8 289.4  19.8 1.86E-06 002.0 276.2  64.4 0.006134 0.001830 0.000925 hargrave 2019-10-19 17:15:29 
TT 560 289.4  19.1 289.4  19.1 1.72E-06 002.4 277.8  64.1 0.006946 0.001944 0.001467 hargrave 2019-10-20 14:37:19 
TT 565 290.6  19.4 290.6  19.4 1.51E-06 001.0 278.0  65.3 0.002078 0.001300 0.001020 hargrave 2019-10-21 09:20:37 
TT 568 289.5  21.0 289.5  21.0 1.40E-06 002.0 273.4  64.8 0.004821 0.001224 0.000660 hargrave 2019-10-21 16:06:51 
TT 570 287.4  22.0 287.4  22.0 1.32E-06 001.6 270.3  63.1 0.003684 0.000868 0.000497 hargrave 2019-10-25 12:29:36 
TT 572 283.5  19.7 283.5  19.7 1.08E-06 008.6 273.2  59.0 0.008170 0.000705 0.022480 hargrave 2019-10-25 19:28:29 
TT 572 290.9  22.1 290.9  22.1 1.38E-06 011.5 271.6  66.3 0.005231 0.001891 0.058802 hargrave 2019-10-25 20:20:35 
TT 575 290.9  20.8 290.9  20.8 1.16E-06 001.4 274.9  66.0 0.002112 0.001811 0.001195 hargrave 2019-11-01 12:11:56 
TT 577 290.3  21.2 290.3  21.2 1.06E-06 001.3 273.5  65.5 0.002256 0.000720 0.000923 hargrave 2019-11-01 18:06:34 
TT 579 288.6  23.0 288.6  23.0 1.02E-06 001.5 268.5  64.3 0.002564 0.000583 0.000704 hargrave 2019-11-02 16:15:20 
TT 581 288.7  22.1 288.7  22.1 1.00E-06 001.8 270.8  64.3 0.002833 0.001227 0.001040 hargrave 2019-11-03 14:35:14 
TT 585 288.3  21.8 288.3  21.8 8.75E-07 001.9 271.1  63.9 0.002534 0.001390 0.000789 hargrave 2019-11-04 09:06:11 
TT 600 289.8  21.1 289.8  21.1 6.01E-07 001.8 273.5  65.1 0.001723 0.000798 0.000686 hargrave 2019-11-15 12:27:32 
TT 615 289.4  23.0 289.4  23.0 2.54E-07 002.1 269.0  65.1 0.000760 0.000450 0.000484 hargrave 2019-11-15 18:49:49 
TT 630 328.2  59.2 328.2  59.2 9.42E-08 004.2 169.7  54.8 0.000532 0.000476 0.000336 hargrave 2019-11-16 14:09:22 
TT 645 316.7  44.8 316.7  44.8 6.78E-08 005.7 179.8  70.2 0.000693 0.000419 0.000442 hargrave 2019-11-23 14:07:56 
TT 660 337.0  25.9 337.0  25.9 4.78E-08 005.7 097.1  71.5 0.000374 0.000280 0.000226 hargrave 2019-11-24 10:43:21 
TT 675 013.0  43.1 013.0  43.1 3.97E-08 004.1 126.4  40.9 0.000230 0.000184 0.000063 hargrave 2019-12-01 17:27:19 
TT 685 029.4  17.4 029.4  17.4 4.86E-08 009.0 099.5  22.4 0.000677 0.000393 0.000403 hargrave 2019-12-02 17:42:22 
TT 685 022.4  19.5 022.4  19.5 4.74E-08 009.5 099.2  29.3 0.000590 0.000454 0.000348 hargrave 2019-12-03 08:45:38 
