AX4- 5b sun compass orientation
      0  49.9  74.0   0.0   0.0   1.0
NRM    290.2  31.4 290.2  31.4 1.19E-05 001.0 234.9  58.9 0.015414 0.020189 0.011223 hargrave 2019-09-13 17:54:18 
TT 100 290.7  30.3 290.7  30.3 1.16E-05 002.4 236.7  59.7 0.028238 0.041116 0.010883 hargrave 2019-09-20 13:10:46 
TT 150 289.6  28.8 289.6  28.8 1.14E-05 000.8 240.1  59.3 0.011382 0.019060 0.017503 hargrave 2019-09-21 10:09:28 
TT 200 289.4  28.1 289.4  28.1 1.10E-05 001.4 241.4  59.3 0.014483 0.023763 0.015933 hargrave 2019-09-21 15:50:33 
TT 250 290.0  28.4 290.0  28.4 1.04E-05 002.6 240.6  59.8 0.031007 0.036743 0.015844 hargrave 2019-09-22 13:29:33 
TT 300 290.2  29.7 290.2  29.7 9.83E-06 004.2 238.1  59.5 0.050856 0.050013 0.009415 hargrave 2019-09-22 19:24:51 
TT 350 288.4  29.2 288.4  29.2 8.85E-06 002.7 240.1  58.2 0.019896 0.026770 0.030377 hargrave 2019-09-27 21:15:58 
TT 400 289.7  30.2 289.7  30.2 8.06E-06 002.3 237.5  59.0 0.030934 0.007920 0.035964 hargrave 2019-09-28 15:29:06 
TT 450 291.5  28.9 291.5  28.9 6.51E-06 001.3 238.9  60.9 0.010427 0.004824 0.016872 hargrave 2019-09-29 12:55:38 
TT 475 289.9  29.9 289.9  29.9 5.28E-06 001.9 237.9  59.2 0.010204 0.014334 0.017066 hargrave 2019-09-29 18:36:37 
TT 500 292.0  30.3 292.0  30.3 5.08E-06 002.4 235.8  60.7 0.019429 0.007172 0.006776 hargrave 2019-10-04 16:36:55 
TT 520 293.0  30.8 293.0  30.8 4.26E-06 002.0 234.1  61.3 0.011095 0.008583 0.005006 hargrave 2019-10-05 19:00:37 
TT 540 290.9  30.2 290.9  30.2 3.89E-06 004.0 236.6  59.9 0.026618 0.005277 0.004607 hargrave 2019-10-06 16:07:04 
TT 545 294.9  29.0 294.9  29.0 3.57E-06 001.9 236.3  63.6 0.010717 0.004562 0.003100 hargrave 2019-10-14 12:26:10 
TT 550 294.9  31.2 294.9  31.2 3.37E-06 001.7 231.8  62.6 0.009215 0.003568 0.002410 hargrave 2019-10-14 18:48:41 
TT 555 294.5  31.5 294.5  31.5 3.23E-06 001.4 231.6  62.2 0.005195 0.005293 0.002830 hargrave 2019-10-19 17:21:27 
TT 560 293.4  28.3 293.4  28.3 2.90E-06 001.7 238.7  62.7 0.007860 0.002627 0.001776 hargrave 2019-10-20 14:43:17 
TT 565 292.7  32.5 292.7  32.5 2.74E-06 001.5 231.2  60.4 0.006361 0.003071 0.001348 hargrave 2019-10-21 09:26:36 
TT 568 293.6  35.1 293.6  35.1 2.60E-06 001.6 225.9  59.7 0.005387 0.004655 0.001154 hargrave 2019-10-21 16:12:50 
TT 570 289.7  30.6 289.7  30.6 2.52E-06 001.5 236.8  58.8 0.005669 0.002295 0.003023 hargrave 2019-10-25 12:35:37 
TT 572 286.5  31.7 286.5  31.7 2.22E-06 006.1 236.5  55.9 0.007090 0.002923 0.041742 hargrave 2019-10-25 19:33:23 
TT 575 293.0  31.9 293.0  31.9 2.33E-06 001.3 232.1  60.8 0.001729 0.004818 0.001017 hargrave 2019-11-01 12:16:50 
TT 577 290.6  30.5 290.6  30.5 2.15E-06 001.6 236.3  59.5 0.003321 0.004892 0.001536 hargrave 2019-11-01 18:11:09 
TT 579 293.7  35.5 293.7  35.5 2.30E-06 001.1 225.2  59.5 0.003013 0.003014 0.001379 hargrave 2019-11-02 16:19:53 
TT 581 290.2  35.0 290.2  35.0 2.12E-06 001.3 228.7  57.4 0.004403 0.002165 0.001754 hargrave 2019-11-03 14:39:48 
TT 585 292.7  32.4 292.7  32.4 2.06E-06 001.2 231.3  60.4 0.004094 0.000929 0.001043 hargrave 2019-11-04 09:09:55 
TT 600 290.6  32.1 290.6  32.1 1.64E-06 001.6 233.5  58.9 0.004111 0.001960 0.000709 hargrave 2019-11-15 12:32:05 
TT 615 294.7  31.2 294.7  31.2 7.60E-07 001.5 232.0  62.5 0.001582 0.001117 0.000338 hargrave 2019-11-15 18:54:19 
TT 630 284.6  34.4 284.6  34.4 2.98E-07 001.9 233.2  53.4 0.000795 0.000484 0.000478 hargrave 2019-11-16 14:13:55 
TT 645 322.9  20.0 322.9  20.0 1.43E-07 003.1 145.5  85.1 0.000223 0.000728 0.000184 hargrave 2019-11-23 14:12:32 
TT 660 331.8  38.4 331.8  38.4 1.26E-07 004.4 157.2  65.2 0.000917 0.000525 0.000180 hargrave 2019-11-24 10:47:55 
TT 675 188.3  08.6 188.3  08.6 7.87E-08 007.8 246.3 -36.1 0.000948 0.000604 0.000184 hargrave 2019-12-01 17:31:54 
TT 685 300.2  56.1 300.2  56.1 4.81E-08 003.7 196.1  47.1 0.000193 0.000172 0.000282 hargrave 2019-12-02 17:47:30 
