AX4- 3b sun compass orientation
      0  40.2  66.0   0.0   0.0   1.0
NRM    288.2  21.4 288.2  21.4 1.03E-05 002.3 272.9  69.5 0.040056 0.008545 0.004524 hargrave 2019-09-13 17:49:53 
TT 100 288.7  22.3 288.7  22.3 1.03E-05 002.9 270.7  70.1 0.052474 0.005962 0.003918 hargrave 2019-09-20 13:07:10 
TT 150 288.9  20.1 288.9  20.1 1.02E-05 002.3 277.0  69.9 0.038640 0.011191 0.004045 hargrave 2019-09-21 10:04:34 
TT 200 288.8  20.0 288.8  20.0 9.85E-06 003.0 277.1  69.8 0.050113 0.010470 0.004710 hargrave 2019-09-21 15:46:58 
TT 250 288.9  20.9 288.9  20.9 9.62E-06 003.6 274.7  70.0 0.059388 0.010228 0.003708 hargrave 2019-09-22 13:25:57 
TT 300 289.4  19.8 289.4  19.8 8.61E-06 003.8 278.3  70.3 0.057347 0.006197 0.002462 hargrave 2019-09-22 19:21:14 
TT 350 287.9  21.1 287.9  21.1 7.90E-06 002.5 273.6  69.3 0.033774 0.006059 0.002459 hargrave 2019-09-27 21:12:20 
TT 400 288.2  22.0 288.2  22.0 7.22E-06 003.2 271.3  69.7 0.039323 0.004756 0.022222 hargrave 2019-09-28 15:24:48 
TT 450 288.7  21.8 288.7  21.8 5.96E-06 003.9 272.1  70.1 0.036361 0.003908 0.058803 hargrave 2019-09-29 12:50:39 
TT 475 287.3  22.2 287.3  22.2 4.92E-06 002.7 270.2  68.9 0.021319 0.002712 0.021283 hargrave 2019-09-29 18:33:00 
TT 500 288.8  22.8 288.8  22.8 4.62E-06 002.8 269.3  70.4 0.021956 0.004132 0.002825 hargrave 2019-10-04 16:32:31 
TT 520 287.9  22.0 287.9  22.0 4.03E-06 002.2 271.1  69.4 0.014874 0.003432 0.001963 hargrave 2019-10-05 18:56:12 
TT 540 288.2  23.4 288.2  23.4 3.48E-06 000.6 267.2  69.8 0.002431 0.002372 0.001548 hargrave 2019-10-06 16:02:38 
TT 545 288.7  23.9 288.7  23.9 3.34E-06 000.8 266.0  70.3 0.003566 0.002685 0.002107 hargrave 2019-10-14 12:21:44 
TT 550 288.7  24.1 288.7  24.1 3.10E-06 001.4 265.4  70.3 0.007010 0.002245 0.001358 hargrave 2019-10-14 18:44:17 
TT 555 288.6  24.3 288.6  24.3 2.96E-06 003.2 264.7  70.3 0.016079 0.002852 0.001349 hargrave 2019-10-19 17:17:01 
TT 560 287.8  22.5 287.8  22.5 2.71E-06 001.1 269.8  69.4 0.004138 0.002581 0.001526 hargrave 2019-10-20 14:38:51 
TT 565 288.5  23.8 288.5  23.8 2.48E-06 002.0 266.0  70.2 0.008213 0.002636 0.001974 hargrave 2019-10-21 09:22:10 
TT 568 288.0  23.9 288.0  23.9 2.36E-06 003.5 265.8  69.7 0.014086 0.002285 0.002030 hargrave 2019-10-21 16:08:24 
TT 570 286.5  24.5 286.5  24.5 2.26E-06 001.4 263.8  68.4 0.005072 0.001367 0.001608 hargrave 2019-10-25 12:31:09 
TT 572 286.1  22.2 286.1  22.2 2.18E-06 001.1 269.7  67.8 0.003722 0.001674 0.001235 hargrave 2019-10-25 19:30:02 
TT 575 287.7  24.3 287.7  24.3 2.06E-06 002.9 264.4  69.5 0.010109 0.002322 0.001754 hargrave 2019-11-01 12:13:28 
TT 577 288.8  22.1 288.8  22.1 1.98E-06 002.1 271.1  70.3 0.007073 0.002071 0.001258 hargrave 2019-11-01 18:08:08 
TT 579 287.1  23.5 287.1  23.5 1.93E-06 001.9 266.7  68.8 0.006278 0.001193 0.001218 hargrave 2019-11-02 16:16:53 
TT 581 285.0  24.7 285.0  24.7 1.85E-06 002.9 263.1  67.1 0.009426 0.001391 0.000972 hargrave 2019-11-03 14:36:47 
TT 585 286.6  22.1 286.6  22.1 1.76E-06 003.1 270.3  68.2 0.009278 0.001657 0.001113 hargrave 2019-11-04 09:07:26 
TT 600 284.7  22.8 284.7  22.8 1.35E-06 002.1 267.6  66.6 0.004451 0.001535 0.001489 hargrave 2019-11-15 12:29:04 
TT 615 286.8  16.2 286.8  16.2 7.23E-07 001.8 285.2  66.7 0.002050 0.000917 0.000245 hargrave 2019-11-15 18:51:21 
TT 630 308.7 -12.2 308.7 -12.2 2.21E-07 004.7 357.6  53.8 0.001397 0.001342 0.000317 hargrave 2019-11-16 14:10:54 
TT 645 298.9  10.9 298.9  10.9 1.85E-07 002.5 318.7  73.1 0.000815 0.000234 0.000119 hargrave 2019-11-23 14:09:29 
TT 660 300.3  05.3 300.3  05.3 1.74E-07 002.1 331.6  69.0 0.000503 0.000519 0.000195 hargrave 2019-11-24 10:44:54 
TT 675 303.3 -38.1 303.3 -38.1 1.28E-07 004.9 353.8  27.6 0.000727 0.000794 0.000786 hargrave 2019-12-01 17:28:52 
TT 685 288.1 -28.4 288.1 -28.4 6.71E-08 007.3 336.7  33.4 0.000842 0.000633 0.000459 hargrave 2019-12-02 17:43:51 
