AX4- 1b sun compass orientation
      0  46.6  70.0   0.0   0.0   1.0
NRM    295.9  06.9 295.9  06.9 7.23E-06 001.1 300.3  66.0 0.006071 0.011504 0.005101 hargrave 2019-09-13 17:46:51 
TT 100 294.9  07.2 294.9  07.2 7.20E-06 000.7 298.2  65.4 0.006497 0.005824 0.003011 hargrave 2019-09-20 13:04:44 
TT 150 294.5  07.3 294.5  07.3 7.11E-06 001.3 297.6  65.1 0.009983 0.012040 0.004110 hargrave 2019-09-20 19:53:49 
TT 200 295.9  04.9 295.9  04.9 6.89E-06 001.6 304.1  64.9 0.015278 0.012405 0.003148 hargrave 2019-09-21 15:44:34 
TT 250 296.1  05.3 296.1  05.3 6.75E-06 002.5 303.6  65.3 0.022288 0.019707 0.004114 hargrave 2019-09-22 13:23:29 
TT 300 295.3  06.5 295.3  06.5 5.95E-06 002.8 300.2  65.3 0.023353 0.016710 0.003173 hargrave 2019-09-22 19:18:49 
TT 350 293.5  04.1 293.5  04.1 5.09E-06 002.7 302.2  62.4 0.014277 0.016896 0.017519 hargrave 2019-09-27 21:09:52 
TT 400 294.9  05.2 294.9  05.2 4.87E-06 004.0 302.1  64.2 0.030156 0.014365 0.020636 hargrave 2019-09-28 15:22:20 
TT 450 294.2  07.0 294.2  07.0 4.13E-06 002.8 297.8  64.6 0.015588 0.010788 0.021331 hargrave 2019-09-29 12:48:11 
TT 475 293.0  06.9 293.0  06.9 3.50E-06 002.6 296.6  63.6 0.003906 0.004843 0.038141 hargrave 2019-09-29 18:30:33 
TT 500 293.7  07.2 293.7  07.2 3.16E-06 001.9 296.8  64.4 0.005328 0.008666 0.003406 hargrave 2019-10-04 16:29:30 
TT 520 294.4  06.1 294.4  06.1 2.75E-06 002.9 299.9  64.4 0.008840 0.010716 0.002031 hargrave 2019-10-05 18:53:11 
TT 540 294.4  05.9 294.4  05.9 2.42E-06 001.1 300.1  64.2 0.001922 0.004017 0.001967 hargrave 2019-10-06 15:59:37 
TT 545 294.4  05.6 294.4  05.6 2.31E-06 002.4 300.8  64.1 0.006927 0.006768 0.001580 hargrave 2019-10-14 12:18:42 
TT 550 294.4  06.1 294.4  06.1 2.14E-06 001.4 299.8  64.3 0.003057 0.004128 0.001240 hargrave 2019-10-14 18:41:17 
TT 555 293.2  08.2 293.2  08.2 1.99E-06 001.6 294.1  64.5 0.003001 0.004814 0.001061 hargrave 2019-10-19 17:14:00 
TT 560 293.4  08.2 293.4  08.2 1.85E-06 001.2 294.3  64.6 0.001209 0.003492 0.001424 hargrave 2019-10-20 14:35:51 
TT 565 292.1  08.9 292.1  08.9 1.66E-06 001.0 291.5  63.8 0.001249 0.002066 0.001611 hargrave 2019-10-21 09:19:07 
TT 568 291.2  09.4 291.2  09.4 1.62E-06 001.0 289.7  63.3 0.001500 0.002361 0.001073 hargrave 2019-10-21 16:05:22 
TT 570 290.5  07.0 290.5  07.0 1.51E-06 002.8 293.5  61.5 0.006297 0.003923 0.000562 hargrave 2019-10-25 12:28:06 
TT 572 285.6  09.6 285.6  09.6 1.32E-06 007.3 284.6  58.4 0.002746 0.003644 0.024272 hargrave 2019-10-25 19:23:29 
TT 575 292.9  06.9 292.9  06.9 1.39E-06 002.0 296.3  63.5 0.003616 0.003131 0.000724 hargrave 2019-11-01 12:09:15 
TT 577 292.4  07.2 292.4  07.2 1.31E-06 003.3 295.3  63.3 0.005776 0.004500 0.001707 hargrave 2019-11-01 18:03:46 
TT 579 290.7  09.9 290.7  09.9 1.28E-06 000.9 288.3  63.1 0.001410 0.001129 0.001517 hargrave 2019-11-02 16:10:56 
TT 581 290.0  08.3 290.0  08.3 1.26E-06 000.7 290.6  61.8 0.001389 0.000617 0.001301 hargrave 2019-11-03 14:30:48 
TT 585 289.9  07.6 289.9  07.6 1.17E-06 001.7 291.8  61.3 0.002745 0.002401 0.000963 hargrave 2019-11-04 09:03:45 
TT 600 289.6  07.3 289.6  07.3 9.00E-07 002.7 292.2  60.9 0.003867 0.001717 0.000584 hargrave 2019-11-15 12:24:43 
TT 615 288.0  06.3 288.0  06.3 4.70E-07 002.7 292.3  59.1 0.001988 0.000989 0.000568 hargrave 2019-11-15 18:47:02 
TT 630 277.5  08.5 277.5  08.5 1.27E-07 002.3 281.2  50.5 0.000185 0.000260 0.000552 hargrave 2019-11-16 14:06:33 
TT 645 266.3  12.8 266.3  12.8 9.53E-08 002.4 270.3  41.4 0.000375 0.000220 0.000159 hargrave 2019-11-23 14:05:05 
TT 660 263.0  07.6 263.0  07.6 9.83E-08 007.3 275.5  36.7 0.000971 0.000501 0.000707 hargrave 2019-11-24 10:39:42 
TT 675 279.3 -15.3 279.3 -15.3 7.30E-08 006.8 311.2  39.0 0.000786 0.000625 0.000324 hargrave 2019-12-01 17:24:30 
TT 685 284.2 -20.2 284.2 -20.2 5.70E-08 006.3 319.9  38.8 0.000664 0.000423 0.000353 hargrave 2019-12-02 17:40:01 
