AX4- 4b sun compass orientation
      0  36.2  79.0   0.0   0.0   1.0
NRM    290.4  23.3 290.4  23.3 1.20E-05 002.0 228.6  70.5 0.020638 0.035316 0.009902 hargrave 2019-09-13 17:52:42 
TT 100 290.4  24.3 290.4  24.3 1.20E-05 002.2 226.3  70.0 0.044820 0.009914 0.006573 hargrave 2019-09-20 13:09:30 
TT 150 290.2  23.8 290.2  23.8 1.20E-05 001.7 227.9  70.1 0.022345 0.029324 0.007128 hargrave 2019-09-21 10:06:53 
TT 200 289.0  22.3 289.0  22.3 1.16E-05 001.9 233.3  70.0 0.033889 0.019882 0.007479 hargrave 2019-09-21 15:49:18 
TT 250 289.6  22.9 289.6  22.9 1.11E-05 001.7 230.9  70.2 0.023230 0.023189 0.007800 hargrave 2019-09-22 13:28:17 
TT 300 289.0  21.2 289.0  21.2 1.03E-05 002.9 236.0  70.6 0.045029 0.021165 0.014032 hargrave 2019-09-22 19:23:35 
TT 350 288.3  23.5 288.3  23.5 9.50E-06 001.4 231.4  68.9 0.011821 0.022541 0.014560 hargrave 2019-09-27 21:14:41 
TT 400 289.0  22.1 289.0  22.1 8.64E-06 002.8 233.7  70.1 0.023978 0.044018 0.024297 hargrave 2019-09-28 15:27:50 
TT 450 289.6  23.4 289.6  23.4 7.35E-06 001.8 229.7  70.0 0.012205 0.028148 0.034689 hargrave 2019-09-29 12:54:22 
TT 475 288.8  25.6 288.8  25.6 6.11E-06 001.5 226.1  68.0 0.018110 0.021787 0.051805 hargrave 2019-09-29 18:35:21 
TT 500 288.7  23.6 288.7  23.6 5.70E-06 002.7 230.7  69.1 0.010341 0.024061 0.005154 hargrave 2019-10-04 16:35:21 
TT 520 290.6  25.3 290.6  25.3 4.85E-06 003.2 223.9  69.5 0.009604 0.024548 0.005137 hargrave 2019-10-05 18:59:04 
TT 540 290.7  26.5 290.7  26.5 4.11E-06 002.9 221.3  68.7 0.007855 0.018721 0.004964 hargrave 2019-10-06 16:05:31 
TT 545 291.5  25.7 291.5  25.7 3.94E-06 003.0 221.4  69.8 0.007400 0.017830 0.007013 hargrave 2019-10-14 12:24:36 
TT 550 290.2  25.2 290.2  25.2 3.59E-06 002.7 224.7  69.2 0.002902 0.016175 0.004747 hargrave 2019-10-14 18:47:08 
TT 555 290.3  26.7 290.3  26.7 3.30E-06 003.9 221.5  68.3 0.008011 0.020908 0.003784 hargrave 2019-10-19 17:19:53 
TT 560 290.8  26.5 290.8  26.5 3.03E-06 002.5 221.0  68.8 0.002242 0.011991 0.004893 hargrave 2019-10-20 14:41:44 
TT 565 293.7  26.2 293.7  26.2 2.70E-06 004.2 215.9  70.8 0.009677 0.016152 0.005924 hargrave 2019-10-21 09:25:02 
TT 568 291.3  28.8 291.3  28.8 2.61E-06 004.1 216.0  67.4 0.011774 0.012185 0.007858 hargrave 2019-10-21 16:11:16 
TT 570 287.2  25.9 287.2  25.9 2.45E-06 004.0 227.7  66.7 0.003120 0.015941 0.005236 hargrave 2019-10-25 12:34:02 
TT 572 288.2  29.6 288.2  29.6 2.17E-06 005.1 219.5  65.0 0.003497 0.010123 0.024422 hargrave 2019-10-25 19:31:50 
TT 575 291.4  26.0 291.4  26.0 2.22E-06 004.1 220.9  69.5 0.004328 0.014286 0.005313 hargrave 2019-11-01 12:15:16 
TT 577 291.9  29.1 291.9  29.1 2.09E-06 001.9 214.3  67.5 0.004217 0.004904 0.002953 hargrave 2019-11-01 18:09:38 
TT 579 289.1  28.4 289.1  28.4 1.95E-06 002.5 220.2  66.4 0.001812 0.007820 0.002970 hargrave 2019-11-02 16:18:22 
TT 581 288.7  29.1 288.7  29.1 1.96E-06 002.6 219.4  65.6 0.004509 0.007000 0.003045 hargrave 2019-11-03 14:38:17 
TT 585 290.3  30.5 290.3  30.5 1.70E-06 002.6 214.9  65.5 0.007127 0.001935 0.002558 hargrave 2019-11-04 09:08:39 
TT 600 290.4  29.6 290.4  29.6 1.29E-06 004.0 216.1  66.3 0.004361 0.007057 0.003582 hargrave 2019-11-15 12:30:33 
TT 615 284.3  26.5 284.3  26.5 5.42E-07 002.9 230.1  64.2 0.000545 0.002517 0.000876 hargrave 2019-11-15 18:52:49 
TT 630 288.2  57.6 288.2  57.6 3.26E-07 004.6 192.7  41.4 0.000766 0.001860 0.001742 hargrave 2019-11-16 14:12:23 
TT 645 304.9  38.9 304.9  38.9 1.71E-07 003.2 182.1  62.0 0.000576 0.000725 0.000295 hargrave 2019-11-23 14:11:00 
TT 660 284.9  03.6 284.9  03.6 1.51E-07 002.1 287.8  67.6 0.000265 0.000632 0.000464 hargrave 2019-11-24 10:46:24 
TT 675 336.0  57.4 336.0  57.4 1.02E-07 005.9 160.0  38.3 0.000688 0.000883 0.000205 hargrave 2019-12-01 17:30:22 
TT 685 295.5  31.7 295.5  31.7 1.06E-07 005.9 203.9  67.0 0.000834 0.000724 0.000482 hargrave 2019-12-02 17:45:17 
