AX5- 1b sun compass orientation
      0 154.2  68.0   0.0   0.0   1.0
NRM    292.3  29.8 292.3  29.8 7.36E-04 004.5 223.6 -20.5 2.028599 4.172063 3.458385 hargrave 2019-09-13 18:00:06 
TT 100 289.2  31.6 289.2  31.6 7.28E-04 003.1 220.2 -21.2 2.570853 0.290194 3.083464 hargrave 2019-09-20 13:16:37 
TT 150 291.2  29.6 291.2  29.6 7.26E-04 002.9 223.1 -21.4 0.651656 2.018953 3.010185 hargrave 2019-09-21 10:14:04 
TT 200 291.0  29.1 291.0  29.1 7.07E-04 003.0 223.3 -21.9 2.040872 0.401886 3.055630 hargrave 2019-09-21 15:55:09 
TT 250 289.6  29.9 289.6  29.9 6.84E-04 003.3 221.8 -22.1 0.803664 2.421341 3.062302 hargrave 2019-09-22 13:34:10 
TT 300 289.6  29.4 289.6  29.4 6.28E-04 003.6 222.2 -22.5 2.296119 0.393348 3.170722 hargrave 2019-09-23 08:01:52 
TT 350 289.8  28.4 289.8  28.4 5.70E-04 004.0 223.1 -23.1 1.454051 2.912152 2.308116 hargrave 2019-09-27 21:21:23 
TT 400 290.3  28.0 290.3  28.0 5.04E-04 006.8 223.7 -23.1 4.460574 3.040039 2.581108 hargrave 2019-09-28 15:34:32 
TT 450 290.1  28.7 290.1  28.7 4.47E-04 003.5 223.1 -22.8 0.277081 1.492750 2.306219 hargrave 2019-09-29 13:01:01 
TT 475 289.3  29.5 289.3  29.5 3.97E-04 003.3 221.9 -22.6 1.303803 0.287528 1.868570 hargrave 2019-09-29 18:42:01 
TT 500 288.2  30.9 288.2  30.9 3.51E-04 002.9 220.1 -22.3 0.503310 1.221824 1.223758 hargrave 2019-10-04 16:43:35 
TT 520 289.2  30.4 289.2  30.4 3.12E-04 002.7 221.2 -22.1 0.323235 0.957816 1.059808 hargrave 2019-10-05 19:07:13 
TT 540 289.7  29.7 289.7  29.7 2.62E-04 003.3 222.0 -22.3 1.031659 0.611622 0.888724 hargrave 2019-10-06 16:13:39 
TT 545 286.5  31.8 286.5  31.8 2.37E-04 003.6 218.3 -22.6 1.010481 0.713333 0.824316 hargrave 2019-10-14 12:32:55 
TT 550 286.1  32.4 286.1  32.4 2.14E-04 002.9 217.6 -22.5 0.300142 0.322289 1.007871 hargrave 2019-10-14 18:55:18 
TT 555 286.7  32.0 286.7  32.0 1.91E-04 003.9 218.3 -22.4 0.875487 0.576262 0.753767 hargrave 2019-10-19 17:28:03 
TT 560 288.0  30.7 288.0  30.7 1.66E-04 004.0 220.1 -22.6 0.696529 0.342761 0.851019 hargrave 2019-10-20 14:49:53 
TT 565 288.8  29.3 288.8  29.3 1.29E-04 004.7 221.8 -23.1 0.702530 0.375303 0.697133 hargrave 2019-10-21 09:33:12 
TT 568 285.9  30.6 285.9  30.6 1.11E-04 004.4 218.8 -23.9 0.507155 0.166692 0.674613 hargrave 2019-10-21 16:19:26 
TT 570 288.6  29.2 288.6  29.2 9.81E-05 004.0 221.7 -23.3 0.480684 0.227426 0.429519 hargrave 2019-10-25 12:42:14 
TT 572 286.3  29.4 286.3  29.4 8.43E-05 002.8 220.0 -24.6 0.136807 0.110279 0.374890 hargrave 2019-10-25 19:39:59 
TT 575 288.3  28.7 288.3  28.7 7.50E-05 003.4 221.9 -23.8 0.064094 0.185182 0.404634 hargrave 2019-11-01 12:23:26 
TT 577 287.8  30.5 287.8  30.5 7.20E-05 003.6 220.1 -22.8 0.220784 0.109918 0.402672 hargrave 2019-11-01 18:18:16 
TT 579 288.0  29.2 288.0  29.2 6.44E-05 004.4 221.3 -23.6 0.306549 0.100852 0.385446 hargrave 2019-11-02 16:26:14 
TT 581 290.4  26.0 290.4  26.0 5.96E-05 003.6 225.4 -24.4 0.104810 0.110999 0.345634 hargrave 2019-11-03 14:46:14 
TT 585 287.3  28.5 287.3  28.5 5.72E-05 004.2 221.4 -24.6 0.240363 0.083105 0.347093 hargrave 2019-11-04 09:15:05 
TT 600 286.8  25.8 286.8  25.8 4.41E-05 005.6 223.1 -26.8 0.301139 0.127297 0.282566 hargrave 2019-11-15 12:38:27 
TT 615 288.1  31.4 288.1  31.4 2.79E-05 003.9 219.7 -22.0 0.072812 0.069798 0.167302 hargrave 2019-11-15 19:00:36 
TT 630 288.7  28.8 288.7  28.8 2.14E-05 004.4 222.1 -23.5 0.084739 0.056376 0.135373 hargrave 2019-11-16 14:20:16 
TT 645 292.4  24.4 292.4  24.4 1.99E-05 005.1 228.0 -24.0 0.137074 0.077061 0.088971 hargrave 2019-11-23 14:18:57 
TT 660 295.2  30.2 295.2  30.2 1.71E-05 003.0 225.1 -18.4 0.040986 0.028218 0.081967 hargrave 2019-11-24 10:55:05 
TT 675 289.9  12.8 289.9  12.8 8.46E-06 004.5 236.5 -33.3 0.049587 0.017705 0.045413 hargrave 2019-12-01 17:39:54 
TT 685 287.2  09.5 287.2  09.5 7.31E-06 004.6 237.8 -37.3 0.049805 0.011251 0.031896 hargrave 2019-12-02 17:59:36 
