AX5- 3b sun compass orientation
      0 156.9  64.0   0.0   0.0   1.0
NRM    294.3  24.5 294.3  24.5 1.17E-04 003.1 226.1 -21.8 0.242506 0.462345 0.347413 hargrave 2019-09-13 18:01:33 
TT 100 293.2  24.7 293.2  24.7 1.17E-04 003.4 225.3 -22.4 0.423679 0.486554 0.289349 hargrave 2019-09-20 13:20:21 
TT 150 295.4  22.7 295.4  22.7 1.17E-04 001.9 228.3 -22.4 0.116506 0.206526 0.318046 hargrave 2019-09-21 10:15:11 
TT 200 294.1  23.2 294.1  23.2 1.15E-04 004.9 227.1 -22.9 0.619787 0.713529 0.286844 hargrave 2019-09-21 15:58:59 
TT 250 294.6  22.8 294.6  22.8 1.11E-04 002.4 227.7 -22.8 0.340075 0.163118 0.284638 hargrave 2019-09-22 13:35:21 
TT 300 293.9  24.1 293.9  24.1 1.07E-04 002.0 226.2 -22.4 0.219875 0.141605 0.287977 hargrave 2019-09-23 08:03:02 
TT 350 292.4  24.3 292.4  24.3 1.01E-04 004.3 225.0 -23.2 0.408778 0.575804 0.326163 hargrave 2019-09-27 21:22:49 
TT 400 291.1  25.7 291.1  25.7 9.50E-05 005.2 223.0 -23.0 0.464973 0.699937 0.237409 hargrave 2019-09-28 15:35:57 
TT 450 292.4  25.3 292.4  25.3 9.02E-05 001.8 224.3 -22.5 0.111835 0.086684 0.254657 hargrave 2019-09-29 13:02:28 
TT 475 290.0  26.6 290.0  26.6 8.56E-05 004.9 221.6 -22.9 0.329858 0.613652 0.239705 hargrave 2019-09-29 18:43:26 
TT 500 291.4  26.3 291.4  26.3 7.99E-05 003.7 222.8 -22.4 0.169329 0.379044 0.320313 hargrave 2019-10-04 16:45:19 
TT 520 292.5  26.0 292.5  26.0 7.59E-05 003.2 223.8 -21.9 0.123370 0.289174 0.294654 hargrave 2019-10-05 19:08:57 
TT 540 294.1  24.5 294.1  24.5 6.96E-05 003.3 226.1 -22.0 0.136353 0.290358 0.250263 hargrave 2019-10-06 16:15:23 
TT 545 291.5  26.6 291.5  26.6 6.63E-05 002.9 222.7 -22.0 0.103062 0.238326 0.223433 hargrave 2019-10-14 12:34:38 
TT 550 291.7  26.6 291.7  26.6 6.36E-05 003.3 222.8 -22.0 0.150313 0.278377 0.203934 hargrave 2019-10-14 18:57:01 
TT 555 293.1  24.6 293.1  24.6 5.91E-05 002.8 225.3 -22.5 0.098317 0.209508 0.195012 hargrave 2019-10-19 17:29:47 
TT 560 293.0  25.5 293.0  25.5 5.46E-05 005.8 224.5 -22.0 0.336375 0.428800 0.131553 hargrave 2019-10-20 14:51:38 
TT 565 292.5  25.7 292.5  25.7 4.19E-05 004.7 224.0 -22.1 0.197044 0.278690 0.076904 hargrave 2019-10-21 09:34:56 
TT 568 292.0  24.7 292.0  24.7 3.18E-05 002.8 224.4 -23.2 0.095052 0.130997 0.044789 hargrave 2019-10-21 16:21:09 
TT 570 293.1  23.7 293.1  23.7 2.56E-05 002.8 225.9 -23.2 0.076139 0.102360 0.070915 hargrave 2019-10-25 12:43:59 
TT 572 294.6  24.5 294.6  24.5 1.47E-05 003.4 226.4 -21.6 0.057812 0.077422 0.040389 hargrave 2019-10-25 19:41:42 
TT 575 295.8  24.3 295.8  24.3 9.07E-06 004.7 227.3 -21.0 0.057321 0.067536 0.009700 hargrave 2019-11-01 12:25:10 
TT 577 296.6  25.0 296.6  25.0 6.55E-06 004.8 227.3 -19.9 0.049351 0.053139 0.013340 hargrave 2019-11-01 18:19:44 
TT 579 295.3  22.5 295.3  22.5 5.37E-06 008.3 228.4 -22.6 0.059439 0.066670 0.013781 hargrave 2019-11-02 16:27:43 
TT 579 293.6  21.2 293.6  21.2 5.39E-06 002.8 228.3 -24.5 0.015950 0.019212 0.011070 hargrave 2019-11-02 17:05:06 
TT 581 295.6  30.3 295.6  30.3 4.05E-06 006.9 222.7 -16.9 0.033381 0.042241 0.015665 hargrave 2019-11-03 14:48:30 
TT 585 291.2  21.6 291.2  21.6 3.32E-06 006.1 226.2 -25.9 0.023341 0.032749 0.015312 hargrave 2019-11-04 09:16:59 
TT 600 306.9  41.6 306.9  41.6 3.31E-06 010.4 220.4 -02.6 0.045733 0.046452 0.019240 hargrave 2019-11-15 12:39:57 
TT 600 305.6  38.3 305.6  38.3 3.33E-06 005.4 222.3 -05.4 0.021292 0.023922 0.004359 hargrave 2019-11-15 13:31:45 
TT 615 286.7  16.9 286.7  16.9 1.69E-06 003.9 226.4 -32.2 0.007398 0.009225 0.001578 hargrave 2019-11-15 19:02:05 
TT 630 011.8  06.7 011.8  06.7 6.37E-07 004.0 280.0  34.2 0.003856 0.002363 0.001009 hargrave 2019-11-16 14:21:45 
TT 645 335.0 -41.2 335.0 -41.2 6.80E-07 003.3 307.7 -18.1 0.003637 0.002153 0.000485 hargrave 2019-11-23 14:20:27 
TT 660 251.5  28.4 251.5  28.4 1.40E-07 009.0 185.0 -35.4 0.000709 0.002240 0.000236 hargrave 2019-11-24 10:56:35 
TT 660 257.8  28.0 257.8  28.0 1.51E-07 003.4 191.7 -34.9 0.000527 0.000773 0.000428 hargrave 2019-11-24 15:31:31 
TT 675 323.5  68.8 323.5  68.8 2.22E-07 003.9 201.9  19.5 0.000557 0.001270 0.000776 hargrave 2019-12-01 17:41:26 
TT 685 286.0  10.6 286.0  10.6 2.20E-07 006.3 231.1 -37.2 0.001454 0.001812 0.000886 hargrave 2019-12-02 18:01:09 
