AX6- 1b sun compass orientation
      0 147.0  44.0   0.0   0.0   1.0
NRM    288.3  30.7 288.3  30.7 1.82E-04 004.4 222.1 -00.3 0.962671 1.020564 0.135161 hargrave 2019-09-13 18:03:03 
TT 100 286.7  31.5 286.7  31.5 1.81E-04 001.0 220.6 -00.4 0.239353 0.180504 0.109282 hargrave 2019-09-20 13:21:44 
TT 150 291.6  28.3 291.6  28.3 1.81E-04 002.2 225.9 -00.8 0.488556 0.526437 0.125827 hargrave 2019-09-21 10:16:20 
TT 200 290.3  28.8 290.3  28.8 1.79E-04 003.4 224.6 -01.0 0.714027 0.799645 0.111432 hargrave 2019-09-21 16:00:08 
TT 250 289.1  29.5 289.1  29.5 1.76E-04 000.7 223.4 -01.0 0.179305 0.240876 0.136083 hargrave 2019-09-22 13:36:33 
TT 300 289.0  29.3 289.0  29.3 1.72E-04 004.5 223.4 -01.2 0.961957 0.975679 0.091967 hargrave 2019-09-23 08:04:14 
TT 350 287.3  29.6 287.3  29.6 1.68E-04 002.0 222.0 -01.7 0.310370 0.524414 0.131993 hargrave 2019-09-27 21:24:11 
TT 400 291.6  27.4 291.6  27.4 1.61E-04 005.3 226.4 -01.5 1.022725 1.081121 0.083566 hargrave 2019-09-28 15:37:20 
TT 450 291.2  27.9 291.2  27.9 1.55E-04 003.0 225.8 -01.3 0.402712 0.885179 0.091399 hargrave 2019-09-29 13:03:52 
TT 475 286.9  30.4 286.9  30.4 1.46E-04 003.7 221.3 -01.3 0.642906 0.700644 0.086359 hargrave 2019-09-29 18:44:48 
TT 500 289.0  29.6 289.0  29.6 1.37E-04 004.5 223.2 -00.9 0.734190 0.758788 0.239115 hargrave 2019-10-04 16:46:59 
TT 520 289.9  29.3 289.9  29.3 1.30E-04 004.3 224.1 -00.7 0.669812 0.687036 0.214149 hargrave 2019-10-05 19:10:37 
TT 540 289.7  29.4 289.7  29.4 1.16E-04 002.9 223.9 -00.8 0.387926 0.407644 0.199881 hargrave 2019-10-06 16:17:04 
TT 545 289.7  29.8 289.7  29.8 1.08E-04 003.9 223.6 -00.5 0.482812 0.530496 0.165963 hargrave 2019-10-14 12:36:19 
TT 550 288.0  30.7 288.0  30.7 1.01E-04 005.1 221.9 -00.5 0.608244 0.657175 0.103054 hargrave 2019-10-14 18:58:41 
TT 555 288.6  30.6 288.6  30.6 9.31E-05 003.8 222.4 -00.3 0.429074 0.448538 0.118269 hargrave 2019-10-19 17:31:27 
TT 560 289.9  29.8 289.9  29.8 8.32E-05 007.1 223.8 -00.4 0.710439 0.754290 0.045957 hargrave 2019-10-20 14:53:18 
TT 565 290.2  29.2 290.2  29.2 6.47E-05 005.4 224.3 -00.7 0.414453 0.444556 0.062875 hargrave 2019-10-21 09:36:36 
TT 568 288.7  29.7 288.7  29.7 4.96E-05 005.8 223.0 -01.0 0.333823 0.372665 0.061394 hargrave 2019-10-21 16:22:50 
TT 570 287.0  28.9 287.0  28.9 3.95E-05 004.4 222.1 -02.5 0.201021 0.233162 0.026707 hargrave 2019-10-25 12:45:40 
TT 572 284.3  29.8 284.3  29.8 2.44E-05 004.3 219.7 -02.9 0.119607 0.136109 0.045693 hargrave 2019-10-25 19:43:23 
TT 575 289.9  30.5 289.9  30.5 1.78E-05 007.5 223.4  00.2 0.155777 0.180153 0.011753 hargrave 2019-11-01 12:26:51 
TT 577 287.9  35.0 287.9  35.0 1.45E-05 002.3 219.5  03.1 0.041827 0.049005 0.011670 hargrave 2019-11-01 18:21:16 
TT 579 280.7  36.2 280.7  36.2 1.28E-05 003.3 213.9  01.2 0.044215 0.061044 0.015739 hargrave 2019-11-02 16:29:16 
TT 581 288.5  32.3 288.5  32.3 1.19E-05 002.5 221.5  01.1 0.049489 0.024156 0.006836 hargrave 2019-11-03 14:52:44 
TT 585 288.4  31.9 288.4  31.9 1.10E-05 001.5 221.6  00.7 0.018063 0.023114 0.007160 hargrave 2019-11-04 09:18:14 
TT 600 283.3  29.1 283.3  29.1 8.67E-06 004.0 219.3 -04.0 0.039651 0.046743 0.013221 hargrave 2019-11-15 12:41:29 
TT 615 283.0  29.3 283.0  29.3 3.18E-06 004.2 219.0 -03.9 0.018503 0.014629 0.006989 hargrave 2019-11-15 19:03:37 
TT 630 228.0  04.2 228.0  04.2 5.80E-07 002.2 168.3 -39.2 0.001387 0.001472 0.001733 hargrave 2019-11-16 14:23:17 
TT 645 010.5  44.1 010.5  44.1 3.61E-07 008.2 256.3  57.5 0.001975 0.004312 0.002123 hargrave 2019-11-23 14:22:54 
TT 645 005.2  44.2 005.2  44.2 3.78E-07 005.0 253.7  54.0 0.002897 0.001528 0.000814 hargrave 2019-11-23 14:57:17 
TT 660 213.5  72.5 213.5  72.5 6.43E-07 005.0 172.1  29.7 0.003267 0.004714 0.002234 hargrave 2019-11-24 10:58:07 
TT 675 100.8 -32.9 100.8 -32.9 5.33E-07 002.5 035.5  01.7 0.002120 0.001476 0.000623 hargrave 2019-12-01 17:42:59 
TT 685 233.1  18.9 233.1  18.9 4.26E-07 010.2 175.9 -25.0 0.000800 0.007690 0.000400 hargrave 2019-12-02 18:04:01 
TT 685 240.8  18.7 240.8  18.7 4.27E-07 007.9 183.9 -25.2 0.000977 0.005906 0.000378 hargrave 2019-12-03 08:52:41 
