AX6- 3b sun compass orientation
      0 168.4  64.0   0.0   0.0   1.0
NRM    289.5  24.0 289.5  24.0 4.21E-04 000.4 213.6 -31.6 0.184160 0.155828 0.228426 hargrave 2019-09-13 18:06:13 
TT 100 283.9  26.3 283.9  26.3 4.20E-04 000.5 207.1 -32.2 0.266988 0.264924 0.198955 hargrave 2019-09-20 13:31:00 
TT 150 286.3  25.2 286.3  25.2 4.19E-04 001.6 210.0 -32.2 0.723646 0.954139 0.198188 hargrave 2019-09-21 10:18:48 
TT 200 285.1  25.6 285.1  25.6 4.15E-04 001.1 208.7 -32.3 0.449753 0.625887 0.209397 hargrave 2019-09-21 16:02:36 
TT 250 287.7  24.1 287.7  24.1 4.06E-04 001.7 212.0 -32.4 0.733580 0.919644 0.370015 hargrave 2019-09-22 13:39:04 
TT 300 285.0  25.6 285.0  25.6 3.91E-04 000.6 208.5 -32.4 0.324798 0.305952 0.230411 hargrave 2019-09-23 08:06:48 
TT 350 288.3  23.0 288.3  23.0 3.74E-04 000.7 213.2 -33.1 0.401656 0.298694 0.150604 hargrave 2019-09-27 21:26:47 
TT 400 285.6  24.3 285.6  24.3 3.52E-04 001.4 209.9 -33.2 0.750428 0.554130 0.252108 hargrave 2019-09-28 15:39:59 
TT 450 284.3  25.7 284.3  25.7 3.28E-04 003.2 207.8 -32.6 0.673443 1.680123 0.254827 hargrave 2019-09-29 13:06:31 
TT 475 284.0  26.1 284.0  26.1 3.00E-04 003.6 207.4 -32.4 0.933578 1.627766 0.229684 hargrave 2019-09-29 18:47:23 
TT 500 285.7  25.5 285.7  25.5 2.75E-04 003.8 209.3 -32.1 0.628618 1.654864 0.382186 hargrave 2019-10-04 16:50:19 
TT 520 283.9  26.3 283.9  26.3 2.51E-04 004.0 207.1 -32.2 0.602805 1.612908 0.343223 hargrave 2019-10-05 19:13:49 
TT 540 286.7  25.3 286.7  25.3 2.17E-04 002.0 210.3 -31.9 0.223403 0.662487 0.267509 hargrave 2019-10-06 16:20:15 
TT 545 285.8  25.7 285.8  25.7 2.03E-04 001.2 209.3 -31.9 0.308849 0.267872 0.177539 hargrave 2019-10-14 12:39:33 
TT 550 284.9  26.4 284.9  26.4 1.90E-04 000.5 208.0 -31.7 0.094432 0.128388 0.083908 hargrave 2019-10-14 19:01:52 
TT 555 286.7  24.8 286.7  24.8 1.75E-04 000.6 210.6 -32.3 0.143461 0.076925 0.105513 hargrave 2019-10-19 17:34:39 
TT 560 284.3  25.9 284.3  25.9 1.64E-04 002.4 207.7 -32.3 0.344620 0.591025 0.118774 hargrave 2019-10-20 14:56:30 
TT 565 285.1  25.1 285.1  25.1 1.42E-04 002.8 208.9 -32.8 0.382998 0.547023 0.169772 hargrave 2019-10-21 09:39:48 
TT 568 284.7  25.1 284.7  25.1 1.28E-04 001.9 208.6 -32.9 0.279541 0.241535 0.191089 hargrave 2019-10-21 16:26:01 
TT 570 283.3  25.4 283.3  25.4 1.17E-04 001.1 207.1 -33.2 0.119727 0.182290 0.083195 hargrave 2019-10-25 12:48:53 
TT 572 282.3  26.1 282.3  26.1 9.46E-05 001.0 205.7 -33.0 0.095820 0.071147 0.139447 hargrave 2019-10-25 19:49:27 
TT 575 283.7  25.7 283.7  25.7 7.87E-05 000.6 207.3 -32.9 0.080122 0.054824 0.070784 hargrave 2019-11-01 12:32:12 
TT 577 288.3  24.3 288.3  24.3 6.62E-05 002.3 212.4 -32.0 0.174577 0.201852 0.076857 hargrave 2019-11-01 18:25:41 
TT 579 285.0  25.8 285.0  25.8 5.89E-05 003.6 208.5 -32.2 0.209821 0.303910 0.084213 hargrave 2019-11-02 16:33:40 
TT 581 286.9  24.5 286.9  24.5 4.98E-05 001.2 211.0 -32.5 0.065822 0.070395 0.071867 hargrave 2019-11-03 14:56:21 
TT 585 286.9  25.5 286.9  25.5 4.93E-05 003.1 210.3 -31.6 0.156717 0.216277 0.077703 hargrave 2019-11-04 09:21:53 
TT 600 284.8  24.0 284.8  24.0 3.51E-05 005.1 209.2 -33.8 0.191740 0.242156 0.063284 hargrave 2019-11-15 12:45:56 
TT 615 287.9  27.7 287.9  27.7 1.34E-05 006.9 210.0 -29.3 0.090202 0.132990 0.030778 hargrave 2019-11-15 19:08:47 
TT 630 284.9  35.4 284.9  35.4 7.70E-06 003.7 203.4 -23.7 0.024874 0.041479 0.017501 hargrave 2019-11-16 14:29:19 
TT 645 288.5  20.3 288.5  20.3 5.26E-06 003.9 215.2 -35.2 0.019713 0.030803 0.009330 hargrave 2019-11-23 14:27:22 
TT 660 284.4  25.8 284.4  25.8 5.75E-06 003.1 207.9 -32.5 0.021416 0.022399 0.010043 hargrave 2019-11-24 11:02:38 
TT 675 328.0 -01.0 328.0 -01.0 1.89E-06 006.3 261.7 -18.7 0.019247 0.012364 0.001904 hargrave 2019-12-01 17:47:27 
TT 685 277.2  58.6 277.2  58.6 1.21E-06 006.3 189.7 -04.0 0.003171 0.012557 0.004766 hargrave 2019-12-02 18:07:05 
