AX6- 2b sun compass orientation
      0 165.3  47.0   0.0   0.0   1.0
NRM    288.1  31.6 288.1  31.6 2.87E-04 001.5 207.9 -09.6 0.390584 0.410770 0.474585 hargrave 2019-09-13 18:04:36 
TT 100 283.6  32.3 283.6  32.3 2.87E-04 001.9 204.0 -10.3 0.498378 0.612176 0.604177 hargrave 2019-09-20 13:26:43 
TT 150 283.6  32.2 283.6  32.2 2.84E-04 001.1 204.0 -10.5 0.129722 0.219491 0.556580 hargrave 2019-09-21 10:17:32 
TT 200 287.3  30.7 287.3  30.7 2.79E-04 001.3 207.6 -10.6 0.278150 0.227178 0.572740 hargrave 2019-09-21 16:01:21 
TT 250 286.5  30.9 286.5  30.9 2.72E-04 002.4 206.9 -10.7 0.480883 0.728944 0.727365 hargrave 2019-09-22 13:37:46 
TT 300 286.5  30.9 286.5  30.9 2.63E-04 005.0 206.9 -10.7 1.000249 1.981316 0.665209 hargrave 2019-09-23 08:05:30 
TT 350 280.6  32.1 280.6  32.1 2.54E-04 004.0 201.7 -11.4 0.626783 1.581527 0.503902 hargrave 2019-09-27 21:25:31 
TT 400 284.9  30.8 284.9  30.8 2.40E-04 002.2 205.6 -11.4 0.249974 0.694146 0.607878 hargrave 2019-09-28 15:38:39 
TT 450 284.7  31.3 284.7  31.3 2.24E-04 005.0 205.3 -10.9 0.882917 1.613744 0.642057 hargrave 2019-09-29 13:05:14 
TT 475 282.5  31.8 282.5  31.8 2.07E-04 002.6 203.3 -11.1 0.390174 0.659389 0.524945 hargrave 2019-09-29 18:46:07 
TT 500 285.0  31.5 285.0  31.5 1.91E-04 005.2 205.5 -10.7 0.782698 1.551397 0.141714 hargrave 2019-10-04 16:48:41 
TT 520 283.0  32.5 283.0  32.5 1.77E-04 002.6 203.5 -10.3 0.343459 0.726542 0.117690 hargrave 2019-10-05 19:12:14 
TT 540 283.6  31.9 283.6  31.9 1.56E-04 002.5 204.2 -10.7 0.292314 0.605341 0.109109 hargrave 2019-10-06 16:18:41 
TT 545 283.0  32.5 283.0  32.5 1.45E-04 004.4 203.5 -10.3 0.465865 1.016366 0.134291 hargrave 2019-10-14 12:37:58 
TT 550 284.0  32.0 284.0  32.0 1.36E-04 003.8 204.5 -10.6 0.393252 0.783570 0.217983 hargrave 2019-10-14 19:00:18 
TT 555 283.6  32.6 283.6  32.6 1.26E-04 004.6 203.9 -10.1 0.429717 0.909681 0.160929 hargrave 2019-10-19 17:33:04 
TT 560 284.5  32.1 284.5  32.1 1.16E-04 004.5 204.8 -10.3 0.388677 0.796011 0.282508 hargrave 2019-10-20 14:54:56 
TT 565 281.7  32.3 281.7  32.3 9.88E-05 008.8 202.5 -10.9 0.641456 1.355325 0.329947 hargrave 2019-10-21 09:38:14 
TT 565 286.1  31.0 286.1  31.0 9.97E-05 003.9 206.6 -10.8 0.336725 0.478470 0.337994 hargrave 2019-10-21 10:25:46 
TT 568 282.4  32.2 282.4  32.2 8.87E-05 004.2 203.2 -10.8 0.272035 0.499501 0.327060 hargrave 2019-10-21 16:24:27 
TT 570 282.5  31.7 282.5  31.7 8.06E-05 002.8 203.4 -11.2 0.174405 0.336535 0.139008 hargrave 2019-10-25 12:47:18 
TT 572 281.4  32.3 281.4  32.3 6.56E-05 003.2 202.3 -11.0 0.119492 0.343227 0.059142 hargrave 2019-10-25 19:47:53 
TT 575 282.5  32.7 282.5  32.7 5.38E-05 003.9 203.0 -10.3 0.158588 0.297070 0.158320 hargrave 2019-11-01 12:30:38 
TT 577 283.5  32.9 283.5  32.9 4.76E-05 005.5 203.8 -09.9 0.202981 0.378194 0.174117 hargrave 2019-11-01 18:24:08 
TT 579 287.7  31.5 287.7  31.5 4.13E-05 005.9 207.6 -09.8 0.188738 0.341862 0.167510 hargrave 2019-11-02 16:32:06 
TT 581 285.5  30.3 285.5  30.3 3.58E-05 009.1 206.3 -11.7 0.243623 0.503551 0.143577 hargrave 2019-11-03 14:55:05 
TT 581 285.9  30.3 285.9  30.3 3.64E-05 005.9 206.6 -11.5 0.196578 0.298591 0.138900 hargrave 2019-11-03 15:32:38 
TT 585 286.3  32.0 286.3  32.0 3.65E-05 007.1 206.3 -09.8 0.208499 0.391938 0.139196 hargrave 2019-11-04 09:20:36 
TT 600 284.9  30.8 284.9  30.8 2.61E-05 005.6 205.6 -11.4 0.120023 0.200697 0.103477 hargrave 2019-11-15 12:44:22 
TT 615 290.0  29.2 290.0  29.2 1.20E-05 003.3 210.4 -11.1 0.026433 0.040937 0.055926 hargrave 2019-11-15 19:07:14 
TT 630 280.8  38.6 280.8  38.6 3.95E-06 007.3 199.8 -05.2 0.014045 0.045093 0.020409 hargrave 2019-11-16 14:27:45 
TT 645 284.9  21.9 284.9  21.9 4.22E-06 007.4 209.1 -19.6 0.022712 0.049674 0.013465 hargrave 2019-11-23 14:25:47 
TT 660 267.7  38.3 267.7  38.3 3.25E-06 009.1 189.8 -07.9 0.009833 0.048359 0.020112 hargrave 2019-11-24 11:01:00 
TT 660 268.3  37.2 268.3  37.2 3.21E-06 006.6 190.4 -09.0 0.006816 0.034382 0.014907 hargrave 2019-11-24 15:33:16 
TT 675 247.6 -07.9 247.6 -07.9 1.28E-06 011.4 167.0 -54.2 0.004037 0.025347 0.002984 hargrave 2019-12-01 17:45:53 
TT 685 047.9  60.6 047.9  60.6 6.18E-07 011.1 213.6  65.9 0.002640 0.011502 0.003360 hargrave 2019-12-02 18:05:35 
TT 685 038.7  42.2 038.7  42.2 6.99E-07 006.4 258.9  63.3 0.003000 0.006412 0.003930 hargrave 2019-12-03 08:54:16 
