AX7- 1b sun compass orientation
      0 143.6  55.0   0.0   0.0   1.0
NRM    282.5  35.9 282.5  35.9 1.79E-03 002.1 217.8 -05.7 4.281062 3.877765 3.318918 hargrave 2019-09-13 18:10:00 
TT 100 285.4  33.6 285.4  33.6 1.73E-03 005.6 221.2 -06.1 11.24704 11.81697 4.144793 hargrave 2019-09-20 13:38:01 
TT 150 284.8  32.8 284.8  32.8 1.68E-03 001.6 221.3 -06.9 1.782686 1.537223 4.135415 hargrave 2019-09-21 10:21:51 
TT 200 280.5  35.3 280.5  35.3 1.64E-03 003.9 217.0 -07.2 6.673168 8.201230 3.958984 hargrave 2019-09-21 16:05:42 
TT 250 281.9  34.4 281.9  34.4 1.58E-03 001.9 218.4 -07.2 1.613373 2.520373 4.328793 hargrave 2019-09-22 13:42:11 
TT 300 283.9  32.8 283.9  32.8 1.50E-03 001.7 220.7 -07.4 1.521297 1.520239 3.869837 hargrave 2019-09-23 08:10:40 
TT 350 285.1  31.1 285.1  31.1 1.40E-03 001.1 222.5 -08.1 0.430842 0.888136 2.709030 hargrave 2019-09-27 21:29:09 
TT 400 286.7  30.1 286.7  30.1 1.29E-03 001.6 224.3 -07.9 0.741840 0.642516 3.397610 hargrave 2019-09-28 15:43:44 
TT 450 283.3  32.9 283.3  32.9 1.17E-03 001.7 220.3 -07.7 1.231856 0.843916 3.202930 hargrave 2019-09-29 13:10:12 
TT 475 283.0  33.2 283.0  33.2 1.05E-03 003.1 219.9 -07.6 3.478580 3.606234 2.732956 hargrave 2019-09-29 18:49:46 
TT 500 286.6  31.8 286.6  31.8 9.57E-04 001.2 223.1 -06.7 1.260487 1.292492 0.944235 hargrave 2019-10-04 16:53:08 
TT 520 287.3  31.3 287.3  31.3 8.63E-04 000.7 223.9 -06.7 0.389289 0.306001 0.936323 hargrave 2019-10-05 19:16:36 
TT 540 285.7  32.6 285.7  32.6 7.20E-04 001.8 222.0 -06.6 1.464326 1.529708 0.830003 hargrave 2019-10-06 16:23:04 
TT 545 282.9  34.8 282.9  34.8 6.33E-04 001.8 218.8 -06.4 1.221564 1.370138 0.835009 hargrave 2019-10-14 12:43:09 
TT 550 285.0  33.7 285.0  33.7 5.56E-04 002.4 220.8 -06.2 1.383259 1.507373 1.144015 hargrave 2019-10-14 19:05:27 
TT 555 286.1  32.7 286.1  32.7 4.82E-04 001.9 222.2 -06.3 0.855420 1.031757 0.921241 hargrave 2019-10-19 17:38:16 
TT 560 284.8  33.8 284.8  33.8 4.14E-04 003.3 220.6 -06.2 1.476833 1.646218 0.992986 hargrave 2019-10-20 15:00:07 
TT 565 283.0  34.6 283.0  34.6 2.78E-04 002.7 219.0 -06.5 0.652262 0.717875 0.892559 hargrave 2019-10-21 09:43:25 
TT 568 285.6  32.4 285.6  32.4 2.14E-04 002.4 222.1 -06.8 0.381029 0.244068 0.776091 hargrave 2019-10-21 16:29:37 
TT 570 282.0  31.8 282.0  31.8 1.67E-04 002.1 220.1 -09.2 0.342959 0.363658 0.358192 hargrave 2019-10-25 12:52:33 
TT 572 283.9  31.1 283.9  31.1 1.16E-04 004.2 221.8 -08.7 0.553724 0.623606 0.158409 hargrave 2019-10-25 19:51:11 
TT 575 279.4  32.5 279.4  32.5 1.00E-04 003.5 217.8 -10.0 0.352877 0.391102 0.337829 hargrave 2019-11-01 12:33:58 
TT 577 280.4  35.1 280.4  35.1 8.33E-05 002.4 217.0 -07.4 0.107432 0.081683 0.340048 hargrave 2019-11-01 18:27:15 
TT 579 276.0  35.1 276.0  35.1 7.61E-05 002.6 214.0 -09.5 0.072995 0.066684 0.339101 hargrave 2019-11-02 16:35:14 
TT 581 286.4  27.9 286.4  27.9 6.54E-05 004.1 225.5 -09.7 0.270772 0.290077 0.262449 hargrave 2019-11-03 14:57:38 
TT 585 283.7  30.2 283.7  30.2 6.59E-05 003.2 222.3 -09.6 0.160108 0.132791 0.324556 hargrave 2019-11-04 09:23:10 
TT 600 279.0  34.4 279.0  34.4 5.27E-05 004.8 216.4 -08.6 0.247006 0.280854 0.240712 hargrave 2019-11-15 12:47:31 
TT 615 295.2  33.9 295.2  33.9 3.73E-05 003.3 226.9 -00.2 0.094089 0.114113 0.160844 hargrave 2019-11-15 19:10:20 
TT 630 283.6  34.2 283.6  34.2 2.59E-05 002.8 219.6 -06.5 0.057743 0.049105 0.115020 hargrave 2019-11-16 14:30:53 
TT 645 299.0  37.8 299.0  37.8 2.20E-05 004.1 226.1  04.7 0.097975 0.119061 0.056106 hargrave 2019-11-23 14:28:58 
TT 660 306.8  42.4 306.8  42.4 9.20E-06 008.1 226.3  12.2 0.090534 0.084207 0.046948 hargrave 2019-11-24 11:04:13 
TT 660 310.2  40.9 310.2  40.9 9.25E-06 005.8 229.1  13.4 0.058873 0.063232 0.038721 hargrave 2019-11-24 15:34:54 
TT 675 300.7 -23.5 300.7 -23.5 2.38E-06 008.4 278.2 -31.4 0.039395 0.041836 0.026164 hargrave 2019-12-01 17:49:01 
TT 685 051.9  50.3 051.9  50.3 3.15E-06 004.7 184.2  74.7 0.011205 0.023472 0.017158 hargrave 2019-12-02 18:08:33 
