AX7- 2b sun compass orientation
      0 136.2  51.0   0.0   0.0   1.0
NRM    286.1  31.9 286.1  31.9 1.14E-03 003.3 227.2  00.1 4.920106 4.311079 1.207915 hargrave 2019-09-13 18:11:38 
TT 100 288.7  28.2 288.7  28.2 1.11E-03 002.1 231.5 -01.1 3.319222 2.351079 0.897721 hargrave 2019-09-20 13:39:19 
TT 150 286.4  28.4 286.4  28.4 1.08E-03 005.5 229.8 -02.3 7.806753 6.899004 0.984358 hargrave 2019-09-21 10:23:11 
TT 200 285.4  28.2 285.4  28.2 1.06E-03 002.5 229.3 -03.0 3.371874 3.055782 0.884846 hargrave 2019-09-21 16:06:59 
TT 250 285.1  28.0 285.1  28.0 1.02E-03 002.1 229.2 -03.4 2.720379 2.498631 0.881361 hargrave 2019-09-22 13:43:31 
TT 300 287.1  25.9 287.1  25.9 9.78E-04 002.3 231.9 -03.7 2.871809 2.500227 0.646644 hargrave 2019-09-23 08:12:00 
TT 350 284.3  26.9 284.3  26.9 9.20E-04 003.8 229.4 -04.7 4.350009 4.173068 1.104502 hargrave 2019-09-27 21:30:30 
TT 400 284.0  27.6 284.0  27.6 8.53E-04 004.8 228.8 -04.3 5.295739 4.755064 0.574594 hargrave 2019-09-28 15:45:04 
TT 450 286.0  26.0 286.0  26.0 7.82E-04 000.6 231.2 -04.3 0.464164 0.376606 0.491324 hargrave 2019-09-29 13:11:33 
TT 475 284.2  27.4 284.2  27.4 7.04E-04 005.0 229.0 -04.3 4.580237 4.058142 0.442264 hargrave 2019-09-29 18:51:06 
TT 500 288.3  24.9 288.3  24.9 6.42E-04 003.8 233.5 -03.8 3.183542 2.444304 1.334680 hargrave 2019-10-04 16:54:44 
TT 520 288.6  25.0 288.6  25.0 5.73E-04 002.2 233.6 -03.5 1.554321 1.058955 1.111383 hargrave 2019-10-05 19:18:13 
TT 540 285.8  26.8 285.8  26.8 4.70E-04 002.1 230.5 -03.9 1.031495 0.976967 0.943289 hargrave 2019-10-06 16:24:40 
TT 545 285.5  27.6 285.5  27.6 4.11E-04 001.1 229.8 -03.4 0.170563 0.158504 0.748906 hargrave 2019-10-14 12:44:47 
TT 550 285.6  28.2 285.6  28.2 3.57E-04 002.8 229.5 -02.9 1.227552 1.163891 0.447501 hargrave 2019-10-14 19:07:04 
TT 555 285.0  29.0 285.0  29.0 3.13E-04 000.9 228.5 -02.7 0.162464 0.068465 0.447437 hargrave 2019-10-19 17:39:53 
TT 560 284.1  29.9 284.1  29.9 2.70E-04 004.5 227.3 -02.5 1.496559 1.487252 0.219070 hargrave 2019-10-20 15:01:44 
TT 565 287.1  28.9 287.1  28.9 1.79E-04 004.2 229.9 -01.6 0.973536 0.906994 0.107246 hargrave 2019-10-21 09:45:02 
TT 568 286.8  30.1 286.8  30.1 1.37E-04 002.2 228.9 -00.9 0.389622 0.366560 0.084440 hargrave 2019-10-21 16:31:14 
TT 570 288.6  26.6 288.6  26.6 1.06E-04 002.4 232.5 -02.3 0.330842 0.288095 0.113703 hargrave 2019-10-25 12:54:11 
TT 572 290.4  27.7 290.4  27.7 6.59E-05 003.4 232.8 -00.4 0.290827 0.249556 0.123859 hargrave 2019-10-25 19:52:47 
TT 575 289.3  26.5 289.3  26.5 5.18E-05 000.8 233.0 -01.9 0.062219 0.092653 0.030205 hargrave 2019-11-01 12:35:34 
TT 577 285.4  25.1 285.4  25.1 4.58E-05 003.4 231.4 -05.4 0.207542 0.180852 0.043960 hargrave 2019-11-01 18:28:56 
TT 579 286.4  27.1 286.4  27.1 4.00E-05 008.3 230.6 -03.3 0.449826 0.380454 0.054745 hargrave 2019-11-02 16:36:51 
TT 579 285.0  27.9 285.0  27.9 4.03E-05 006.3 229.2 -03.5 0.346499 0.280889 0.040794 hargrave 2019-11-02 17:06:48 
TT 581 284.4  28.1 284.4  28.1 3.31E-05 004.4 228.7 -03.7 0.175845 0.185885 0.060386 hargrave 2019-11-03 14:58:56 
TT 585 288.1  28.1 288.1  28.1 2.92E-05 004.3 231.1 -01.5 0.170405 0.137675 0.053684 hargrave 2019-11-04 09:24:30 
TT 600 281.3  32.9 281.3  32.9 2.43E-05 006.3 223.5 -01.8 0.177644 0.204541 0.036153 hargrave 2019-11-15 12:49:08 
TT 615 295.7  29.1 295.7  29.1 1.85E-05 007.4 235.1  03.9 0.188043 0.160364 0.020630 hargrave 2019-11-15 19:11:58 
TT 630 272.1  36.8 272.1  36.8 9.12E-06 006.4 215.2 -03.3 0.063830 0.070238 0.043065 hargrave 2019-11-16 14:32:33 
TT 645 312.5  29.3 312.5  29.3 1.02E-05 003.8 244.5  15.3 0.055380 0.045230 0.006365 hargrave 2019-11-23 14:30:36 
TT 660 267.7  35.7 267.7  35.7 1.06E-05 007.3 212.7 -06.0 0.080836 0.108352 0.021534 hargrave 2019-11-24 11:05:51 
TT 675 300.8 -47.0 300.8 -47.0 2.57E-06 002.8 304.7 -37.0 0.020128 0.019657 0.014730 hargrave 2019-12-01 17:50:40 
TT 685 256.0  56.4 256.0  56.4 3.32E-06 009.3 196.2  08.7 0.019139 0.050638 0.011288 hargrave 2019-12-02 18:10:01 
TT 685 278.3  48.8 278.3  48.8 3.29E-06 010.2 211.8  09.1 0.031358 0.049704 0.010162 hargrave 2019-12-03 08:55:51 
