AX8- 3b sun compass orientation
      0  92.1  24.0   0.0   0.0   1.0
NRM    285.4  32.7 285.4  32.7 1.48E-04 002.4 267.0  34.9 0.361099 0.281603 0.417629 hargrave 2019-09-13 18:16:03 
TT 100 280.7  35.1 280.7  35.1 1.47E-04 005.7 261.4  35.1 1.393802 0.104269 0.405347 hargrave 2019-09-20 13:44:59 
TT 150 283.0  32.9 283.0  32.9 1.46E-04 004.8 264.7  34.1 1.125752 0.293652 0.399128 hargrave 2019-09-21 10:26:55 
TT 200 281.1  33.1 281.1  33.1 1.45E-04 002.3 262.9  33.6 0.233743 0.351094 0.404267 hargrave 2019-09-21 16:10:31 
TT 250 282.1  32.7 282.1  32.7 1.42E-04 002.5 264.1  33.5 0.345049 0.276527 0.447189 hargrave 2019-09-22 13:47:03 
TT 300 282.7  32.3 282.7  32.3 1.38E-04 003.1 264.8  33.5 0.558382 0.365802 0.348238 hargrave 2019-09-23 08:15:37 
TT 350 272.1  35.5 272.1  35.5 1.32E-04 001.7 253.8  32.1 0.099588 0.168176 0.341325 hargrave 2019-09-27 21:34:52 
TT 400 276.0  33.7 276.0  33.7 1.24E-04 004.8 258.1  32.0 0.983669 0.079478 0.355602 hargrave 2019-09-28 15:49:25 
TT 450 283.2  30.6 283.2  30.6 1.16E-04 002.7 266.2  32.2 0.295727 0.239115 0.395272 hargrave 2019-09-29 13:15:56 
TT 475 278.5  32.9 278.5  32.9 1.06E-04 002.7 260.8  32.3 0.374307 0.104370 0.328497 hargrave 2019-09-29 18:55:27 
TT 500 282.4  32.1 282.4  32.1 9.98E-05 002.0 264.7  33.1 0.054743 0.193634 0.278980 hargrave 2019-10-04 16:59:58 
TT 520 280.0  32.8 280.0  32.8 9.22E-05 002.1 262.2  32.8 0.178314 0.153441 0.248816 hargrave 2019-10-05 19:23:29 
TT 540 280.8  33.7 280.8  33.7 7.99E-05 001.9 262.4  33.9 0.081546 0.134836 0.217406 hargrave 2019-10-06 16:29:54 
TT 545 281.0  32.3 281.0  32.3 7.36E-05 001.9 263.3  32.7 0.058024 0.136760 0.206832 hargrave 2019-10-14 12:50:04 
TT 550 280.9  33.1 280.9  33.1 6.75E-05 002.1 262.8  33.4 0.063568 0.157752 0.196237 hargrave 2019-10-14 19:12:20 
TT 555 282.5  31.8 282.5  31.8 6.60E-05 002.1 264.9  32.9 0.062283 0.165501 0.178269 hargrave 2019-10-19 17:45:09 
TT 560 278.1  34.1 278.1  34.1 6.20E-05 004.3 259.8  33.2 0.381714 0.206834 0.188245 hargrave 2019-10-20 15:07:00 
TT 565 283.9  30.6 283.9  30.6 4.68E-05 002.6 266.9  32.4 0.055650 0.141139 0.159699 hargrave 2019-10-21 09:50:18 
TT 568 283.6  31.1 283.6  31.1 4.00E-05 002.4 266.3  32.8 0.045935 0.111755 0.125539 hargrave 2019-10-21 16:37:18 
TT 570 279.2  32.5 279.2  32.5 3.16E-05 002.4 261.6  32.2 0.033066 0.090612 0.101144 hargrave 2019-10-25 12:59:32 
TT 572 284.4  30.0 284.4  30.0 2.14E-05 003.6 267.7  32.1 0.107396 0.081334 0.053405 hargrave 2019-10-25 19:58:02 
TT 575 292.2  29.6 292.2  29.6 1.53E-05 002.1 275.0  34.9 0.020917 0.035969 0.038717 hargrave 2019-11-01 12:40:50 
TT 577 287.6  33.9 287.6  33.9 1.18E-05 002.3 268.2  36.8 0.023258 0.029359 0.032609 hargrave 2019-11-01 18:34:11 
TT 579 287.4  33.1 287.4  33.1 1.14E-05 003.3 268.5  36.1 0.054027 0.023928 0.029144 hargrave 2019-11-02 16:41:59 
TT 581 294.6  30.9 294.6  30.9 1.01E-05 002.2 276.5  37.1 0.016216 0.022079 0.029326 hargrave 2019-11-03 15:03:13 
TT 585 286.6  29.2 286.6  29.2 1.04E-05 010.9 270.1  32.3 0.197369 0.019849 0.025309 hargrave 2019-11-04 09:28:43 
TT 585 286.2  29.3 286.2  29.3 1.06E-05 002.7 269.7  32.2 0.034244 0.021455 0.031039 hargrave 2019-11-04 09:46:45 
TT 600 286.1  31.0 286.1  31.0 6.82E-06 002.0 268.6  33.7 0.008799 0.015607 0.016400 hargrave 2019-11-15 12:54:18 
TT 615 252.0  30.1 252.0  30.1 3.86E-06 003.3 239.7  19.8 0.018355 0.006367 0.012050 hargrave 2019-11-15 19:17:04 
TT 630 346.8 -09.6 346.8 -09.6 4.31E-07 005.6 344.4  13.5 0.001043 0.001109 0.004022 hargrave 2019-11-16 14:37:42 
TT 645 141.3  82.8 141.3  82.8 3.08E-07 004.3 170.5  60.2 0.001704 0.002113 0.001907 hargrave 2019-11-23 14:35:47 
TT 660 289.2  20.3 289.2  20.3 6.55E-07 004.7 277.0  25.4 0.004519 0.002257 0.002369 hargrave 2019-11-24 11:11:02 
TT 675 049.6  53.3 049.6  53.3 5.65E-07 004.5 084.5  63.7 0.002551 0.003481 0.001387 hargrave 2019-12-01 17:55:53 
TT 685 304.8  16.1 304.8  16.1 6.36E-07 006.4 294.1  27.7 0.006864 0.000733 0.002374 hargrave 2019-12-02 18:14:32 
