AX8- 2b sun compass orientation
      0  90.1  17.0   0.0   0.0   1.0
NRM    288.1  32.5 288.1  32.5 1.42E-04 001.7 276.6  36.1 0.109155 0.244475 0.327932 hargrave 2019-09-13 18:14:39 
TT 100 286.4  32.6 286.4  32.6 1.42E-04 002.0 274.9  35.8 0.281783 0.259779 0.323048 hargrave 2019-09-20 13:41:44 
TT 150 284.9  32.5 284.9  32.5 1.41E-04 002.1 273.4  35.2 0.338150 0.247007 0.309172 hargrave 2019-09-21 10:25:43 
TT 200 284.6  32.2 284.6  32.2 1.39E-04 001.7 273.3  34.8 0.109404 0.245576 0.321182 hargrave 2019-09-21 16:09:24 
TT 250 287.3  31.3 287.3  31.3 1.38E-04 002.6 276.3  34.8 0.440488 0.292544 0.326180 hargrave 2019-09-22 13:45:56 
TT 300 287.1  31.4 287.1  31.4 1.35E-04 001.7 276.0  34.9 0.137490 0.251136 0.307485 hargrave 2019-09-23 08:14:27 
TT 350 293.5  28.3 293.5  28.3 1.29E-04 006.3 283.6  33.8 1.318406 0.474528 0.253481 hargrave 2019-09-27 21:33:21 
TT 400 283.9  31.5 283.9  31.5 1.24E-04 001.6 272.9  34.0 0.241131 0.165485 0.202862 hargrave 2019-09-28 15:47:55 
TT 450 280.4  32.2 280.4  32.2 1.19E-04 002.4 269.2  33.6 0.399510 0.151430 0.263637 hargrave 2019-09-29 13:14:25 
TT 475 279.7  31.9 279.7  31.9 1.13E-04 002.0 268.7  33.1 0.311900 0.143764 0.217238 hargrave 2019-09-29 18:53:57 
TT 500 267.9  38.7 267.9  38.7 1.05E-04 015.1 254.8  36.1 2.759017 0.655210 0.222562 hargrave 2019-10-04 16:58:10 
TT 500 282.4  32.7 282.4  32.7 1.09E-04 004.2 271.0  34.7 0.748103 0.140709 0.229057 hargrave 2019-10-04 17:19:52 
TT 520 278.0  34.6 278.0  34.6 1.06E-04 002.9 265.9  35.2 0.471079 0.126483 0.232563 hargrave 2019-10-05 19:21:41 
TT 540 278.3  34.9 278.3  34.9 9.82E-05 004.4 266.1  35.5 0.717315 0.113674 0.221218 hargrave 2019-10-06 16:28:06 
TT 545 284.7  32.3 284.7  32.3 9.43E-05 002.3 273.3  35.0 0.285028 0.146524 0.215718 hargrave 2019-10-14 12:48:15 
TT 550 283.4  33.1 283.4  33.1 9.06E-05 002.5 271.7  35.4 0.291796 0.179442 0.194847 hargrave 2019-10-14 19:10:31 
TT 555 273.7  38.2 273.7  38.2 8.71E-05 014.1 260.3  37.3 2.159458 0.273646 0.180569 hargrave 2019-10-19 17:43:19 
TT 555 280.8  35.1 280.8  35.1 8.96E-05 002.8 268.4  36.4 0.357361 0.166418 0.194094 hargrave 2019-10-19 18:15:01 
TT 560 281.5  34.9 281.5  34.9 8.42E-05 002.0 269.1  36.4 0.139810 0.180819 0.184818 hargrave 2019-10-20 15:05:12 
TT 565 281.4  34.7 281.4  34.7 6.69E-05 002.1 269.2  36.2 0.063819 0.161391 0.173909 hargrave 2019-10-21 09:48:30 
TT 568 280.3  34.2 280.3  34.2 5.51E-05 002.1 268.3  35.4 0.060908 0.130455 0.142132 hargrave 2019-10-21 16:35:28 
TT 570 284.1  31.6 284.1  31.6 4.50E-05 004.2 273.1  34.1 0.300738 0.081111 0.116292 hargrave 2019-10-25 12:57:43 
TT 572 281.6  32.9 281.6  32.9 2.78E-05 002.6 270.1  34.7 0.097622 0.083763 0.044149 hargrave 2019-10-25 19:56:14 
TT 575 286.8  33.2 286.8  33.2 1.82E-05 006.6 274.9  36.5 0.200639 0.049783 0.036793 hargrave 2019-11-01 12:39:01 
TT 577 286.8  33.6 286.8  33.6 1.30E-05 004.6 274.8  36.8 0.095472 0.036681 0.026438 hargrave 2019-11-01 18:32:27 
TT 579 287.1  30.7 287.1  30.7 1.21E-05 004.8 276.3  34.2 0.094601 0.031328 0.025705 hargrave 2019-11-02 16:40:16 
TT 581 290.2  28.0 290.2  28.0 8.90E-06 012.6 280.4  32.5 0.193362 0.048317 0.019777 hargrave 2019-11-03 15:01:48 
TT 581 284.6  29.2 284.6  29.2 9.05E-06 004.0 274.5  32.1 0.048973 0.057289 0.020689 hargrave 2019-11-03 15:34:10 
TT 585 268.7  38.0 268.7  38.0 8.78E-06 007.6 255.8  35.7 0.108520 0.039405 0.021815 hargrave 2019-11-04 09:27:18 
TT 600 270.2  34.4 270.2  34.4 6.87E-06 012.2 258.8  32.7 0.146310 0.021625 0.018403 hargrave 2019-11-15 12:52:34 
TT 600 283.2  29.7 283.2  29.7 6.97E-06 003.6 272.9  32.1 0.039330 0.011405 0.016754 hargrave 2019-11-15 13:33:27 
TT 615 302.5  28.1 302.5  28.1 3.50E-06 008.6 292.9  36.0 0.046816 0.024783 0.004899 hargrave 2019-11-15 19:15:20 
TT 615 289.6  31.8 289.6  31.8 3.51E-06 004.7 278.3  35.9 0.028325 0.003653 0.006557 hargrave 2019-11-15 21:56:55 
TT 630 262.8  49.9 262.8  49.9 3.83E-07 003.1 244.7  45.0 0.000938 0.001767 0.001144 hargrave 2019-11-16 14:35:58 
TT 645 302.0 -25.1 302.0 -25.1 2.65E-07 003.7 307.1 -15.4 0.001080 0.001339 0.000837 hargrave 2019-11-23 14:34:03 
TT 660 293.2 -14.5 293.2 -14.5 3.91E-07 007.6 296.1 -07.4 0.002954 0.004964 0.001814 hargrave 2019-11-24 11:09:18 
TT 675 072.5  67.1 072.5  67.1 2.11E-07 003.1 112.9  66.2 0.000783 0.000928 0.000152 hargrave 2019-12-01 17:54:05 
TT 685 053.8  59.8 053.8  59.8 1.74E-07 008.8 085.5  65.9 0.001461 0.002511 0.000648 hargrave 2019-12-02 18:13:04 
TT 685 060.7  57.4 060.7  57.4 1.86E-07 006.3 089.2  62.0 0.000963 0.001822 0.000570 hargrave 2019-12-03 08:57:22 
