AX8- 1b sun compass orientation
      0 101.9  19.0   0.0   0.0   1.0
NRM    288.9  25.6 288.9  25.6 1.31E-04 001.8 267.7  26.4 0.361184 0.100552 0.198616 hargrave 2019-09-13 18:13:12 
TT 100 290.3  27.5 290.3  27.5 1.30E-04 003.7 268.2  28.6 0.776364 0.171096 0.310639 hargrave 2019-09-20 13:40:33 
TT 150 287.5  27.4 287.5  27.4 1.30E-04 001.2 265.6  27.6 0.114065 0.123608 0.229964 hargrave 2019-09-21 10:24:30 
TT 200 286.4  26.2 286.4  26.2 1.28E-04 000.8 265.0  26.1 0.143052 0.098996 0.090157 hargrave 2019-09-21 16:08:14 
TT 250 288.5  27.1 288.5  27.1 1.26E-04 003.0 266.6  27.7 0.554165 0.163063 0.337016 hargrave 2019-09-22 13:44:45 
TT 300 289.1  27.0 289.1  27.0 1.21E-04 002.7 267.2  27.7 0.441579 0.177394 0.334492 hargrave 2019-09-23 08:13:17 
TT 350 285.4  25.3 285.4  25.3 1.16E-04 001.7 264.5  25.0 0.337602 0.078063 0.054732 hargrave 2019-09-27 21:31:54 
TT 400 285.9  24.3 285.9  24.3 1.12E-04 001.7 265.4  24.2 0.272879 0.076157 0.156409 hargrave 2019-09-28 15:46:28 
TT 450 288.2  23.5 288.2  23.5 1.06E-04 001.4 267.8  24.3 0.187205 0.084310 0.168943 hargrave 2019-09-29 13:12:58 
TT 475 289.4  23.8 289.4  23.8 1.00E-04 003.2 268.8  24.8 0.535406 0.173271 0.109991 hargrave 2019-09-29 18:52:30 
TT 500 286.8  25.7 286.8  25.7 9.65E-05 001.0 265.6  25.8 0.135588 0.069278 0.065429 hargrave 2019-10-04 16:56:25 
TT 520 286.9  25.9 286.9  25.9 9.31E-05 001.7 265.7  26.0 0.249213 0.070135 0.094834 hargrave 2019-10-05 19:19:55 
TT 540 288.5  25.4 288.5  25.4 8.73E-05 001.7 267.4  26.1 0.238879 0.072298 0.097041 hargrave 2019-10-06 16:26:22 
TT 545 287.1  25.8 287.1  25.8 8.50E-05 003.3 265.9  26.0 0.446875 0.139944 0.165461 hargrave 2019-10-14 12:46:30 
TT 550 291.9  25.4 291.9  25.4 8.18E-05 000.8 270.6  27.2 0.082248 0.090995 0.056242 hargrave 2019-10-14 19:08:46 
TT 555 288.1  26.0 288.1  26.0 7.81E-05 002.0 266.7  26.5 0.245931 0.108367 0.077030 hargrave 2019-10-19 17:41:34 
TT 560 289.9  25.0 289.9  25.0 7.43E-05 002.9 268.9  26.2 0.340596 0.126913 0.139880 hargrave 2019-10-20 15:03:27 
TT 565 294.2  24.2 294.2  24.2 5.81E-05 006.0 273.2  26.8 0.595269 0.112589 0.071384 hargrave 2019-10-21 09:46:45 
TT 568 287.2  26.0 287.2  26.0 4.81E-05 001.0 265.9  26.2 0.041778 0.083758 0.047172 hargrave 2019-10-21 16:32:56 
TT 570 286.1  25.3 286.1  25.3 3.82E-05 002.2 265.1  25.2 0.132464 0.065372 0.036891 hargrave 2019-10-25 12:55:57 
TT 572 285.9  26.6 285.9  26.6 2.41E-05 005.1 264.4  26.3 0.208999 0.085920 0.020179 hargrave 2019-10-25 19:54:28 
TT 575 285.8  24.0 285.8  24.0 1.82E-05 001.9 265.4  23.9 0.040831 0.063341 0.032093 hargrave 2019-11-01 12:37:16 
TT 577 309.1  19.7 309.1  19.7 1.31E-05 018.4 289.6  27.4 0.401820 0.177452 0.009854 hargrave 2019-11-01 18:30:40 
TT 577 290.0  26.0 290.0  26.0 1.37E-05 002.0 268.5  27.1 0.047452 0.016152 0.010946 hargrave 2019-11-02 10:38:25 
TT 579 286.6  25.5 286.6  25.5 1.26E-05 002.7 265.6  25.5 0.045627 0.059733 0.021567 hargrave 2019-11-02 16:38:32 
TT 581 281.6  31.1 281.6  31.1 1.00E-05 006.2 258.6  29.2 0.101250 0.059931 0.016833 hargrave 2019-11-03 15:00:18 
TT 585 283.7  27.6 283.7  27.6 1.01E-05 003.8 262.0  26.6 0.057997 0.058410 0.012881 hargrave 2019-11-04 09:25:52 
TT 600 287.4  29.4 287.4  29.4 8.41E-06 001.6 264.7  29.4 0.012452 0.012759 0.016848 hargrave 2019-11-15 12:50:50 
TT 615 299.3  24.4 299.3  24.4 4.47E-06 001.2 278.1  28.6 0.007936 0.005568 0.003560 hargrave 2019-11-15 19:13:37 
TT 630 294.8  09.8 294.8  09.8 7.45E-07 002.2 279.0  13.4 0.002557 0.001935 0.000943 hargrave 2019-11-16 14:34:14 
TT 645 277.9  14.8 277.9  14.8 5.41E-07 004.5 261.3  12.7 0.003677 0.002348 0.001419 hargrave 2019-11-23 14:32:18 
TT 660 265.4  16.7 265.4  16.7 1.01E-06 008.0 249.1  10.6 0.012291 0.006653 0.002768 hargrave 2019-11-24 11:07:33 
TT 675 280.2 -04.1 280.2 -04.1 4.41E-07 002.3 269.7 -04.5 0.001260 0.001031 0.001163 hargrave 2019-12-01 17:52:21 
TT 685 105.5  17.7 105.5  17.7 2.52E-07 007.4 099.3  15.5 0.003318 0.000857 0.000614 hargrave 2019-12-02 18:11:34 
