AX9- 1b mag compass orientation (IGRF corrected)
      0  65.7  29.0   0.0   0.0   1.0
NRM    295.3  32.1 295.3  32.1 1.73E-04 001.7 299.1  51.0 0.491622 0.144654 0.101204 hargrave 2019-09-13 18:17:28 
TT 100 297.1  29.4 297.1  29.4 1.71E-04 003.2 303.4  49.4 0.717739 0.617254 0.124958 hargrave 2019-09-20 13:47:04 
TT 150 294.6  28.6 294.6  28.6 1.67E-04 001.3 301.0  47.7 0.261093 0.268776 0.123562 hargrave 2019-09-21 10:28:08 
TT 200 293.3  28.3 293.3  28.3 1.64E-04 001.6 299.7  46.8 0.299117 0.340573 0.119468 hargrave 2019-09-21 16:11:39 
TT 250 294.4  27.4 294.4  27.4 1.59E-04 001.1 301.6  46.5 0.220945 0.197872 0.149064 hargrave 2019-09-22 13:48:14 
TT 300 294.2  27.2 294.2  27.2 1.50E-04 000.9 301.5  46.2 0.148622 0.169485 0.157115 hargrave 2019-09-23 08:16:48 
TT 350 290.8  27.6 290.8  27.6 1.37E-04 006.0 297.4  45.2 1.279035 0.667545 0.072945 hargrave 2019-09-27 21:36:24 
TT 400 291.4  26.6 291.4  26.6 1.24E-04 000.9 298.8  44.6 0.078179 0.127723 0.145404 hargrave 2019-09-28 15:50:56 
TT 450 287.3  28.0 287.3  28.0 1.12E-04 001.1 293.4  44.0 0.174483 0.094063 0.096514 hargrave 2019-09-29 13:17:27 
TT 475 290.2  26.7 290.2  26.7 9.74E-05 000.8 297.4  44.2 0.068337 0.082342 0.096891 hargrave 2019-09-29 18:56:59 
TT 500 292.2  27.4 292.2  27.4 8.85E-05 002.5 299.1  45.6 0.344009 0.165776 0.047351 hargrave 2019-10-04 17:01:48 
TT 520 292.6  27.7 292.6  27.7 7.78E-05 001.4 299.4  46.1 0.167652 0.098679 0.047953 hargrave 2019-10-05 19:25:18 
TT 540 291.1  27.4 291.1  27.4 6.11E-05 002.3 297.9  45.1 0.217572 0.127619 0.040062 hargrave 2019-10-06 16:31:45 
TT 545 293.8  27.3 293.8  27.3 5.61E-05 001.0 300.9  46.2 0.080180 0.062447 0.031037 hargrave 2019-10-14 12:51:54 
TT 550 292.7  29.6 292.7  29.6 5.08E-05 002.5 298.1  47.8 0.186187 0.129034 0.031812 hargrave 2019-10-14 19:14:10 
TT 555 293.0  29.3 293.0  29.3 4.73E-05 002.0 298.6  47.6 0.128359 0.104431 0.028040 hargrave 2019-10-19 17:46:59 
TT 560 297.3  27.8 297.3  27.8 4.37E-05 002.2 304.6  48.1 0.148935 0.086543 0.036069 hargrave 2019-10-20 15:08:50 
TT 565 293.5  28.3 293.5  28.3 3.46E-05 002.5 299.9  46.9 0.099639 0.117629 0.028537 hargrave 2019-10-21 09:52:08 
TT 568 289.0  25.7 289.0  25.7 3.36E-05 001.2 296.8  42.7 0.019275 0.067899 0.029488 hargrave 2019-10-21 16:39:11 
TT 570 293.2  25.2 293.2  25.2 2.78E-05 001.6 301.6  44.1 0.039575 0.073137 0.020085 hargrave 2019-10-25 13:01:23 
TT 572 291.1  28.8 291.1  28.8 2.21E-05 003.7 296.8  46.4 0.125858 0.072715 0.018949 hargrave 2019-10-25 19:59:52 
TT 575 298.7  26.1 298.7  26.1 1.98E-05 006.4 307.5  47.1 0.164280 0.150132 0.022266 hargrave 2019-11-01 12:42:40 
TT 577 295.2  29.5 295.2  29.5 1.83E-05 002.0 301.1  48.8 0.036802 0.051485 0.021534 hargrave 2019-11-01 18:35:51 
TT 579 294.4  24.4 294.4  24.4 1.72E-05 002.8 303.5  43.9 0.053224 0.062126 0.025159 hargrave 2019-11-02 16:43:40 
TT 581 289.4  27.1 289.4  27.1 1.56E-05 002.7 296.2  44.1 0.052603 0.052138 0.015297 hargrave 2019-11-03 15:04:36 
TT 585 297.8  26.6 297.8  26.6 1.65E-05 002.3 306.1  47.2 0.037092 0.050341 0.024854 hargrave 2019-11-04 09:30:06 
TT 600 286.0  30.3 286.0  30.3 1.30E-05 005.9 290.4  45.4 0.120684 0.056957 0.011531 hargrave 2019-11-15 12:55:59 
TT 615 289.8  41.6 289.8  41.6 6.85E-06 002.7 283.9  56.5 0.029651 0.012281 0.002925 hargrave 2019-11-15 19:18:44 
TT 630 288.2  28.5 288.2  28.5 2.29E-06 010.6 294.0  44.9 0.039338 0.017501 0.001681 hargrave 2019-11-16 14:39:25 
TT 630 287.1  27.8 287.1  27.8 2.35E-06 005.4 293.3  43.8 0.019753 0.010774 0.001320 hargrave 2019-11-16 15:04:40 
TT 645 281.5  07.6 281.5  07.6 1.12E-06 008.3 298.9  23.4 0.013512 0.009828 0.000883 hargrave 2019-11-23 14:37:30 
TT 645 286.8  04.3 286.8  04.3 1.16E-06 002.3 305.6  22.5 0.004561 0.002461 0.001320 hargrave 2019-11-23 14:58:57 
TT 660 239.6  06.7 239.6  06.7 1.20E-06 005.9 261.4  02.9 0.012444 0.001917 0.002498 hargrave 2019-11-24 11:12:47 
TT 675 254.8  00.5 254.8  00.5 7.78E-07 006.1 277.8  04.8 0.008708 0.003844 0.000642 hargrave 2019-12-01 17:57:33 
TT 685 313.9 -25.8 313.9 -25.8 4.40E-07 004.5 340.5  01.5 0.002308 0.003026 0.000566 hargrave 2019-12-02 18:15:59 
