AX9- 2b sun compass orientation
      0 119.8  12.0   0.0   0.0   1.0
NRM    008.1  13.0 008.1  13.0 2.10E-04 001.4 336.8  24.1 0.279430 0.374639 0.222074 hargrave 2019-09-13 18:18:52 
TT 100 005.9  12.7 005.9  12.7 2.11E-04 002.0 334.4  23.6 0.196190 0.753618 0.100395 hargrave 2019-09-20 13:48:22 
TT 150 012.4  11.2 012.4  11.2 2.12E-04 001.2 341.4  22.7 0.146033 0.404404 0.117160 hargrave 2019-09-21 10:30:07 
TT 200 012.4  10.8 012.4  10.8 2.11E-04 001.4 341.5  22.2 0.175077 0.463038 0.096402 hargrave 2019-09-21 16:12:47 
TT 250 010.5  10.5 010.5  10.5 2.08E-04 000.5 339.5  21.8 0.127365 0.068637 0.149341 hargrave 2019-09-22 13:49:22 
TT 300 009.0  10.2 009.0  10.2 2.02E-04 001.7 337.9  21.4 0.247228 0.553855 0.122581 hargrave 2019-09-23 08:17:58 
TT 350 022.3  09.4 022.3  09.4 1.95E-04 004.0 352.1  21.2 0.303847 1.317628 0.099381 hargrave 2019-09-27 21:37:55 
TT 400 010.9  09.2 010.9  09.2 1.86E-04 002.1 340.1  20.6 0.305278 0.596978 0.097240 hargrave 2019-09-28 15:52:27 
TT 450 014.4  08.7 014.4  08.7 1.75E-04 002.9 343.8  20.3 0.202700 0.849721 0.127433 hargrave 2019-09-29 13:18:58 
TT 475 012.0  08.8 012.0  08.8 1.64E-04 002.5 341.2  20.2 0.168076 0.680511 0.107169 hargrave 2019-09-29 18:58:29 
TT 500 013.6  08.9 013.6  08.9 1.56E-04 002.5 342.9  20.4 0.307526 0.476483 0.365032 hargrave 2019-10-04 17:03:36 
TT 520 009.3  09.5 009.3  09.5 1.47E-04 002.3 338.3  20.7 0.118099 0.483564 0.343204 hargrave 2019-10-05 19:27:07 
TT 540 009.6  09.1 009.6  09.1 1.34E-04 001.3 338.7  20.3 0.116597 0.069295 0.273027 hargrave 2019-10-06 16:33:33 
TT 545 011.0  09.5 011.0  09.5 1.29E-04 001.2 340.1  20.9 0.101169 0.087631 0.242970 hargrave 2019-10-14 12:53:43 
TT 550 011.4  09.3 011.4  09.3 1.25E-04 003.0 340.6  20.6 0.262749 0.588146 0.156854 hargrave 2019-10-14 19:15:58 
TT 555 012.1  09.3 012.1  09.3 1.20E-04 004.9 341.3  20.7 0.388098 0.950784 0.150951 hargrave 2019-10-19 17:48:47 
TT 560 013.7  09.1 013.7  09.1 1.14E-04 005.0 343.0  20.6 0.297805 0.943984 0.075408 hargrave 2019-10-20 15:10:38 
TT 565 012.5  08.8 012.5  08.8 7.51E-05 001.2 341.7  20.2 0.066856 0.142207 0.059849 hargrave 2019-10-21 09:53:56 
TT 568 009.5  08.8 009.5  08.8 7.14E-05 007.7 338.6  20.0 0.343855 0.902331 0.066315 hargrave 2019-10-21 16:40:59 
TT 570 010.0  09.1 010.0  09.1 4.46E-05 003.0 339.1  20.4 0.113289 0.200889 0.057855 hargrave 2019-10-25 13:03:12 
TT 572 010.5  07.8 010.5  07.8 2.96E-05 006.1 339.8  19.1 0.126492 0.289641 0.035733 hargrave 2019-10-25 20:01:41 
TT 575 018.2  11.1 018.2  11.1 1.94E-05 007.2 347.6  22.8 0.058582 0.234622 0.034070 hargrave 2019-11-01 12:44:29 
TT 577 014.1  10.3 014.1  10.3 1.57E-05 005.7 343.3  21.9 0.045874 0.150428 0.023255 hargrave 2019-11-01 18:37:28 
TT 579 013.1  08.8 013.1  08.8 1.34E-05 006.7 342.4  20.3 0.045983 0.152898 0.020143 hargrave 2019-11-02 16:45:17 
TT 581 013.4  13.4 013.4  13.4 1.16E-05 004.9 342.4  24.9 0.024778 0.096635 0.010010 hargrave 2019-11-03 15:05:59 
TT 585 013.9  09.3 013.9  09.3 1.11E-05 002.3 343.2  20.8 0.012568 0.042351 0.006681 hargrave 2019-11-04 09:31:25 
TT 600 009.8  12.2 009.8  12.2 9.66E-06 003.8 338.7  23.5 0.021882 0.060276 0.013997 hargrave 2019-11-15 12:57:36 
TT 615 008.8  10.3 008.8  10.3 4.31E-06 005.0 337.7  21.5 0.013305 0.036264 0.003485 hargrave 2019-11-15 19:20:21 
TT 630 325.2  67.1 325.2  67.1 3.44E-07 005.4 265.4  69.4 0.001205 0.002525 0.002147 hargrave 2019-11-16 14:41:02 
TT 645 290.9 -65.7 290.9 -65.7 8.54E-07 002.2 287.3 -64.8 0.002085 0.002340 0.001076 hargrave 2019-11-23 14:39:08 
TT 660 207.1  55.3 207.1  55.3 1.06E-06 004.4 177.9  43.3 0.001584 0.007928 0.001932 hargrave 2019-11-24 11:14:24 
TT 675 242.3  06.6 242.3  06.6 7.93E-07 006.3 212.3 -03.6 0.002669 0.009227 0.001910 hargrave 2019-12-01 17:59:11 
TT 685 346.0  61.6 346.0  61.6 4.91E-07 002.6 294.9  68.7 0.001973 0.001300 0.000417 hargrave 2019-12-02 18:17:29 
