BD1- 1a sun compass orientation
      0  88.2  25.0   0.0   0.0   1.0
NRM    296.3  48.1 296.3  48.1 2.68E-02 000.5 267.1  53.8 14.61342 15.14044 9.266831 hargrave 2019-09-14 11:03:09 
AF  10 296.0  48.0 296.0  48.0 2.67E-02 000.5 267.0  53.6 15.56331 15.19377 9.476687 hargrave 2019-09-14 11:04:30 
AF  20 295.7  47.6 295.7  47.6 2.66E-02 000.5 267.2  53.2 15.70578 15.07434 9.510167 hargrave 2019-09-14 11:05:50 
AF  30 295.4  47.2 295.4  47.2 2.64E-02 000.5 267.3  52.8 15.21953 14.88933 9.678481 hargrave 2019-09-14 11:07:10 
AF  40 295.1  46.7 295.1  46.7 2.61E-02 000.5 267.5  52.3 16.21445 14.78983 9.546078 hargrave 2019-09-14 11:08:30 
AF  50 294.9  46.4 294.9  46.4 2.58E-02 000.5 267.7  51.9 15.95469 14.52706 9.462045 hargrave 2019-09-14 11:09:50 
AF  60 294.7  46.1 294.7  46.1 2.55E-02 000.5 267.8  51.6 15.10326 14.28402 9.422253 hargrave 2019-09-14 11:11:10 
AF  70 294.5  45.8 294.5  45.8 2.50E-02 000.5 267.9  51.3 14.33312 13.94282 9.286657 hargrave 2019-09-14 11:12:30 
AF  80 294.3  45.6 294.3  45.6 2.44E-02 000.5 267.9  51.0 14.47532 13.67125 9.068498 hargrave 2019-09-14 11:13:50 
AF  90 294.3  45.4 294.3  45.4 2.37E-02 000.5 268.1  50.9 14.27760 13.26426 8.840658 hargrave 2019-09-14 11:15:10 
AF 100 294.2  45.2 294.2  45.2 2.29E-02 000.5 268.2  50.7 13.84271 12.79407 8.563455 hargrave 2019-09-14 11:16:31 
AF 120 294.2  45.0 294.2  45.0 2.13E-02 000.5 268.4  50.5 12.62449 11.89140 7.955476 hargrave 2019-09-14 11:17:51 
AF 140 294.2  44.7 294.2  44.7 1.92E-02 000.5 268.7  50.3 11.41567 10.70923 7.178093 hargrave 2019-09-14 11:19:11 
AF 160 294.1  44.4 294.1  44.4 1.73E-02 000.5 268.8  50.0 10.50164 9.678965 6.447576 hargrave 2019-09-14 11:20:31 
AF 180 294.1  44.3 294.1  44.3 1.54E-02 000.5 268.9  49.9 9.096700 8.570777 5.768557 hargrave 2019-09-14 11:21:51 
AF 200 294.1  44.1 294.1  44.1 1.37E-02 000.5 269.1  49.7 8.238251 7.639756 5.137458 hargrave 2019-09-14 11:24:01 
AF 250 293.8  44.1 293.8  44.1 1.07E-02 000.5 268.8  49.6 6.281218 5.996168 3.971809 hargrave 2019-09-14 11:25:21 
AF 300 294.0  44.2 294.0  44.2 8.36E-03 000.5 268.9  49.8 4.819009 4.693530 3.100552 hargrave 2019-09-14 11:26:42 
AF 350 293.9  44.5 293.9  44.5 6.65E-03 000.5 268.6  50.0 4.019400 3.800289 2.452217 hargrave 2019-09-14 11:28:02 
AF 400 294.0  44.8 294.0  44.8 5.32E-03 000.5 268.4  50.3 3.294985 3.007365 1.964864 hargrave 2019-09-14 11:29:22 
AF 450 294.8  45.6 294.8  45.6 4.39E-03 000.5 268.3  51.2 2.586245 2.507777 1.606013 hargrave 2019-09-14 11:31:32 
AF 500 294.6  45.7 294.6  45.7 3.52E-03 000.5 268.1  51.2 2.071089 2.042698 1.303222 hargrave 2019-09-14 11:32:52 
AF 550 294.6  45.6 294.6  45.6 2.82E-03 000.5 268.1  51.1 1.580995 1.677676 1.055231 hargrave 2019-09-14 11:34:13 
AF 600 295.3  46.9 295.3  46.9 2.32E-03 000.5 267.5  52.4 1.433323 1.383017 0.843750 hargrave 2019-09-14 11:35:33 
AF 650 293.8  47.1 293.8  47.1 1.88E-03 000.5 266.0  52.0 1.122392 1.094824 0.676629 hargrave 2019-09-14 11:37:43 
AF 700 292.4  49.1 292.4  49.1 1.50E-03 000.5 262.7  53.0 0.846272 0.883110 0.490937 hargrave 2019-09-14 11:39:04 
AF 750 290.5  48.4 290.5  48.4 1.26E-03 000.5 261.9  51.6 0.755563 0.736948 0.450276 hargrave 2019-09-14 11:40:24 
AF 800 293.4  50.1 293.4  50.1 9.89E-04 000.5 262.4  54.2 0.545309 0.589642 0.332158 hargrave 2019-09-14 11:41:44 
AF 850 287.4  50.2 287.4  50.2 8.03E-04 000.5 257.6  51.7 0.404412 0.459976 0.263142 hargrave 2019-09-14 11:43:05 
AF 900 288.1  54.6 288.1  54.6 6.49E-04 000.4 253.1  55.3 0.308678 0.373792 0.204264 hargrave 2019-09-14 11:44:25 
AF 950 285.2  56.1 285.2  56.1 5.25E-04 000.5 249.2  55.2 0.247762 0.339232 0.143290 hargrave 2019-09-14 11:45:46 
AF1000 284.9  55.0 284.9  55.0 4.58E-04 000.4 250.3  54.3 0.172285 0.298044 0.133524 hargrave 2019-09-14 11:47:07 
AF1050 286.3  55.7 286.3  55.7 3.47E-04 000.4 250.5  55.3 0.157318 0.199804 0.097212 hargrave 2019-09-14 11:48:27 
AF1100 261.0  61.0 261.0  61.0 2.58E-04 000.3 228.6  50.0 0.068217 0.157245 0.055365 hargrave 2019-09-14 11:49:48 
AF1150 250.9  57.9 250.9  57.9 2.50E-04 000.3 225.3  44.5 0.053555 0.128405 0.059644 hargrave 2019-09-14 11:51:10 
AF1200 232.5  49.0 232.5  49.0 1.71E-04 000.3 218.7  31.4 0.052474 0.122232 0.027996 hargrave 2019-09-14 11:52:32 
AF1250 230.3  46.1 230.3  46.1 1.83E-04 000.3 218.4  28.2 0.071981 0.075268 0.037366 hargrave 2019-09-14 11:53:55 
AF1300 199.9  56.9 199.9  56.9 1.45E-04 000.5 193.9  33.0 0.083104 0.126613 0.031518 hargrave 2019-09-14 11:55:18 
