BD1- 8a mag compass orientation (IGRF corrected)
      0 103.2  60.0   0.0   0.0   1.0
NRM    297.6  51.0 297.6  51.0 1.78E-02 000.5 225.7  31.6 9.123046 10.86808 5.656122 hargrave 2019-09-14 18:35:49 
AF  10 297.5  50.9 297.5  50.9 1.77E-02 000.5 225.8  31.5 9.175832 11.24186 5.727298 hargrave 2019-09-14 18:37:09 
AF  20 297.4  50.6 297.4  50.6 1.75E-02 000.5 226.1  31.4 8.876374 10.93984 5.786106 hargrave 2019-09-14 18:38:28 
AF  30 297.2  50.3 297.2  50.3 1.74E-02 000.5 226.5  31.3 8.783154 10.79110 5.715266 hargrave 2019-09-14 18:39:47 
AF  40 297.1  49.9 297.1  49.9 1.71E-02 000.5 226.9  31.1 8.846271 10.74704 5.654473 hargrave 2019-09-14 18:41:05 
AF  50 296.8  49.6 296.8  49.6 1.69E-02 000.5 227.3  30.9 8.408098 10.14747 5.591002 hargrave 2019-09-14 18:42:25 
AF  60 296.8  49.2 296.8  49.2 1.67E-02 000.5 227.7  30.7 8.201563 9.917153 5.512257 hargrave 2019-09-14 18:43:43 
AF  70 296.6  48.9 296.6  48.9 1.64E-02 000.5 228.0  30.6 8.277231 9.937599 5.410630 hargrave 2019-09-14 18:45:03 
AF  80 296.5  48.5 296.5  48.5 1.60E-02 000.5 228.4  30.4 8.645156 10.05306 5.303123 hargrave 2019-09-14 18:47:59 
AF  90 296.4  48.2 296.4  48.2 1.56E-02 000.5 228.8  30.3 7.618444 9.180048 5.198803 hargrave 2019-09-14 18:49:17 
AF 100 296.2  47.9 296.2  47.9 1.51E-02 000.5 229.0  30.1 7.571349 9.053301 5.035922 hargrave 2019-09-14 18:50:36 
AF 120 296.1  47.5 296.1  47.5 1.42E-02 000.5 229.5  30.0 6.966517 8.339940 4.794436 hargrave 2019-09-14 18:51:56 
AF 140 295.9  47.1 295.9  47.1 1.32E-02 000.5 229.9  29.7 6.637971 7.901253 4.460528 hargrave 2019-09-14 18:53:15 
AF 160 295.5  46.7 295.5  46.7 1.21E-02 000.5 230.2  29.3 6.122991 7.084412 4.096693 hargrave 2019-09-14 18:55:22 
AF 180 295.7  46.5 295.7  46.5 1.12E-02 000.5 230.6  29.5 5.815122 6.730108 3.790446 hargrave 2019-09-14 18:57:29 
AF 200 295.2  46.2 295.2  46.2 1.03E-02 000.5 230.7  29.1 5.186584 6.065224 3.485387 hargrave 2019-09-14 18:58:48 
AF 250 295.0  45.8 295.0  45.8 8.66E-03 000.5 231.2  28.8 4.379237 5.031092 2.949403 hargrave 2019-09-14 19:00:55 
AF 300 295.2  45.6 295.2  45.6 7.33E-03 000.5 231.4  28.9 3.527796 4.208948 2.439156 hargrave 2019-09-14 19:02:14 
AF 350 294.9  45.5 294.9  45.5 6.19E-03 000.5 231.4  28.7 2.940839 3.575047 2.063998 hargrave 2019-09-14 19:03:33 
AF 400 295.7  45.7 295.7  45.7 5.29E-03 000.5 231.4  29.2 2.586006 3.092764 1.721977 hargrave 2019-09-14 19:04:52 
AF 450 295.5  45.8 295.5  45.8 4.52E-03 000.5 231.2  29.2 2.207333 2.701771 1.484240 hargrave 2019-09-14 19:06:11 
AF 500 295.3  45.9 295.3  45.9 3.82E-03 000.5 231.1  29.0 1.864505 2.277790 1.256451 hargrave 2019-09-14 19:07:30 
AF 550 296.6  46.4 296.6  46.4 3.27E-03 000.5 230.8  30.0 1.677326 2.003185 1.037869 hargrave 2019-09-14 19:08:48 
AF 600 295.9  45.9 295.9  45.9 2.75E-03 000.5 231.2  29.4 1.336926 1.654553 0.865893 hargrave 2019-09-14 19:10:07 
AF 650 295.4  46.1 295.4  46.1 2.29E-03 000.5 230.9  29.1 1.156712 1.412191 0.722870 hargrave 2019-09-14 19:11:26 
AF 700 294.9  45.7 294.9  45.7 1.91E-03 000.5 231.3  28.7 0.986017 1.153742 0.596375 hargrave 2019-09-14 19:12:45 
AF 750 295.0  45.6 295.0  45.6 1.62E-03 000.5 231.4  28.8 0.870250 1.019198 0.499961 hargrave 2019-09-14 19:14:03 
AF 800 292.8  45.0 292.8  45.0 1.29E-03 000.5 231.5  27.1 0.675291 0.787709 0.396007 hargrave 2019-09-14 19:15:22 
AF 850 293.7  43.6 293.7  43.6 1.08E-03 000.5 233.3  27.3 0.583958 0.659144 0.320469 hargrave 2019-09-14 19:16:41 
AF 900 289.5  41.2 289.5  41.2 8.79E-04 000.4 234.7  23.6 0.446011 0.444823 0.272777 hargrave 2019-09-14 19:18:02 
AF 950 289.1  37.7 289.1  37.7 7.14E-04 000.4 238.2  22.1 0.375014 0.370421 0.218567 hargrave 2019-09-14 19:19:21 
AF1000 286.2  36.6 286.2  36.6 5.83E-04 000.4 238.3  19.6 0.294790 0.290997 0.176863 hargrave 2019-09-14 19:20:40 
AF1050 280.7  30.8 280.7  30.8 4.96E-04 000.4 241.7  12.9 0.252806 0.233559 0.162533 hargrave 2019-09-14 19:22:00 
AF1100 279.5  26.9 279.5  26.9 3.85E-04 000.4 244.7  10.2 0.195132 0.182741 0.127247 hargrave 2019-09-14 19:23:19 
AF1150 275.4  26.4 275.4  26.4 3.32E-04 000.4 243.3  06.7 0.177461 0.109196 0.115563 hargrave 2019-09-14 19:24:40 
AF1200 275.0  13.7 275.0  13.7 2.74E-04 000.4 254.1 -00.1 0.160336 0.056929 0.099460 hargrave 2019-09-14 19:26:01 
AF1250 271.4  02.6 271.4  02.6 2.59E-04 000.5 261.7 -08.9 0.188497 0.072204 0.098657 hargrave 2019-09-14 19:27:22 
AF1300 267.9 -05.3 267.9 -05.3 2.25E-04 000.5 266.9 -15.9 0.160524 0.079527 0.098353 hargrave 2019-09-14 19:28:44 
