BD1- 11a mag compass orientation (IGRF corrected)
      0 287.2  52.0   0.0   0.0   1.0
NRM    290.7  41.8 290.7  41.8 2.26E-02 000.4 126.6  22.0 9.590035 9.729578 8.951103 hargrave 2019-09-14 21:15:52 
AF  10 290.3  41.7 290.3  41.7 2.25E-02 000.4 126.4  22.2 10.54000 11.28540 9.013668 hargrave 2019-09-14 21:17:11 
AF  20 289.9  41.4 289.9  41.4 2.23E-02 000.4 125.9  22.3 9.503454 10.19641 8.887051 hargrave 2019-09-14 21:18:30 
AF  30 289.7  41.1 289.7  41.1 2.20E-02 000.4 125.6  22.2 9.977911 11.01483 8.774677 hargrave 2019-09-14 21:19:49 
AF  40 289.6  40.9 289.6  40.9 2.14E-02 000.4 125.4  22.2 10.34906 10.80109 8.597405 hargrave 2019-09-14 21:21:08 
AF  50 289.7  40.8 289.7  40.8 2.07E-02 000.4 125.3  22.1 9.461305 10.09989 8.317671 hargrave 2019-09-14 21:22:26 
AF  60 289.6  40.9 289.6  40.9 1.98E-02 000.4 125.3  22.2 8.594257 9.537395 7.938470 hargrave 2019-09-14 21:24:35 
AF  70 289.6  40.8 289.6  40.8 1.87E-02 000.4 125.3  22.2 8.651193 9.132526 7.461900 hargrave 2019-09-14 21:25:54 
AF  80 289.6  40.9 289.6  40.9 1.74E-02 000.4 125.3  22.2 8.458396 8.734388 6.935411 hargrave 2019-09-14 21:27:13 
AF  90 289.6  40.9 289.6  40.9 1.60E-02 000.4 125.3  22.2 7.721123 7.907045 6.346907 hargrave 2019-09-14 21:28:32 
AF 100 289.6  40.8 289.6  40.8 1.47E-02 000.4 125.3  22.2 6.439240 6.946052 5.785807 hargrave 2019-09-14 21:30:39 
AF 120 289.5  41.1 289.5  41.1 1.21E-02 000.4 125.5  22.4 5.521587 5.736941 4.756101 hargrave 2019-09-14 21:31:58 
AF 140 289.5  41.0 289.5  41.0 9.84E-03 000.4 125.4  22.3 4.355535 4.681334 3.851016 hargrave 2019-09-14 21:34:05 
AF 160 289.9  41.1 289.9  41.1 7.91E-03 000.4 125.7  22.1 3.546241 3.744183 3.052573 hargrave 2019-09-14 21:36:12 
AF 180 290.1  41.2 290.1  41.2 6.39E-03 000.4 125.8  22.1 2.831856 2.961717 2.475877 hargrave 2019-09-14 21:37:31 
AF 200 289.8  41.1 289.8  41.1 5.12E-03 000.4 125.6  22.2 2.377745 2.411429 1.983467 hargrave 2019-09-14 21:38:49 
AF 250 290.5  42.6 290.5  42.6 3.21E-03 000.4 127.2  22.5 1.526283 1.585766 1.237270 hargrave 2019-09-14 21:40:08 
AF 300 290.4  42.6 290.4  42.6 2.02E-03 000.4 127.2  22.6 0.934834 1.009372 0.767661 hargrave 2019-09-14 21:42:15 
AF 350 292.7  41.8 292.7  41.8 1.34E-03 000.4 127.5  20.8 0.657379 0.663437 0.518230 hargrave 2019-09-14 21:43:34 
AF 400 295.6  43.0 295.6  43.0 9.35E-04 000.4 129.8  19.6 0.461643 0.463309 0.352123 hargrave 2019-09-14 21:45:41 
AF 450 295.4  40.8 295.4  40.8 6.65E-04 000.4 127.8  18.5 0.339562 0.318596 0.264538 hargrave 2019-09-14 21:47:00 
AF 500 298.6  40.1 298.6  40.1 5.24E-04 000.4 128.7  16.1 0.260311 0.226282 0.209913 hargrave 2019-09-14 21:48:18 
AF 550 297.7  43.0 297.7  43.0 4.04E-04 000.4 130.7  18.3 0.177108 0.199309 0.176329 hargrave 2019-09-14 21:49:38 
AF 600 298.6  42.2 298.6  42.2 3.45E-04 000.4 130.5  17.4 0.158058 0.142148 0.138311 hargrave 2019-09-14 21:50:57 
AF 650 297.7  38.8 297.7  38.8 2.65E-04 000.4 127.2  15.9 0.125795 0.102339 0.107224 hargrave 2019-09-14 21:52:16 
AF 700 297.1  49.1 297.1  49.1 2.52E-04 000.4 135.9  22.1 0.134632 0.108430 0.091391 hargrave 2019-09-14 21:53:35 
AF 750 293.7  45.3 293.7  45.3 1.95E-04 000.5 131.0  22.0 0.103811 0.089577 0.117777 hargrave 2019-09-14 21:54:54 
AF 800 295.7  47.4 295.7  47.4 1.56E-04 000.4 133.8  22.0 0.123691 0.083836 0.049815 hargrave 2019-09-14 21:56:13 
AF 850 296.0  53.9 296.0  53.9 1.65E-04 000.5 139.9  25.3 0.106016 0.085219 0.065867 hargrave 2019-09-14 21:57:32 
AF 900 317.9  48.8 317.9  48.8 1.68E-04 000.5 144.7  11.5 0.106582 0.097010 0.076559 hargrave 2019-09-14 21:58:51 
AF 950 312.0  51.1 312.0  51.1 1.63E-04 000.4 143.7  15.7 0.109576 0.082974 0.076392 hargrave 2019-09-14 22:00:10 
AF1000 304.3  48.1 304.3  48.1 1.10E-04 000.3 137.9  17.6 0.061600 0.075264 0.017820 hargrave 2019-09-14 22:01:30 
AF1050 324.8  58.2 324.8  58.2 1.60E-04 000.4 154.3  15.7 0.099505 0.081101 0.054755 hargrave 2019-09-14 22:02:49 
AF1100 336.5  40.0 336.5  40.0 1.06E-04 000.5 150.0 -03.6 0.106205 0.082768 0.027489 hargrave 2019-09-14 22:04:10 
AF1150 272.6  69.4 272.6  69.4 1.11E-04 000.5 153.5  40.2 0.074480 0.052641 0.041444 hargrave 2019-09-14 22:05:29 
AF1200 260.0  88.9 260.0  88.9 1.11E-04 000.7 178.7  38.5 0.088042 0.099355 0.042015 hargrave 2019-09-14 22:06:50 
AF1250 270.7  70.4 270.7  70.4 1.55E-04 000.8 154.9  40.9 0.134319 0.161941 0.054134 hargrave 2019-09-14 22:08:10 
AF1300 351.8  78.9 351.8  78.9 7.58E-05 000.8 174.7  27.9 0.102699 0.071314 0.030797 hargrave 2019-09-14 22:09:32 
