BD1- 6a mag compass orientation (IGRF corrected)
      0   0.2  78.0   0.0   0.0   1.0
NRM    300.4  45.3 300.4  45.3 1.28E-02 000.5 148.1  47.9 6.431491 9.054039 3.571412 hargrave 2019-09-14 15:26:14 
AF  10 300.4  45.2 300.4  45.2 1.27E-02 000.5 148.1  48.0 6.122108 8.908527 3.626693 hargrave 2019-09-14 15:27:34 
AF  20 300.2  45.1 300.2  45.1 1.26E-02 000.5 148.1  48.2 6.007493 8.566682 3.639164 hargrave 2019-09-14 15:29:45 
AF  30 300.0  45.0 300.0  45.0 1.25E-02 000.5 148.0  48.4 5.965332 8.585746 3.574189 hargrave 2019-09-14 15:31:06 
AF  40 299.8  44.8 299.8  44.8 1.24E-02 000.5 148.0  48.6 5.931033 8.599436 3.506109 hargrave 2019-09-14 15:32:26 
AF  50 299.6  44.7 299.6  44.7 1.23E-02 000.5 148.1  48.8 5.880181 8.321840 3.453922 hargrave 2019-09-14 15:33:46 
AF  60 299.3  44.5 299.3  44.5 1.21E-02 000.5 148.1  49.0 5.864530 8.270993 3.396622 hargrave 2019-09-14 15:35:06 
AF  70 299.1  44.4 299.1  44.4 1.20E-02 000.5 148.1  49.2 5.737357 8.125856 3.408635 hargrave 2019-09-14 15:37:15 
AF  80 298.8  44.3 298.8  44.3 1.18E-02 000.5 148.1  49.5 5.678679 7.911225 3.270319 hargrave 2019-09-14 15:38:35 
AF  90 298.5  44.1 298.5  44.1 1.15E-02 000.5 148.2  49.7 5.614364 7.815136 3.193876 hargrave 2019-09-14 15:40:44 
AF 100 298.3  44.0 298.3  44.0 1.13E-02 000.5 148.3  49.9 5.528417 7.614546 3.082079 hargrave 2019-09-14 15:42:04 
AF 120 297.6  43.8 297.6  43.8 1.08E-02 000.5 148.5  50.4 5.331610 7.502127 2.903149 hargrave 2019-09-14 15:43:24 
AF 140 297.1  43.6 297.1  43.6 1.02E-02 000.5 148.7  50.8 5.062284 6.982708 2.711882 hargrave 2019-09-14 15:44:44 
AF 160 296.8  43.4 296.8  43.4 9.64E-03 000.5 148.8  51.1 4.849371 6.714949 2.521012 hargrave 2019-09-14 15:46:04 
AF 180 296.4  43.2 296.4  43.2 9.08E-03 000.5 148.9  51.5 4.605215 6.274340 2.352157 hargrave 2019-09-14 15:47:24 
AF 200 295.9  42.9 295.9  42.9 8.53E-03 000.5 149.0  51.9 4.379408 5.949426 2.187125 hargrave 2019-09-14 15:48:45 
AF 250 295.2  42.4 295.2  42.4 7.44E-03 000.5 149.0  52.6 3.861224 5.159639 1.850190 hargrave 2019-09-14 15:50:05 
AF 300 294.5  42.1 294.5  42.1 6.51E-03 000.5 149.3  53.2 3.467855 4.579149 1.578115 hargrave 2019-09-14 15:51:25 
AF 350 293.9  41.8 293.9  41.8 5.75E-03 000.5 149.5  53.7 3.112110 4.074448 1.365586 hargrave 2019-09-14 15:52:45 
AF 400 293.4  41.7 293.4  41.7 5.08E-03 000.5 150.0  54.0 2.780765 3.577197 1.180953 hargrave 2019-09-14 15:54:05 
AF 450 293.1  41.8 293.1  41.8 4.48E-03 000.5 150.3  54.1 2.463343 3.139587 1.035779 hargrave 2019-09-14 15:55:26 
AF 500 292.8  42.2 292.8  42.2 3.90E-03 000.5 151.1  53.9 2.135764 2.726374 0.918721 hargrave 2019-09-14 15:57:35 
AF 550 292.5  42.4 292.5  42.4 3.39E-03 000.5 151.6  54.0 1.896660 2.398881 0.765628 hargrave 2019-09-14 15:58:55 
AF 600 292.0  43.1 292.0  43.1 2.92E-03 000.5 152.8  53.7 1.646524 2.039329 0.669285 hargrave 2019-09-14 16:01:04 
AF 650 291.3  43.2 291.3  43.2 2.54E-03 000.5 153.6  53.9 1.452176 1.834294 0.558845 hargrave 2019-09-14 16:02:24 
AF 700 291.1  44.3 291.1  44.3 2.16E-03 000.5 154.9  53.0 1.250140 1.531336 0.480685 hargrave 2019-09-14 16:03:44 
AF 750 290.2  44.9 290.2  44.9 1.84E-03 000.5 156.2  52.9 1.093867 1.306534 0.403300 hargrave 2019-09-14 16:05:05 
AF 800 289.2  45.4 289.2  45.4 1.58E-03 000.5 157.7  52.8 0.953471 1.122509 0.332154 hargrave 2019-09-14 16:06:25 
AF 850 290.1  46.0 290.1  46.0 1.33E-03 000.5 157.5  52.0 0.842187 0.929494 0.280509 hargrave 2019-09-14 16:07:45 
AF 900 288.8  47.6 288.8  47.6 1.12E-03 000.5 159.9  51.2 0.719357 0.796802 0.238785 hargrave 2019-09-14 16:09:06 
AF 950 287.4  48.3 287.4  48.3 9.56E-04 000.5 161.8  51.0 0.570596 0.627983 0.200631 hargrave 2019-09-14 16:10:26 
AF1000 286.4  49.0 286.4  49.0 8.10E-04 000.5 163.3  50.6 0.506043 0.558332 0.174710 hargrave 2019-09-14 16:11:47 
AF1050 288.5  52.8 288.5  52.8 6.74E-04 000.5 164.0  46.6 0.406349 0.463596 0.159433 hargrave 2019-09-14 16:13:07 
AF1100 287.5  54.5 287.5  54.5 5.67E-04 000.5 165.7  45.3 0.358632 0.411539 0.143856 hargrave 2019-09-14 16:14:29 
AF1150 288.7  56.9 288.7  56.9 5.07E-04 000.5 166.3  42.9 0.330437 0.349642 0.135406 hargrave 2019-09-14 16:15:51 
AF1200 283.7  59.1 283.7  59.1 4.49E-04 000.6 170.8  41.8 0.314872 0.311869 0.132895 hargrave 2019-09-14 16:17:13 
AF1250 283.4  59.3 283.4  59.3 4.05E-04 000.6 171.0  41.7 0.270713 0.287633 0.124912 hargrave 2019-09-14 16:18:35 
AF1300 288.4  62.6 288.4  62.6 3.55E-04 000.6 169.5  37.8 0.247206 0.251900 0.122470 hargrave 2019-09-14 16:19:58 
