BD1- 5a sun compass orientation
      0  45.2  55.0   0.0   0.0   1.0
NRM    297.4  47.7 297.4  47.7 1.37E-02 000.6 220.8  71.6 8.863931 10.01365 1.589859 hargrave 2019-09-14 14:34:12 
AF  10 297.3  47.7 297.3  47.7 1.37E-02 000.6 221.0  71.6 8.864989 10.01815 1.730818 hargrave 2019-09-14 14:35:31 
AF  20 297.3  47.5 297.3  47.5 1.36E-02 000.6 221.5  71.7 8.837158 9.877701 1.764240 hargrave 2019-09-14 14:36:51 
AF  30 297.2  47.3 297.2  47.3 1.36E-02 000.6 222.1  71.8 8.794392 9.856892 1.764170 hargrave 2019-09-14 14:38:11 
AF  40 297.0  47.0 297.0  47.0 1.35E-02 000.6 223.1  71.8 8.805444 9.801227 1.791331 hargrave 2019-09-14 14:39:30 
AF  50 296.9  46.8 296.9  46.8 1.34E-02 000.6 223.9  71.9 8.703742 9.741288 1.767451 hargrave 2019-09-14 14:40:50 
AF  60 296.7  46.4 296.7  46.4 1.33E-02 000.6 225.0  72.0 8.561378 9.593737 1.713234 hargrave 2019-09-14 14:42:09 
AF  70 296.5  46.1 296.5  46.1 1.31E-02 000.6 226.2  72.0 8.486997 9.502807 1.710254 hargrave 2019-09-14 14:43:30 
AF  80 296.3  45.7 296.3  45.7 1.29E-02 000.6 227.5  72.1 8.402457 9.303519 1.716200 hargrave 2019-09-14 14:44:49 
AF  90 296.0  45.3 296.0  45.3 1.27E-02 000.6 229.0  72.1 8.264273 9.168452 1.695616 hargrave 2019-09-14 14:46:09 
AF 100 295.7  44.9 295.7  44.9 1.25E-02 000.6 230.5  72.2 8.081999 8.963676 1.677305 hargrave 2019-09-14 14:47:28 
AF 120 295.4  44.1 295.4  44.1 1.21E-02 000.6 233.0  72.3 7.828365 8.570297 1.661735 hargrave 2019-09-14 14:48:48 
AF 140 295.0  43.4 295.0  43.4 1.15E-02 000.6 235.5  72.3 7.561632 8.120433 1.582225 hargrave 2019-09-14 14:50:58 
AF 160 294.5  42.7 294.5  42.7 1.09E-02 000.6 238.1  72.2 7.089813 7.680915 1.518359 hargrave 2019-09-14 14:52:17 
AF 180 294.3  42.1 294.3  42.1 1.02E-02 000.6 240.3  72.2 6.735679 7.221358 1.479214 hargrave 2019-09-14 14:53:37 
AF 200 294.0  41.5 294.0  41.5 9.62E-03 000.5 242.4  72.2 6.259231 6.702522 1.436852 hargrave 2019-09-14 14:54:57 
AF 250 293.7  40.4 293.7  40.4 8.38E-03 000.6 245.9  72.2 5.558135 5.840909 1.312243 hargrave 2019-09-14 14:56:17 
AF 300 293.7  39.6 293.7  39.6 7.30E-03 000.6 248.5  72.4 4.845258 5.083809 1.132993 hargrave 2019-09-14 14:57:37 
AF 350 293.9  39.1 293.9  39.1 6.36E-03 000.5 250.0  72.6 4.187616 4.388094 0.996051 hargrave 2019-09-14 14:58:57 
AF 400 294.3  38.6 294.3  38.6 5.59E-03 000.6 251.7  72.9 3.723849 3.871729 1.054849 hargrave 2019-09-14 15:00:17 
AF 450 294.8  38.3 294.8  38.3 4.89E-03 000.6 252.6  73.4 3.257014 3.401139 0.724151 hargrave 2019-09-14 15:01:36 
AF 500 296.0  37.8 296.0  37.8 4.25E-03 000.6 254.0  74.3 2.841878 2.950601 0.618673 hargrave 2019-09-14 15:02:56 
AF 550 296.4  37.6 296.4  37.6 3.70E-03 000.6 254.7  74.7 2.473680 2.576608 1.124248 hargrave 2019-09-14 15:04:16 
AF 600 297.0  37.2 297.0  37.2 3.17E-03 000.6 256.3  75.2 2.154439 2.235554 0.420881 hargrave 2019-09-14 15:05:36 
AF 650 297.5  36.0 297.5  36.0 2.68E-03 000.6 260.9  75.5 1.822841 1.894375 0.391508 hargrave 2019-09-14 15:06:56 
AF 700 297.1  35.4 297.1  35.4 2.27E-03 000.6 263.3  75.2 1.553483 1.603834 0.335704 hargrave 2019-09-14 15:08:16 
AF 750 297.6  34.4 297.6  34.4 1.86E-03 000.6 267.5  75.5 1.267305 1.289795 0.285294 hargrave 2019-09-14 15:09:37 
AF 800 297.8  32.3 297.8  32.3 1.55E-03 000.6 275.6  75.3 1.081753 1.103145 0.253810 hargrave 2019-09-14 15:10:57 
AF 850 298.2  30.9 298.2  30.9 1.28E-03 000.6 281.4  75.2 0.872313 0.900899 0.220101 hargrave 2019-09-14 15:12:17 
AF 900 298.2  29.2 298.2  29.2 1.03E-03 000.6 287.3  74.5 0.717315 0.752896 0.185804 hargrave 2019-09-14 15:13:38 
AF 950 297.2  25.9 297.2  25.9 8.42E-04 000.6 295.5  72.0 0.571457 0.599801 0.170501 hargrave 2019-09-14 15:14:59 
AF1000 297.8  20.9 297.8  20.9 7.04E-04 000.6 308.0  69.2 0.482824 0.479764 0.166142 hargrave 2019-09-14 15:16:19 
AF1050 297.7  17.4 297.7  17.4 5.67E-04 000.6 313.9  66.5 0.405942 0.409891 0.146416 hargrave 2019-09-14 15:17:40 
AF1100 294.7  11.2 294.7  11.2 4.66E-04 000.6 316.9  59.8 0.318858 0.306642 0.134362 hargrave 2019-09-14 15:19:01 
AF1150 297.5  05.1 297.5  05.1 3.81E-04 000.7 327.2  55.9 0.314922 0.300654 0.113994 hargrave 2019-09-14 15:20:22 
AF1200 300.2 -02.8 300.2 -02.8 3.13E-04 000.7 336.4  49.7 0.262719 0.265425 0.120648 hargrave 2019-09-14 15:21:44 
AF1250 295.1 -11.7 295.1 -11.7 3.10E-04 000.6 334.1  39.5 0.246401 0.203328 0.125298 hargrave 2019-09-14 15:23:07 
AF1300 295.2 -24.4 295.2 -24.4 2.82E-04 000.5 339.4  27.7 0.218811 0.168222 0.115157 hargrave 2019-09-14 15:24:30 
