BD1- 12a mag compass orientation (IGRF corrected)
      0 314.2  56.0   0.0   0.0   1.0
NRM    301.8  40.2 301.8  40.2 3.14E-03 000.5 120.7  29.8 1.604468 1.637696 1.231672 hargrave 2019-09-14 22:11:04 
AF  10 301.6  40.1 301.6  40.1 3.11E-03 000.5 120.6  29.9 1.640126 1.666601 1.197015 hargrave 2019-09-14 22:12:23 
AF  20 300.9  39.8 300.9  39.8 3.06E-03 000.5 120.0  30.3 1.624177 1.647649 1.203762 hargrave 2019-09-14 22:13:42 
AF  30 300.4  39.4 300.4  39.4 3.00E-03 000.5 119.4  30.6 1.581435 1.570232 1.152796 hargrave 2019-09-14 22:15:02 
AF  40 299.9  39.0 299.9  39.0 2.89E-03 000.5 118.8  30.8 1.534878 1.540342 1.137827 hargrave 2019-09-14 22:16:20 
AF  50 299.6  38.7 299.6  38.7 2.78E-03 000.5 118.4  30.9 1.450909 1.509469 1.096207 hargrave 2019-09-14 22:17:39 
AF  60 299.2  38.5 299.2  38.5 2.66E-03 000.5 118.1  31.1 1.375603 1.416093 1.025688 hargrave 2019-09-14 22:18:58 
AF  70 299.2  38.4 299.2  38.4 2.52E-03 000.5 118.0  31.1 1.306692 1.356150 0.962114 hargrave 2019-09-14 22:20:17 
AF  80 298.6  38.4 298.6  38.4 2.37E-03 000.5 117.8  31.5 1.260196 1.316781 0.908123 hargrave 2019-09-14 22:21:35 
AF  90 298.3  38.3 298.3  38.3 2.21E-03 000.5 117.5  31.7 1.139187 1.209269 0.872331 hargrave 2019-09-14 22:22:54 
AF 100 298.2  38.2 298.2  38.2 2.07E-03 000.5 117.3  31.7 1.119723 1.132888 0.794706 hargrave 2019-09-14 22:24:13 
AF 120 297.2  38.2 297.2  38.2 1.81E-03 000.5 117.1  32.5 0.938785 0.980814 0.693370 hargrave 2019-09-14 22:25:32 
AF 140 297.0  38.2 297.0  38.2 1.57E-03 000.5 117.0  32.6 0.854467 0.866137 0.624325 hargrave 2019-09-14 22:26:50 
AF 160 297.1  37.7 297.1  37.7 1.38E-03 000.5 116.4  32.3 0.760795 0.776644 0.522924 hargrave 2019-09-14 22:28:10 
AF 180 296.0  38.4 296.0  38.4 1.19E-03 000.5 116.9  33.4 0.654352 0.653691 0.433519 hargrave 2019-09-14 22:29:29 
AF 200 296.5  37.9 296.5  37.9 1.04E-03 000.5 116.5  32.9 0.564280 0.556976 0.404041 hargrave 2019-09-14 22:30:48 
AF 250 296.8  38.6 296.8  38.6 7.75E-04 000.5 117.4  32.9 0.419911 0.375556 0.291942 hargrave 2019-09-14 22:32:07 
AF 300 293.5  38.3 293.5  38.3 5.78E-04 000.4 116.1  35.2 0.290142 0.277922 0.199614 hargrave 2019-09-14 22:33:25 
AF 350 293.2  40.7 293.2  40.7 4.43E-04 000.4 118.7  36.1 0.221597 0.173214 0.159534 hargrave 2019-09-14 22:34:44 
AF 400 294.3  38.4 294.3  38.4 3.73E-04 000.4 116.3  34.6 0.192565 0.157442 0.134963 hargrave 2019-09-14 22:36:03 
AF 450 295.6  41.0 295.6  41.0 3.12E-04 000.4 119.8  34.5 0.150906 0.107177 0.113824 hargrave 2019-09-14 22:37:22 
AF 500 295.2  38.6 295.2  38.6 2.47E-04 000.4 116.9  34.0 0.116118 0.064693 0.092255 hargrave 2019-09-14 22:38:41 
AF 550 294.1  37.2 294.1  37.2 2.22E-04 000.4 114.9  34.4 0.121022 0.066261 0.083340 hargrave 2019-09-14 22:40:01 
AF 600 289.3  35.4 289.3  35.4 1.79E-04 000.4 111.4  37.5 0.105923 0.041838 0.062454 hargrave 2019-09-14 22:41:19 
AF 650 301.1  38.1 301.1  38.1 1.67E-04 000.4 118.2  29.5 0.087165 0.045825 0.061196 hargrave 2019-09-14 22:42:38 
AF 700 289.3  40.9 289.3  40.9 1.63E-04 000.3 118.1  39.0 0.078174 0.053140 0.050543 hargrave 2019-09-14 22:43:57 
AF 750 292.3  35.8 292.3  35.8 1.22E-04 000.4 112.8  35.3 0.081071 0.039098 0.051435 hargrave 2019-09-14 22:45:16 
AF 800 289.1  34.9 289.1  34.9 1.00E-04 000.5 110.7  37.5 0.098752 0.073239 0.031175 hargrave 2019-09-14 22:46:34 
AF 850 291.9  35.1 291.9  35.1 1.01E-04 000.4 111.8  35.4 0.070508 0.074398 0.041263 hargrave 2019-09-14 22:47:54 
AF 900 286.1  40.2 286.1  40.2 8.70E-05 000.6 116.4  41.2 0.086592 0.067097 0.034941 hargrave 2019-09-14 22:49:13 
AF 950 302.8  40.3 302.8  40.3 8.16E-05 000.7 121.1  29.1 0.090264 0.086698 0.039546 hargrave 2019-09-14 22:50:32 
AF1000 285.6  39.4 285.6  39.4 6.85E-05 000.4 115.2  41.4 0.051979 0.048133 0.024120 hargrave 2019-09-14 22:51:52 
AF1050 276.0  51.2 276.0  51.2 6.61E-05 000.7 131.0  49.2 0.082175 0.042376 0.021384 hargrave 2019-09-14 22:53:11 
AF1100 291.8  42.2 291.8  42.2 7.51E-05 000.4 120.2  37.6 0.017570 0.079901 0.034448 hargrave 2019-09-14 22:54:31 
AF1150 308.2  32.5 308.2  32.5 4.89E-05 000.4 115.3  22.0 0.032450 0.043431 0.031399 hargrave 2019-09-14 22:55:51 
AF1200 298.1  38.2 298.1  38.2 5.26E-05 000.9 117.4  31.8 0.084767 0.052628 0.029029 hargrave 2019-09-14 22:57:12 
AF1250 295.8  49.9 295.8  49.9 5.22E-05 000.7 130.4  36.6 0.071462 0.047496 0.018561 hargrave 2019-09-14 22:58:32 
AF1300 319.3  60.3 319.3  60.3 5.50E-05 000.5 146.4  26.7 0.066500 0.024668 0.022557 hargrave 2019-09-14 22:59:54 
