BD1- 9a mag compass orientation (IGRF corrected)
      0  79.2  16.0   0.0   0.0   1.0
NRM    291.0  42.6 291.0  42.6 9.72E-03 000.5 286.6  49.2 5.809923 4.895803 3.118065 hargrave 2019-09-14 19:30:22 
AF  10 291.0  42.4 291.0  42.4 9.68E-03 000.5 286.7  49.0 5.602456 4.669979 3.172402 hargrave 2019-09-14 19:31:41 
AF  20 290.9  41.9 290.9  41.9 9.59E-03 000.5 286.9  48.6 5.614442 4.590175 3.171459 hargrave 2019-09-14 19:33:00 
AF  30 290.9  41.4 290.9  41.4 9.50E-03 000.5 287.1  48.1 5.532912 4.541114 3.160002 hargrave 2019-09-14 19:34:19 
AF  40 290.9  40.8 290.9  40.8 9.40E-03 000.5 287.4  47.5 5.414743 4.442908 3.169202 hargrave 2019-09-14 19:35:38 
AF  50 290.9  40.4 290.9  40.4 9.32E-03 000.5 287.6  47.1 5.353247 4.371464 3.159941 hargrave 2019-09-14 19:36:57 
AF  60 290.9  40.0 290.9  40.0 9.24E-03 000.5 287.8  46.8 5.217177 4.390563 3.144814 hargrave 2019-09-14 19:38:17 
AF  70 291.0  39.5 291.0  39.5 9.14E-03 000.5 288.2  46.4 5.141097 4.254683 3.129463 hargrave 2019-09-14 19:39:36 
AF  80 290.9  39.2 290.9  39.2 9.01E-03 000.4 288.3  46.1 4.928473 4.235377 3.095772 hargrave 2019-09-14 19:40:54 
AF  90 291.1  38.9 291.1  38.9 8.81E-03 000.5 288.6  45.8 5.036408 3.987539 3.049274 hargrave 2019-09-14 19:42:14 
AF 100 291.1  38.6 291.1  38.6 8.55E-03 000.5 288.7  45.6 4.705711 3.897651 3.214235 hargrave 2019-09-14 19:43:34 
AF 120 291.3  38.4 291.3  38.4 7.91E-03 000.4 289.1  45.4 4.362722 3.576024 2.745426 hargrave 2019-09-14 19:44:53 
AF 140 291.6  38.0 291.6  38.0 7.05E-03 000.5 289.5  45.1 3.869954 3.178753 3.065421 hargrave 2019-09-14 19:46:12 
AF 160 291.4  37.7 291.4  37.7 6.24E-03 000.4 289.5  44.7 3.351087 2.811483 2.230817 hargrave 2019-09-14 19:47:32 
AF 180 291.6  37.4 291.6  37.4 5.49E-03 000.4 289.8  44.5 3.138952 2.395696 1.926985 hargrave 2019-09-14 19:48:51 
AF 200 291.5  37.1 291.5  37.1 4.83E-03 000.4 289.8  44.2 2.609701 2.128816 1.676963 hargrave 2019-09-14 19:50:10 
AF 250 291.8  37.0 291.8  37.0 3.70E-03 000.4 290.2  44.2 1.992833 1.644778 1.310659 hargrave 2019-09-14 19:51:29 
AF 300 291.7  36.9 291.7  36.9 2.84E-03 000.4 290.1  44.1 1.575004 1.272553 1.037182 hargrave 2019-09-14 19:53:37 
AF 350 291.7  37.1 291.7  37.1 2.27E-03 000.4 290.1  44.3 1.263182 1.041531 0.800430 hargrave 2019-09-14 19:54:56 
AF 400 292.4  36.5 292.4  36.5 1.78E-03 000.5 291.0  43.9 1.012043 0.853215 0.646423 hargrave 2019-09-14 19:56:15 
AF 450 290.1  37.2 290.1  37.2 1.43E-03 000.5 288.3  43.9 0.787771 0.723408 0.529986 hargrave 2019-09-14 19:57:34 
AF 500 293.0  39.4 293.0  39.4 1.16E-03 000.5 290.3  46.8 0.699016 0.639847 0.399712 hargrave 2019-09-14 19:58:53 
AF 550 291.7  37.4 291.7  37.4 9.24E-04 000.5 289.9  44.5 0.566201 0.508786 0.325074 hargrave 2019-09-14 20:00:12 
AF 600 289.2  36.9 289.2  36.9 7.20E-04 000.5 287.5  43.5 0.407921 0.406108 0.259043 hargrave 2019-09-14 20:01:31 
AF 650 287.5  37.4 287.5  37.4 6.07E-04 000.5 285.6  43.5 0.354300 0.378138 0.208698 hargrave 2019-09-14 20:02:50 
AF 700 292.5  34.6 292.5  34.6 4.53E-04 000.5 292.0  42.1 0.237733 0.250223 0.156963 hargrave 2019-09-14 20:04:09 
AF 750 285.3  36.5 285.3  36.5 3.95E-04 000.5 283.7  42.0 0.239266 0.291497 0.138314 hargrave 2019-09-14 20:05:28 
AF 800 291.6  39.1 291.6  39.1 3.57E-04 000.6 289.1  46.1 0.239485 0.262112 0.124727 hargrave 2019-09-14 20:06:47 
AF 850 287.8  37.7 287.8  37.7 3.06E-04 000.5 285.7  43.8 0.209666 0.202606 0.090775 hargrave 2019-09-14 20:08:07 
AF 900 288.2  34.8 288.2  34.8 1.90E-04 000.7 287.4  41.2 0.192855 0.186496 0.066655 hargrave 2019-09-14 20:09:27 
AF 950 281.6  29.2 281.6  29.2 1.96E-04 000.6 282.9  34.1 0.168054 0.162691 0.070407 hargrave 2019-09-14 20:10:47 
AF1000 274.1  40.5 274.1  40.5 1.57E-04 000.8 270.7  42.7 0.165734 0.153129 0.043208 hargrave 2019-09-14 20:12:07 
AF1050 264.2  41.0 264.2  41.0 1.40E-04 000.7 261.1  40.4 0.107400 0.138449 0.031791 hargrave 2019-09-14 20:13:26 
AF1100 275.1  50.3 275.1  50.3 1.32E-04 000.8 265.9  52.0 0.089669 0.172896 0.030735 hargrave 2019-09-14 20:14:46 
AF1150 277.5  39.1 277.5  39.1 1.28E-04 000.7 274.7  42.3 0.124722 0.129581 0.039699 hargrave 2019-09-14 20:16:06 
AF1200 271.7  40.7 271.7  40.7 1.02E-04 000.9 268.3  42.2 0.100837 0.128002 0.041253 hargrave 2019-09-14 20:17:27 
AF1250 270.9  42.8 270.9  42.8 1.21E-04 000.9 266.5  44.0 0.154098 0.133206 0.030640 hargrave 2019-09-14 20:18:47 
AF1300 270.7  39.9 270.7  39.9 9.40E-05 000.9 267.7  41.2 0.122199 0.105575 0.017672 hargrave 2019-09-14 20:20:09 
