BD1- 4a sun compass orientation
      0  42.3  52.0   0.0   0.0   1.0
NRM    294.5  49.5 294.5  49.5 1.70E-02 000.5 222.3  72.8 10.22569 11.57122 2.630058 hargrave 2019-09-14 13:41:31 
AF  10 294.4  49.4 294.4  49.4 1.69E-02 000.5 222.7  72.8 10.38515 11.34303 2.812724 hargrave 2019-09-14 13:42:51 
AF  20 294.2  49.1 294.2  49.1 1.67E-02 000.5 223.8  72.9 10.35311 11.15908 2.845499 hargrave 2019-09-14 13:44:11 
AF  30 293.9  48.8 293.9  48.8 1.64E-02 000.5 225.1  72.9 10.15681 11.01605 2.832710 hargrave 2019-09-14 13:45:30 
AF  40 293.8  48.3 293.8  48.3 1.60E-02 000.5 226.6  73.1 9.941940 10.69685 2.745903 hargrave 2019-09-14 13:46:50 
AF  50 293.7  47.9 293.7  47.9 1.57E-02 000.5 227.8  73.2 9.719866 10.46102 2.689449 hargrave 2019-09-14 13:48:10 
AF  60 293.6  47.5 293.6  47.5 1.53E-02 000.5 229.2  73.4 9.474201 10.17025 2.630651 hargrave 2019-09-14 13:49:30 
AF  70 293.6  47.1 293.6  47.1 1.49E-02 000.5 230.4  73.6 9.295940 9.948594 2.596244 hargrave 2019-09-14 13:50:50 
AF  80 293.6  46.7 293.6  46.7 1.45E-02 000.5 231.8  73.8 8.999130 9.591339 2.530398 hargrave 2019-09-14 13:52:10 
AF  90 293.7  46.3 293.7  46.3 1.41E-02 000.5 233.1  74.0 8.831396 9.384725 2.418644 hargrave 2019-09-14 13:53:29 
AF 100 293.7  45.9 293.7  45.9 1.37E-02 000.5 234.3  74.1 8.467046 8.980971 2.387592 hargrave 2019-09-14 13:54:49 
AF 120 293.8  45.2 293.8  45.2 1.29E-02 000.5 236.5  74.5 8.085503 8.512850 2.177941 hargrave 2019-09-14 13:56:58 
AF 140 293.9  44.6 293.9  44.6 1.20E-02 000.5 238.6  74.7 7.567547 7.972804 2.081474 hargrave 2019-09-14 13:58:18 
AF 160 293.7  44.0 293.7  44.0 1.11E-02 000.5 241.0  74.8 7.022787 7.390895 2.011968 hargrave 2019-09-14 13:59:38 
AF 180 293.9  43.4 293.9  43.4 1.04E-02 000.5 242.9  75.1 6.600568 6.891134 1.902675 hargrave 2019-09-14 14:00:57 
AF 200 293.9  42.9 293.9  42.9 9.72E-03 000.5 244.9  75.2 6.167982 6.400155 1.705828 hargrave 2019-09-14 14:02:17 
AF 250 293.9  42.1 293.9  42.1 8.45E-03 000.5 248.1  75.4 5.391021 5.559384 1.487493 hargrave 2019-09-14 14:04:26 
AF 300 294.1  41.5 294.1  41.5 7.39E-03 000.5 250.1  75.6 4.734136 4.885795 1.373602 hargrave 2019-09-14 14:05:45 
AF 350 294.1  41.5 294.1  41.5 6.43E-03 000.5 250.3  75.6 4.090622 4.240984 1.186781 hargrave 2019-09-14 14:07:05 
AF 400 294.3  41.5 294.3  41.5 5.67E-03 000.5 250.0  75.8 3.604694 3.754067 0.995187 hargrave 2019-09-14 14:08:25 
AF 450 295.0  41.8 295.0  41.8 5.02E-03 000.5 248.4  76.2 3.219166 3.372599 0.854480 hargrave 2019-09-14 14:09:44 
AF 500 294.9  42.2 294.9  42.2 4.36E-03 000.5 246.9  76.1 2.800099 2.937586 0.770822 hargrave 2019-09-14 14:11:04 
AF 550 295.5  42.3 295.5  42.3 3.78E-03 000.5 246.0  76.5 2.421566 2.569314 0.638357 hargrave 2019-09-14 14:12:24 
AF 600 295.0  42.9 295.0  42.9 3.25E-03 000.5 244.0  76.0 2.038539 2.207506 0.552256 hargrave 2019-09-14 14:13:43 
AF 650 295.0  43.5 295.0  43.5 2.81E-03 000.5 241.6  75.8 1.757662 1.929290 0.488610 hargrave 2019-09-14 14:15:03 
AF 700 294.8  44.4 294.8  44.4 2.37E-03 000.5 238.6  75.4 1.480688 1.663626 0.430088 hargrave 2019-09-14 14:16:23 
AF 750 294.0  45.0 294.0  45.0 2.01E-03 000.5 237.1  74.6 1.233596 1.438080 0.374853 hargrave 2019-09-14 14:17:44 
AF 800 294.1  46.5 294.1  46.5 1.68E-03 000.6 231.6  74.1 1.064682 1.285445 0.318419 hargrave 2019-09-14 14:19:03 
AF 850 292.7  48.0 292.7  48.0 1.39E-03 000.6 228.6  72.6 0.890754 1.071307 0.280684 hargrave 2019-09-14 14:20:23 
AF 900 291.7  49.5 291.7  49.5 1.14E-03 000.6 225.4  71.3 0.728446 0.894319 0.243778 hargrave 2019-09-14 14:21:44 
AF 950 291.7  52.8 291.7  52.8 9.36E-04 000.6 217.4  69.5 0.572311 0.789958 0.220827 hargrave 2019-09-14 14:23:04 
AF1000 286.5  56.5 286.5  56.5 7.77E-04 000.6 214.3  64.8 0.465329 0.680533 0.212997 hargrave 2019-09-14 14:24:24 
AF1050 283.4  60.2 283.4  60.2 6.09E-04 000.6 210.0  61.3 0.348399 0.563154 0.199977 hargrave 2019-09-14 14:25:44 
AF1100 277.4  66.7 277.4  66.7 4.86E-04 000.7 203.4  55.2 0.260003 0.467780 0.179260 hargrave 2019-09-14 14:27:04 
AF1150 266.2  70.3 266.2  70.3 4.04E-04 000.6 202.1  49.8 0.193795 0.368858 0.177437 hargrave 2019-09-14 14:28:25 
AF1200 243.2  76.1 243.2  76.1 3.23E-04 000.7 197.5  41.7 0.144552 0.342732 0.165822 hargrave 2019-09-14 14:29:47 
AF1250 193.2  73.5 193.2  73.5 3.11E-04 000.6 196.5  28.8 0.073095 0.276549 0.183109 hargrave 2019-09-14 14:31:08 
AF1300 154.3  64.2 154.3  64.2 2.55E-04 000.7 189.7  13.7 0.061295 0.255551 0.178265 hargrave 2019-09-14 14:32:31 
