BD1- 10a mag compass orientation (IGRF corrected)
      0 281.2  55.0   0.0   0.0   1.0
NRM    289.6  47.9 289.6  47.9 1.24E-02 000.4 135.1  20.3 3.119832 7.707319 5.640382 hargrave 2019-09-14 20:21:44 
AF  10 289.8  47.5 289.8  47.5 1.23E-02 000.4 134.7  19.9 3.454719 7.781865 5.609688 hargrave 2019-09-14 20:23:03 
AF  20 289.9  46.7 289.9  46.7 1.20E-02 000.4 134.0  19.4 3.418008 7.537869 5.527358 hargrave 2019-09-14 20:24:22 
AF  30 290.0  46.0 290.0  46.0 1.18E-02 000.4 133.5  19.0 3.132203 7.355058 5.428902 hargrave 2019-09-14 20:25:42 
AF  40 290.2  45.6 290.2  45.6 1.14E-02 000.4 133.1  18.7 3.029893 6.909480 5.254708 hargrave 2019-09-14 20:27:49 
AF  50 290.2  45.3 290.2  45.3 1.11E-02 000.4 132.9  18.5 3.052529 6.814930 5.090759 hargrave 2019-09-14 20:29:08 
AF  60 290.2  45.3 290.2  45.3 1.05E-02 000.4 132.9  18.5 2.953979 6.765284 4.884640 hargrave 2019-09-14 20:30:27 
AF  70 290.2  45.1 290.2  45.1 9.95E-03 000.4 132.7  18.4 2.689015 6.049232 4.560672 hargrave 2019-09-14 20:31:46 
AF  80 290.2  45.1 290.2  45.1 9.26E-03 000.4 132.7  18.4 2.584609 5.781618 4.231648 hargrave 2019-09-14 20:33:04 
AF  90 290.1  45.1 290.1  45.1 8.56E-03 000.4 132.6  18.5 2.334333 5.291436 3.908715 hargrave 2019-09-14 20:34:25 
AF 100 290.0  44.9 290.0  44.9 7.85E-03 000.4 132.5  18.5 2.237907 4.737862 3.611377 hargrave 2019-09-14 20:35:45 
AF 120 290.0  45.1 290.0  45.1 6.59E-03 000.4 132.6  18.5 1.957131 4.107262 3.005717 hargrave 2019-09-14 20:37:52 
AF 140 290.2  45.0 290.2  45.0 5.42E-03 000.4 132.6  18.4 1.548060 3.245117 2.467639 hargrave 2019-09-14 20:39:11 
AF 160 290.1  44.8 290.1  44.8 4.45E-03 000.4 132.4  18.3 1.303603 2.560848 2.016313 hargrave 2019-09-14 20:40:30 
AF 180 290.2  44.9 290.2  44.9 3.68E-03 000.4 132.5  18.3 1.159897 2.234819 1.659424 hargrave 2019-09-14 20:41:49 
AF 200 289.7  45.2 289.7  45.2 3.02E-03 000.4 132.6  18.8 0.911040 1.713428 1.359235 hargrave 2019-09-14 20:43:08 
AF 250 289.0  45.9 289.0  45.9 1.99E-03 000.4 133.0  19.5 0.665341 1.125239 0.865454 hargrave 2019-09-14 20:44:27 
AF 300 290.0  45.7 290.0  45.7 1.30E-03 000.4 133.1  18.8 0.449928 0.687125 0.586428 hargrave 2019-09-14 20:45:46 
AF 350 287.3  45.0 287.3  45.0 8.87E-04 000.4 131.5  20.1 0.313494 0.416386 0.382090 hargrave 2019-09-14 20:47:05 
AF 400 285.6  44.9 285.6  44.9 6.34E-04 000.4 130.8  21.1 0.264280 0.323961 0.273981 hargrave 2019-09-14 20:48:24 
AF 450 289.6  42.9 289.6  42.9 4.78E-04 000.4 130.4  17.6 0.189214 0.213322 0.205603 hargrave 2019-09-14 20:49:43 
AF 500 284.7  43.2 284.7  43.2 3.78E-04 000.4 128.9  20.9 0.163486 0.161239 0.165834 hargrave 2019-09-14 20:51:02 
AF 550 283.3  42.9 283.3  42.9 3.02E-04 000.4 128.1  21.6 0.126352 0.102928 0.130094 hargrave 2019-09-14 20:52:21 
AF 600 284.2  41.1 284.2  41.1 2.37E-04 000.4 126.7  20.2 0.107674 0.082232 0.102592 hargrave 2019-09-14 20:53:40 
AF 650 277.0  51.2 277.0  51.2 1.87E-04 000.5 134.4  29.0 0.105917 0.087628 0.075372 hargrave 2019-09-14 20:54:59 
AF 700 294.7  42.2 294.7  42.2 1.86E-04 000.3 132.1  14.1 0.097498 0.078353 0.073207 hargrave 2019-09-14 20:56:18 
AF 750 270.2  46.7 270.2  46.7 1.66E-04 000.4 127.7  31.6 0.082431 0.048827 0.069183 hargrave 2019-09-14 20:57:37 
AF 800 261.0  37.6 261.0  37.6 1.14E-04 000.6 114.7  35.0 0.106331 0.040348 0.041404 hargrave 2019-09-14 20:58:56 
AF 850 294.2  54.8 294.2  54.8 1.16E-04 000.4 142.9  21.2 0.053325 0.052826 0.043891 hargrave 2019-09-14 21:00:16 
AF 900 256.9  68.2 256.9  68.2 8.48E-05 000.4 153.3  41.1 0.077868 0.042140 0.025108 hargrave 2019-09-14 21:01:35 
AF 950 251.5  64.1 251.5  64.1 7.39E-05 000.5 148.3  43.9 0.072331 0.040040 0.021385 hargrave 2019-09-14 21:02:54 
AF1000 270.0  61.8 270.0  61.8 7.44E-05 000.4 145.2  35.5 0.055581 0.047358 0.019342 hargrave 2019-09-14 21:04:14 
AF1050 269.3  39.7 269.3  39.7 7.57E-05 000.6 119.8  29.8 0.077397 0.069948 0.040353 hargrave 2019-09-14 21:05:34 
AF1100 294.1  51.8 294.1  51.8 8.31E-05 000.4 140.2  19.7 0.033996 0.086812 0.025324 hargrave 2019-09-14 21:06:54 
AF1150 247.3  52.8 247.3  52.8 7.44E-05 000.7 132.4  47.1 0.093768 0.044813 0.033427 hargrave 2019-09-14 21:08:14 
AF1200 250.3  68.1 250.3  68.1 8.55E-05 000.4 153.9  43.6 0.041509 0.043682 0.032842 hargrave 2019-09-14 21:09:34 
AF1250 261.9  54.6 261.9  54.6 3.58E-05 001.0 135.6  38.6 0.076877 0.018515 0.015775 hargrave 2019-09-14 21:10:55 
AF1300 239.6  39.4 239.6  39.4 8.75E-05 000.6 111.3  51.7 0.080571 0.058066 0.025066 hargrave 2019-09-14 21:12:17 
