BD1- 3a sun compass orientation
      0  58.7  49.0   0.0   0.0   1.0
NRM    296.1  43.9 296.1  43.9 1.68E-02 000.5 252.0  65.9 11.40447 10.75684 2.792095 hargrave 2019-09-14 12:48:49 
AF  10 296.0  44.2 296.0  44.2 1.65E-02 000.5 251.4  65.9 11.16076 10.62537 2.991190 hargrave 2019-09-14 12:50:09 
AF  20 296.0  44.3 296.0  44.3 1.62E-02 000.5 251.2  65.9 10.93595 10.42763 2.918544 hargrave 2019-09-14 12:51:29 
AF  30 296.0  44.2 296.0  44.2 1.60E-02 000.5 251.5  65.9 10.74736 10.22210 2.951792 hargrave 2019-09-14 12:52:48 
AF  40 296.1  43.9 296.1  43.9 1.57E-02 000.5 252.0  65.9 10.40942 9.975652 2.912263 hargrave 2019-09-14 12:54:08 
AF  50 296.1  43.8 296.1  43.8 1.55E-02 000.5 252.5  65.9 10.30334 9.836225 2.854939 hargrave 2019-09-14 12:55:28 
AF  60 296.1  43.6 296.1  43.6 1.52E-02 000.5 252.9  65.9 10.24901 9.732095 2.797927 hargrave 2019-09-14 12:56:48 
AF  70 296.1  43.4 296.1  43.4 1.49E-02 000.5 253.4  65.8 10.04889 9.474594 2.765671 hargrave 2019-09-14 12:58:07 
AF  80 296.1  43.2 296.1  43.2 1.45E-02 000.5 253.8  65.8 9.873887 9.272381 2.720002 hargrave 2019-09-14 12:59:27 
AF  90 296.1  43.0 296.1  43.0 1.41E-02 000.5 254.2  65.8 9.435373 8.922514 2.699743 hargrave 2019-09-14 13:00:47 
AF 100 296.0  42.9 296.0  42.9 1.36E-02 000.5 254.6  65.8 9.006860 8.583093 2.577931 hargrave 2019-09-14 13:02:07 
AF 120 295.9  42.6 295.9  42.6 1.28E-02 000.5 255.3  65.7 8.403829 8.010097 2.370300 hargrave 2019-09-14 13:03:27 
AF 140 295.8  42.3 295.8  42.3 1.18E-02 000.5 255.8  65.6 7.846364 7.428909 2.257032 hargrave 2019-09-14 13:04:46 
AF 160 295.4  42.0 295.4  42.0 1.08E-02 000.5 256.5  65.2 7.192299 6.795446 2.056599 hargrave 2019-09-14 13:06:06 
AF 180 295.5  41.9 295.5  41.9 1.00E-02 000.5 256.9  65.2 6.629193 6.270034 1.892163 hargrave 2019-09-14 13:07:26 
AF 200 295.1  41.6 295.1  41.6 9.18E-03 000.5 257.5  64.9 6.194562 5.718429 1.733342 hargrave 2019-09-14 13:09:36 
AF 250 294.6  41.0 294.6  41.0 7.59E-03 000.5 258.7  64.4 5.058440 4.715890 1.495497 hargrave 2019-09-14 13:10:56 
AF 300 294.7  40.6 294.7  40.6 6.37E-03 000.5 259.6  64.5 4.193363 3.958530 1.233358 hargrave 2019-09-14 13:12:17 
AF 350 294.7  40.1 294.7  40.1 5.36E-03 000.5 260.7  64.3 3.557325 3.337685 1.010793 hargrave 2019-09-14 13:13:37 
AF 400 295.3  40.1 295.3  40.1 4.57E-03 000.5 261.0  64.7 3.065058 2.854941 0.872876 hargrave 2019-09-14 13:14:57 
AF 450 296.5  40.2 296.5  40.2 4.03E-03 000.5 261.1  65.7 2.672568 2.504791 0.749194 hargrave 2019-09-14 13:16:17 
AF 500 296.4  40.2 296.4  40.2 3.44E-03 000.5 261.1  65.6 2.273943 2.156909 0.635184 hargrave 2019-09-14 13:18:26 
AF 550 296.4  40.5 296.4  40.5 2.90E-03 000.5 260.4  65.7 1.879996 1.811729 0.530036 hargrave 2019-09-14 13:19:45 
AF 600 295.7  40.1 295.7  40.1 2.44E-03 000.5 261.0  65.1 1.548977 1.511887 0.458165 hargrave 2019-09-14 13:21:05 
AF 650 295.8  39.8 295.8  39.8 2.04E-03 000.5 261.8  65.1 1.280512 1.251594 0.386564 hargrave 2019-09-14 13:22:25 
AF 700 294.8  40.0 294.8  40.0 1.69E-03 000.5 261.0  64.3 1.047910 1.053278 0.331287 hargrave 2019-09-14 13:23:45 
AF 750 295.0  39.0 295.0  39.0 1.39E-03 000.5 263.3  64.3 0.884337 0.833541 0.287730 hargrave 2019-09-14 13:25:05 
AF 800 292.0  40.4 292.0  40.4 1.16E-03 000.5 258.9  62.4 0.735515 0.747199 0.254065 hargrave 2019-09-14 13:26:24 
AF 850 289.5  38.8 289.5  38.8 9.37E-04 000.5 261.2  60.1 0.573403 0.551824 0.222168 hargrave 2019-09-14 13:27:44 
AF 900 287.4  38.6 287.4  38.6 7.64E-04 000.5 260.5  58.5 0.403138 0.498280 0.190330 hargrave 2019-09-14 13:29:05 
AF 950 287.1  39.4 287.1  39.4 6.21E-04 000.5 259.0  58.5 0.338113 0.404366 0.166566 hargrave 2019-09-14 13:30:25 
AF1000 282.5  37.4 282.5  37.4 4.96E-04 000.5 260.3  54.4 0.230490 0.287990 0.149954 hargrave 2019-09-14 13:31:45 
AF1050 278.3  36.8 278.3  36.8 3.96E-04 000.4 259.3  51.1 0.181056 0.212920 0.137924 hargrave 2019-09-14 13:33:06 
AF1100 274.0  36.2 274.0  36.2 3.13E-04 000.4 258.1  47.7 0.104526 0.151817 0.127047 hargrave 2019-09-14 13:34:27 
AF1150 266.9  33.7 266.9  33.7 2.57E-04 000.4 257.6  41.4 0.057486 0.127769 0.116873 hargrave 2019-09-14 13:35:47 
AF1200 262.4  21.5 262.4  21.5 1.75E-04 000.5 268.0  31.5 0.073135 0.083006 0.088722 hargrave 2019-09-14 13:37:09 
AF1250 251.7  20.3 251.7  20.3 1.35E-04 000.5 262.3  22.7 0.079584 0.063642 0.083893 hargrave 2019-09-14 13:38:31 
AF1300 246.0  07.0 246.0  07.0 1.21E-04 000.5 269.5  10.1 0.061909 0.017769 0.089523 hargrave 2019-09-14 13:39:53 
