BD1- 7a mag compass orientation (IGRF corrected)
      0 353.2  75.0   0.0   0.0   1.0
NRM    292.2  48.4 292.2  48.4 1.09E-02 000.5 150.7  48.9 6.918634 7.868902 2.412197 hargrave 2019-09-14 17:43:21 
AF  10 292.2  48.3 292.2  48.3 1.09E-02 000.6 150.6  49.0 6.866588 8.499225 2.544399 hargrave 2019-09-14 17:44:41 
AF  20 292.1  48.2 292.1  48.2 1.08E-02 000.6 150.5  49.2 6.916730 8.241593 2.489508 hargrave 2019-09-14 17:46:49 
AF  30 292.0  48.0 292.0  48.0 1.08E-02 000.6 150.4  49.3 6.878686 8.209687 2.483799 hargrave 2019-09-14 17:48:10 
AF  40 291.9  47.8 291.9  47.8 1.07E-02 000.6 150.2  49.5 6.828759 8.159527 2.478770 hargrave 2019-09-14 17:49:29 
AF  50 291.8  47.7 291.8  47.7 1.07E-02 000.6 150.2  49.7 6.836738 8.161676 2.479360 hargrave 2019-09-14 17:50:49 
AF  60 291.6  47.5 291.6  47.5 1.06E-02 000.6 150.1  49.9 6.775173 8.253717 2.427041 hargrave 2019-09-14 17:52:08 
AF  70 291.4  47.3 291.4  47.3 1.05E-02 000.6 150.0  50.1 6.730657 8.085465 2.391113 hargrave 2019-09-14 17:53:28 
AF  80 291.2  47.1 291.2  47.1 1.04E-02 000.6 150.0  50.4 6.651091 8.121429 2.360133 hargrave 2019-09-14 17:54:47 
AF  90 291.0  46.8 291.0  46.8 1.02E-02 000.6 149.8  50.7 6.601449 7.883135 2.313256 hargrave 2019-09-14 17:56:07 
AF 100 290.7  46.6 290.7  46.6 1.01E-02 000.6 149.8  51.0 6.542913 7.813906 2.283917 hargrave 2019-09-14 17:57:27 
AF 120 290.2  46.2 290.2  46.2 9.76E-03 000.6 149.7  51.5 6.413029 7.571809 2.214921 hargrave 2019-09-14 17:58:46 
AF 140 289.7  45.7 289.7  45.7 9.37E-03 000.6 149.5  52.1 6.255821 7.172500 2.096714 hargrave 2019-09-14 18:00:07 
AF 160 289.2  45.2 289.2  45.2 8.94E-03 000.6 149.3  52.7 5.990401 7.015283 1.971823 hargrave 2019-09-14 18:01:26 
AF 180 288.8  44.7 288.8  44.7 8.53E-03 000.6 149.1  53.3 5.746676 6.850391 1.829886 hargrave 2019-09-14 18:02:46 
AF 200 288.5  44.3 288.5  44.3 8.10E-03 000.6 148.9  53.7 5.491902 6.505991 1.738083 hargrave 2019-09-14 18:04:05 
AF 250 287.7  43.4 287.7  43.4 7.22E-03 000.6 148.5  54.7 4.982031 5.775469 1.497374 hargrave 2019-09-14 18:05:25 
AF 300 287.2  42.8 287.2  42.8 6.38E-03 000.6 148.3  55.4 4.492730 5.027879 1.300263 hargrave 2019-09-14 18:07:33 
AF 350 286.6  42.5 286.6  42.5 5.67E-03 000.6 148.5  56.0 4.037641 4.482006 1.129622 hargrave 2019-09-14 18:08:53 
AF 400 286.1  42.3 286.1  42.3 5.03E-03 000.6 148.7  56.3 3.585154 4.021399 1.008652 hargrave 2019-09-14 18:10:13 
AF 450 285.9  42.5 285.9  42.5 4.44E-03 000.6 149.3  56.3 3.175855 3.573619 0.879254 hargrave 2019-09-14 18:11:32 
AF 500 285.9  43.0 285.9  43.0 3.87E-03 000.6 149.7  56.0 2.793133 3.063077 0.760670 hargrave 2019-09-14 18:12:52 
AF 550 285.5  43.1 285.5  43.1 3.37E-03 000.6 150.3  56.0 2.441962 2.710516 0.671763 hargrave 2019-09-14 18:14:12 
AF 600 285.3  43.3 285.3  43.3 2.94E-03 000.6 150.7  56.0 2.161529 2.337498 0.595905 hargrave 2019-09-14 18:15:31 
AF 650 284.6  43.5 284.6  43.5 2.53E-03 000.6 151.6  56.2 1.861678 2.062384 0.506109 hargrave 2019-09-14 18:16:50 
AF 700 284.6  44.0 284.6  44.0 2.16E-03 000.6 152.2  55.8 1.621511 1.756734 0.443304 hargrave 2019-09-14 18:18:09 
AF 750 284.3  44.5 284.3  44.5 1.84E-03 000.6 153.1  55.5 1.391937 1.484450 0.372416 hargrave 2019-09-14 18:19:29 
AF 800 284.1  44.8 284.1  44.8 1.57E-03 000.6 153.5  55.4 1.207592 1.284580 0.320611 hargrave 2019-09-14 18:20:48 
AF 850 283.4  45.8 283.4  45.8 1.34E-03 000.6 155.3  54.8 1.035219 1.049743 0.280849 hargrave 2019-09-14 18:22:07 
AF 900 283.8  46.4 283.8  46.4 1.10E-03 000.7 155.4  54.2 0.892145 0.917784 0.233026 hargrave 2019-09-14 18:23:27 
AF 950 283.0  47.1 283.0  47.1 9.28E-04 000.6 157.0  53.9 0.703694 0.740359 0.199162 hargrave 2019-09-14 18:24:46 
AF1000 283.7  48.7 283.7  48.7 7.77E-04 000.6 157.8  52.3 0.580371 0.589353 0.171100 hargrave 2019-09-14 18:26:05 
AF1050 283.9  49.5 283.9  49.5 6.50E-04 000.7 158.3  51.6 0.534354 0.537160 0.148815 hargrave 2019-09-14 18:27:26 
AF1100 283.6  51.5 283.6  51.5 5.49E-04 000.6 160.3  50.0 0.421242 0.458706 0.126408 hargrave 2019-09-14 18:28:46 
AF1150 281.8  53.7 281.8  53.7 4.54E-04 000.6 163.4  48.7 0.345172 0.374369 0.109131 hargrave 2019-09-14 18:30:06 
AF1200 286.3  57.4 286.3  57.4 3.91E-04 000.6 162.9  44.1 0.291125 0.317140 0.101454 hargrave 2019-09-14 18:31:27 
AF1250 292.6  59.3 292.6  59.3 3.25E-04 000.6 160.7  40.7 0.270628 0.249316 0.092561 hargrave 2019-09-14 18:32:48 
AF1300 288.6  62.3 288.6  62.3 2.83E-04 000.6 165.0  39.4 0.232732 0.221557 0.084966 hargrave 2019-09-14 18:34:09 
