BD1- 14a mag compass orientation (IGRF corrected)
      0 318.2  60.0   0.0   0.0   1.0
NRM    291.1  41.1 291.1  41.1 1.62E-02 000.5 120.7  38.7 8.202231 10.28928 6.163685 hargrave 2019-09-14 23:55:51 
AF  10 290.5  41.3 290.5  41.3 1.61E-02 000.5 120.9  39.2 8.470207 10.23990 6.081044 hargrave 2019-09-14 23:57:10 
AF  20 289.6  41.5 289.6  41.5 1.59E-02 000.5 121.0  40.0 8.448682 10.34502 5.956213 hargrave 2019-09-14 23:58:29 
AF  30 289.2  41.4 289.2  41.4 1.54E-02 000.5 120.7  40.2 8.206147 10.10443 5.772966 hargrave 2019-09-14 23:59:48 
AF  40 289.2  41.2 289.2  41.2 1.46E-02 000.5 120.6  40.2 7.795472 9.567869 5.452672 hargrave 2019-09-15 00:01:07 
AF  50 289.6  41.0 289.6  41.0 1.37E-02 000.5 120.4  39.9 7.222701 8.865443 5.117959 hargrave 2019-09-15 00:02:26 
AF  60 289.5  40.8 289.5  40.8 1.25E-02 000.5 120.1  39.9 6.661608 8.243377 4.666272 hargrave 2019-09-15 00:03:45 
AF  70 290.0  40.8 290.0  40.8 1.13E-02 000.5 120.1  39.5 6.007946 7.391983 4.234733 hargrave 2019-09-15 00:05:04 
AF  80 290.2  40.7 290.2  40.7 1.01E-02 000.5 120.0  39.4 5.390351 6.507266 3.805912 hargrave 2019-09-15 00:06:24 
AF  90 290.5  40.6 290.5  40.6 8.94E-03 000.5 119.9  39.1 4.741473 5.783586 3.375910 hargrave 2019-09-15 00:07:43 
AF 100 290.9  40.5 290.9  40.5 7.91E-03 000.5 119.8  38.8 4.199865 5.149283 2.979636 hargrave 2019-09-15 00:09:04 
AF 120 291.5  40.3 291.5  40.3 6.38E-03 000.5 119.7  38.3 3.386100 4.108153 2.420444 hargrave 2019-09-15 00:10:23 
AF 140 292.2  40.5 292.2  40.5 5.09E-03 000.5 120.1  37.8 2.775223 3.266004 1.956456 hargrave 2019-09-15 00:11:43 
AF 160 292.8  40.6 292.8  40.6 4.13E-03 000.5 120.3  37.4 2.188886 2.598677 1.578446 hargrave 2019-09-15 00:13:02 
AF 180 293.1  40.8 293.1  40.8 3.39E-03 000.5 120.6  37.2 1.790228 2.127466 1.285962 hargrave 2019-09-15 00:14:22 
AF 200 293.5  40.0 293.5  40.0 2.87E-03 000.5 119.6  36.8 1.530252 1.787794 1.087027 hargrave 2019-09-15 00:15:42 
AF 250 295.3  40.4 295.3  40.4 1.98E-03 000.5 120.5  35.5 1.078318 1.304625 0.788098 hargrave 2019-09-15 00:17:01 
AF 300 294.1  40.2 294.1  40.2 1.40E-03 000.5 120.0  36.4 0.833155 0.892299 0.546067 hargrave 2019-09-15 00:18:21 
AF 350 292.8  38.3 292.8  38.3 1.11E-03 000.5 117.5  37.0 0.663622 0.685611 0.405563 hargrave 2019-09-15 00:19:40 
AF 400 296.3  40.3 296.3  40.3 8.93E-04 000.5 120.6  34.7 0.504965 0.540678 0.348594 hargrave 2019-09-15 00:21:00 
AF 450 297.4  36.9 297.4  36.9 7.60E-04 000.5 116.8  33.1 0.413334 0.386633 0.287565 hargrave 2019-09-15 00:23:10 
AF 500 297.2  36.8 297.2  36.8 6.49E-04 000.5 116.7  33.2 0.388464 0.377380 0.251455 hargrave 2019-09-15 00:24:30 
AF 550 296.9  38.1 296.9  38.1 5.90E-04 000.5 118.0  33.8 0.358681 0.320709 0.218585 hargrave 2019-09-15 00:25:50 
AF 600 291.2  43.5 291.2  43.5 4.62E-04 000.5 123.7  39.0 0.283711 0.254924 0.165906 hargrave 2019-09-15 00:27:10 
AF 650 293.5  38.5 293.5  38.5 4.53E-04 000.5 117.9  36.5 0.272826 0.209238 0.146250 hargrave 2019-09-15 00:28:30 
AF 700 297.6  41.9 297.6  41.9 3.89E-04 000.5 122.7  34.1 0.227798 0.241999 0.141776 hargrave 2019-09-15 00:29:50 
AF 750 288.5  29.2 288.5  29.2 3.47E-04 000.5 105.3  38.2 0.194524 0.171975 0.121439 hargrave 2019-09-15 00:31:09 
AF 800 291.4  36.0 291.4  36.0 2.87E-04 000.5 114.3  37.6 0.185454 0.151426 0.082679 hargrave 2019-09-15 00:32:29 
AF 850 295.6  36.9 295.6  36.9 2.68E-04 000.5 116.3  34.5 0.174682 0.150740 0.115964 hargrave 2019-09-15 00:33:50 
AF 900 299.9  49.6 299.9  49.6 2.57E-04 000.4 132.1  33.8 0.139197 0.135787 0.088698 hargrave 2019-09-15 00:35:10 
AF 950 296.4  35.4 296.4  35.4 2.65E-04 000.5 114.8  33.5 0.161878 0.102899 0.092983 hargrave 2019-09-15 00:36:31 
AF1000 307.9  44.6 307.9  44.6 2.01E-04 000.4 127.9  27.5 0.131786 0.087281 0.079596 hargrave 2019-09-15 00:37:52 
AF1050 301.7  53.4 301.7  53.4 1.81E-04 000.6 136.9  33.2 0.145288 0.120252 0.092675 hargrave 2019-09-15 00:39:13 
AF1100 301.8  38.8 301.8  38.8 1.62E-04 000.6 120.1  30.2 0.143525 0.119121 0.056240 hargrave 2019-09-15 00:40:33 
AF1150 299.2  31.4 299.2  31.4 1.83E-04 000.5 111.2  30.1 0.142507 0.085107 0.075294 hargrave 2019-09-15 00:41:54 
AF1200 299.3  37.6 299.3  37.6 1.51E-04 000.6 118.1  31.8 0.118658 0.073886 0.070393 hargrave 2019-09-15 00:43:16 
AF1250 293.8  33.6 293.8  33.6 1.62E-04 000.5 112.1  35.0 0.118470 0.058849 0.051447 hargrave 2019-09-15 00:44:38 
AF1300 295.9  23.7 295.9  23.7 1.14E-04 000.7 101.7  30.2 0.131746 0.064341 0.032670 hargrave 2019-09-15 00:46:00 
