BD1- 13a mag compass orientation (IGRF corrected)
      0 318.2  60.0   0.0   0.0   1.0
NRM    295.1  37.2 295.1  37.2 1.77E-02 000.5 116.6  35.0 9.475269 9.769968 5.896092 hargrave 2019-09-14 23:01:23 
AF  10 293.8  37.8 293.8  37.8 1.75E-02 000.5 117.1  36.1 9.352768 9.995044 5.707557 hargrave 2019-09-14 23:02:41 
AF  20 292.6  38.6 292.6  38.6 1.72E-02 000.5 117.7  37.2 9.164201 10.13870 5.564658 hargrave 2019-09-14 23:04:49 
AF  30 292.0  38.8 292.0  38.8 1.69E-02 000.5 117.9  37.7 9.062295 10.08602 5.384214 hargrave 2019-09-14 23:06:09 
AF  40 291.7  38.9 291.7  38.9 1.63E-02 000.5 118.1  37.9 8.770677 9.815193 5.180950 hargrave 2019-09-14 23:08:15 
AF  50 291.8  39.0 291.8  39.0 1.55E-02 000.5 118.1  37.9 8.388932 9.258426 4.954801 hargrave 2019-09-14 23:09:34 
AF  60 291.5  39.1 291.5  39.1 1.46E-02 000.5 118.2  38.1 7.796406 8.711168 4.648401 hargrave 2019-09-14 23:11:41 
AF  70 291.7  39.0 291.7  39.0 1.36E-02 000.5 118.2  37.9 7.428767 8.131309 4.324631 hargrave 2019-09-14 23:12:59 
AF  80 291.9  38.9 291.9  38.9 1.25E-02 000.5 118.0  37.8 6.734897 7.422903 3.972685 hargrave 2019-09-14 23:14:18 
AF  90 291.9  39.0 291.9  39.0 1.14E-02 000.5 118.1  37.8 6.189619 6.695259 3.629550 hargrave 2019-09-14 23:15:37 
AF 100 292.0  39.0 292.0  39.0 1.04E-02 000.5 118.2  37.7 5.633451 6.103392 3.320559 hargrave 2019-09-14 23:16:55 
AF 120 292.3  39.0 292.3  39.0 8.77E-03 000.5 118.2  37.5 4.761108 5.234219 2.811787 hargrave 2019-09-14 23:18:15 
AF 140 292.6  39.1 292.6  39.1 7.36E-03 000.5 118.4  37.3 3.864225 4.200545 2.418133 hargrave 2019-09-14 23:20:22 
AF 160 293.2  39.3 293.2  39.3 6.29E-03 000.5 118.7  36.9 3.418208 3.643498 2.125382 hargrave 2019-09-14 23:21:41 
AF 180 293.5  39.5 293.5  39.5 5.37E-03 000.5 119.0  36.7 2.902922 3.106626 1.795892 hargrave 2019-09-14 23:23:00 
AF 200 293.2  39.2 293.2  39.2 4.65E-03 000.5 118.7  36.8 2.557231 2.638145 1.546579 hargrave 2019-09-14 23:24:19 
AF 250 293.5  39.2 293.5  39.2 3.47E-03 000.5 118.7  36.6 1.849697 1.931621 1.140119 hargrave 2019-09-14 23:25:37 
AF 300 294.9  39.1 294.9  39.1 2.68E-03 000.5 118.8  35.5 1.480537 1.514711 0.934660 hargrave 2019-09-14 23:26:56 
AF 350 294.3  37.4 294.3  37.4 2.13E-03 000.5 116.6  35.6 1.138135 1.157227 0.754602 hargrave 2019-09-14 23:28:15 
AF 400 294.3  37.0 294.3  37.0 1.79E-03 000.5 116.2  35.5 0.988301 0.936510 0.640605 hargrave 2019-09-14 23:29:34 
AF 450 295.0  37.2 295.0  37.2 1.55E-03 000.5 116.6  35.0 0.846447 0.817207 0.537541 hargrave 2019-09-14 23:30:54 
AF 500 295.1  36.5 295.1  36.5 1.31E-03 000.5 115.8  34.8 0.797923 0.721023 0.446136 hargrave 2019-09-14 23:32:12 
AF 550 294.0  38.2 294.0  38.2 1.16E-03 000.5 117.6  36.0 0.734089 0.669515 0.400076 hargrave 2019-09-14 23:33:31 
AF 600 295.2  40.5 295.2  40.5 1.04E-03 000.5 120.6  35.6 0.612990 0.583927 0.343655 hargrave 2019-09-14 23:34:50 
AF 650 292.8  38.4 292.8  38.4 9.28E-04 000.5 117.6  37.0 0.515752 0.490257 0.326306 hargrave 2019-09-14 23:36:11 
AF 700 293.1  34.5 293.1  34.5 7.75E-04 000.5 112.9  35.9 0.454676 0.373313 0.289173 hargrave 2019-09-14 23:37:31 
AF 750 294.1  36.2 294.1  36.2 6.71E-04 000.5 115.2  35.5 0.392930 0.334625 0.238834 hargrave 2019-09-14 23:38:52 
AF 800 293.5  36.9 293.5  36.9 6.46E-04 000.5 115.9  36.1 0.414202 0.362633 0.233137 hargrave 2019-09-14 23:40:11 
AF 850 293.7  38.5 293.7  38.5 5.95E-04 000.4 117.8  36.3 0.342032 0.265100 0.192110 hargrave 2019-09-14 23:41:32 
AF 900 292.7  34.9 292.7  34.9 5.88E-04 000.5 113.3  36.3 0.357394 0.275904 0.213108 hargrave 2019-09-14 23:42:51 
AF 950 302.3  35.0 302.3  35.0 4.63E-04 000.5 116.0  28.8 0.288015 0.216946 0.172031 hargrave 2019-09-14 23:44:10 
AF1000 297.3  34.1 297.3  34.1 4.69E-04 000.5 113.7  32.4 0.312801 0.213500 0.170467 hargrave 2019-09-14 23:45:29 
AF1050 294.2  40.5 294.2  40.5 3.97E-04 000.4 120.4  36.4 0.216998 0.169567 0.157144 hargrave 2019-09-14 23:46:49 
AF1100 290.0  37.6 290.0  37.6 4.18E-04 000.5 116.1  39.0 0.280301 0.242393 0.145663 hargrave 2019-09-14 23:48:09 
AF1150 291.6  39.1 291.6  39.1 3.85E-04 000.5 118.3  38.0 0.265821 0.208590 0.129221 hargrave 2019-09-14 23:49:29 
AF1200 293.2  43.4 293.2  43.4 3.35E-04 000.6 123.9  37.5 0.258151 0.182777 0.115555 hargrave 2019-09-14 23:50:49 
AF1250 294.9  27.2 294.9  27.2 3.02E-04 000.5 105.0  32.2 0.211720 0.137897 0.108114 hargrave 2019-09-14 23:52:10 
AF1300 289.4  43.1 289.4  43.1 3.16E-04 000.6 123.0  40.2 0.236542 0.179963 0.100867 hargrave 2019-09-14 23:53:32 
