BD1- 15a mag compass orientation (IGRF corrected)
      0 328.2  58.0   0.0   0.0   1.0
NRM    289.6  39.9 289.6  39.9 1.49E-02 000.5 115.8  48.2 8.198931 9.846686 3.540552 hargrave 2019-09-15 00:47:37 
AF  10 289.0  40.3 289.0  40.3 1.46E-02 000.5 116.4  48.7 8.074334 9.687469 3.456770 hargrave 2019-09-15 00:48:56 
AF  20 288.5  40.6 288.5  40.6 1.41E-02 000.5 116.8  49.1 7.929549 9.425579 3.329982 hargrave 2019-09-15 00:50:16 
AF  30 288.4  40.6 288.4  40.6 1.36E-02 000.5 116.8  49.2 7.626562 9.054603 3.226706 hargrave 2019-09-15 00:52:26 
AF  40 288.5  40.5 288.5  40.5 1.27E-02 000.5 116.7  49.1 7.239034 8.776123 3.002198 hargrave 2019-09-15 00:53:45 
AF  50 288.9  40.5 288.9  40.5 1.18E-02 000.5 116.7  48.9 6.633462 7.888550 2.830519 hargrave 2019-09-15 00:55:54 
AF  60 288.9  40.4 288.9  40.4 1.07E-02 000.5 116.6  48.8 6.103346 7.278780 2.564180 hargrave 2019-09-15 00:57:13 
AF  70 289.3  40.4 289.3  40.4 9.64E-03 000.5 116.6  48.5 5.473489 6.482628 2.336749 hargrave 2019-09-15 00:58:33 
AF  80 289.4  40.6 289.4  40.6 8.49E-03 000.5 116.8  48.4 4.851925 5.887971 2.069479 hargrave 2019-09-15 00:59:53 
AF  90 289.8  40.5 289.8  40.5 7.50E-03 000.5 116.8  48.1 4.236466 4.972062 1.849215 hargrave 2019-09-15 01:01:19 
AF 100 290.0  40.6 290.0  40.6 6.59E-03 000.5 116.8  48.0 3.775944 4.515991 1.669592 hargrave 2019-09-15 01:02:38 
AF 120 289.7  40.6 289.7  40.6 5.24E-03 000.5 116.9  48.2 3.008701 3.459460 1.324855 hargrave 2019-09-15 01:03:58 
AF 140 290.5  41.2 290.5  41.2 4.14E-03 000.5 117.8  47.6 2.387847 2.754894 1.078269 hargrave 2019-09-15 01:05:18 
AF 160 290.4  41.3 290.4  41.3 3.31E-03 000.5 118.0  47.7 1.921027 2.257991 0.890496 hargrave 2019-09-15 01:06:38 
AF 180 290.4  41.6 290.4  41.6 2.68E-03 000.5 118.5  47.8 1.558050 1.780562 0.727951 hargrave 2019-09-15 01:07:58 
AF 200 290.9  41.9 290.9  41.9 2.25E-03 000.5 118.9  47.5 1.307217 1.525489 0.608404 hargrave 2019-09-15 01:09:18 
AF 250 292.5  41.2 292.5  41.2 1.52E-03 000.5 118.1  46.1 0.884114 0.995764 0.417768 hargrave 2019-09-15 01:10:38 
AF 300 294.3  41.1 294.3  41.1 1.12E-03 000.5 118.2  44.8 0.672199 0.726314 0.320421 hargrave 2019-09-15 01:11:57 
AF 350 292.6  39.1 292.6  39.1 8.51E-04 000.5 115.1  45.8 0.446120 0.473675 0.240405 hargrave 2019-09-15 01:13:17 
AF 400 293.5  40.6 293.5  40.6 7.02E-04 000.4 117.4  45.3 0.378306 0.368179 0.198325 hargrave 2019-09-15 01:14:38 
AF 450 296.3  40.9 296.3  40.9 5.54E-04 000.5 118.2  43.3 0.303067 0.287741 0.187088 hargrave 2019-09-15 01:15:58 
AF 500 293.3  38.7 293.3  38.7 4.55E-04 000.5 114.6  45.3 0.289021 0.230386 0.148346 hargrave 2019-09-15 01:17:18 
AF 550 303.2  44.8 303.2  44.8 3.34E-04 000.4 124.4  38.9 0.195859 0.142690 0.115084 hargrave 2019-09-15 01:18:37 
AF 600 303.3  42.7 303.3  42.7 3.32E-04 000.5 121.7  38.5 0.190850 0.159407 0.092283 hargrave 2019-09-15 01:19:57 
AF 650 303.1  30.2 303.1  30.2 2.93E-04 000.4 106.5  35.3 0.155235 0.092807 0.102347 hargrave 2019-09-15 01:21:17 
AF 700 292.1  36.6 292.1  36.6 2.68E-04 000.5 111.5  45.8 0.165474 0.134000 0.077989 hargrave 2019-09-15 01:22:37 
AF 750 303.1  40.7 303.1  40.7 2.71E-04 000.4 119.1  38.2 0.176698 0.084275 0.085185 hargrave 2019-09-15 01:23:57 
AF 800 286.6  30.4 286.6  30.4 2.12E-04 000.5 101.1  48.9 0.152682 0.086220 0.054225 hargrave 2019-09-15 01:25:17 
AF 850 308.6  30.0 308.6  30.0 1.85E-04 000.5 108.4  30.7 0.099441 0.090094 0.070932 hargrave 2019-09-15 01:26:37 
AF 900 296.5  25.9 296.5  25.9 1.57E-04 000.6 098.9  39.2 0.161874 0.052131 0.044969 hargrave 2019-09-15 01:27:57 
AF 950 305.4  32.1 305.4  32.1 1.46E-04 000.5 109.5  34.1 0.115061 0.065951 0.055274 hargrave 2019-09-15 01:29:18 
AF1000 302.1  36.4 302.1  36.4 1.38E-04 000.5 113.6  37.9 0.114808 0.065532 0.044526 hargrave 2019-09-15 01:30:38 
AF1050 284.2  64.3 284.2  64.3 1.42E-04 000.5 152.7  47.1 0.095579 0.094900 0.034688 hargrave 2019-09-15 01:31:58 
AF1100 310.3  21.2 310.3  21.2 1.23E-04 000.6 099.9  25.7 0.126629 0.050809 0.057007 hargrave 2019-09-15 01:33:19 
AF1150 284.3  43.3 284.3  43.3 1.65E-04 000.5 121.0  52.3 0.114643 0.077835 0.042450 hargrave 2019-09-15 01:34:40 
AF1200 311.8  49.4 311.8  49.4 9.08E-05 000.8 131.2  33.9 0.137875 0.054130 0.030793 hargrave 2019-09-15 01:36:02 
AF1250 278.1  43.7 278.1  43.7 1.01E-04 000.5 122.2  56.8 0.079122 0.064164 0.018178 hargrave 2019-09-15 01:37:23 
AF1300 269.3  49.0 269.3  49.0 9.09E-05 000.7 135.3  61.2 0.099245 0.064712 0.023941 hargrave 2019-09-15 01:38:46 
