BD1- 2a sun compass orientation
      0  82.0  47.0   0.0   0.0   1.0
NRM    293.7  46.9 293.7  46.9 2.05E-02 000.5 243.5  49.5 11.69534 11.78347 6.884355 hargrave 2019-09-14 11:56:53 
AF  10 293.6  46.7 293.6  46.7 2.04E-02 000.5 243.9  49.4 11.18692 11.71109 6.971299 hargrave 2019-09-14 11:58:13 
AF  20 293.5  46.3 293.5  46.3 2.03E-02 000.5 244.4  49.2 10.93134 11.67253 6.947750 hargrave 2019-09-14 11:59:34 
AF  30 293.4  45.8 293.4  45.8 2.01E-02 000.5 245.0  49.0 11.25370 11.77594 6.978231 hargrave 2019-09-14 12:00:54 
AF  40 293.3  45.3 293.3  45.3 1.98E-02 000.5 245.7  48.8 10.86269 11.39105 6.981285 hargrave 2019-09-14 12:02:14 
AF  50 293.2  45.0 293.2  45.0 1.96E-02 000.5 246.2  48.6 10.86727 11.28151 6.857163 hargrave 2019-09-14 12:03:34 
AF  60 293.1  44.6 293.1  44.6 1.93E-02 000.5 246.7  48.4 10.50682 11.05562 6.768814 hargrave 2019-09-14 12:05:43 
AF  70 293.0  44.2 293.0  44.2 1.90E-02 000.5 247.2  48.2 10.51117 10.86712 6.705913 hargrave 2019-09-14 12:07:03 
AF  80 292.9  43.9 292.9  43.9 1.86E-02 000.5 247.6  48.0 10.23546 10.55356 6.605588 hargrave 2019-09-14 12:08:23 
AF  90 292.9  43.6 292.9  43.6 1.81E-02 000.5 248.0  47.9 9.792567 10.14970 6.458108 hargrave 2019-09-14 12:09:43 
AF 100 292.8  43.3 292.8  43.3 1.76E-02 000.5 248.4  47.7 9.563434 9.859822 6.254669 hargrave 2019-09-14 12:11:03 
AF 120 292.9  42.8 292.9  42.8 1.65E-02 000.5 249.1  47.6 9.488740 9.512490 5.865454 hargrave 2019-09-14 12:12:23 
AF 140 292.8  42.3 292.8  42.3 1.52E-02 000.5 249.7  47.4 8.520434 8.613765 5.429678 hargrave 2019-09-14 12:13:43 
AF 160 292.5  41.9 292.5  41.9 1.38E-02 000.5 250.2  47.0 7.710302 7.771870 4.958896 hargrave 2019-09-14 12:15:03 
AF 180 292.6  41.6 292.6  41.6 1.27E-02 000.5 250.6  47.0 7.284555 7.190015 5.157455 hargrave 2019-09-14 12:16:23 
AF 200 292.5  41.3 292.5  41.3 1.16E-02 000.5 251.0  46.8 6.375012 6.445148 4.143890 hargrave 2019-09-14 12:17:43 
AF 250 292.1  41.0 292.1  41.0 9.44E-03 000.5 251.3  46.4 5.248594 5.286162 3.380396 hargrave 2019-09-14 12:19:04 
AF 300 292.2  40.9 292.2  40.9 7.80E-03 000.5 251.4  46.4 4.260979 4.344551 2.764034 hargrave 2019-09-14 12:20:24 
AF 350 292.4  41.0 292.4  41.0 6.56E-03 000.5 251.4  46.6 3.717966 3.715471 2.291652 hargrave 2019-09-14 12:21:44 
AF 400 292.3  41.6 292.3  41.6 5.55E-03 000.5 250.6  46.8 3.124261 3.163069 1.916504 hargrave 2019-09-14 12:23:04 
AF 450 292.5  42.3 292.5  42.3 4.72E-03 000.5 249.6  47.2 2.594286 2.666987 1.592951 hargrave 2019-09-14 12:24:24 
AF 500 292.9  43.4 292.9  43.4 4.03E-03 000.5 248.3  47.8 2.290366 2.323355 1.316514 hargrave 2019-09-14 12:25:44 
AF 550 293.3  44.6 293.3  44.6 3.41E-03 000.5 246.8  48.5 1.909727 2.017817 1.087615 hargrave 2019-09-14 12:27:04 
AF 600 293.5  44.6 293.5  44.6 2.86E-03 000.5 246.9  48.7 1.656726 1.738976 0.932519 hargrave 2019-09-14 12:28:24 
AF 650 293.6  46.4 293.6  46.4 2.41E-03 000.5 244.3  49.3 1.420260 1.482525 0.743400 hargrave 2019-09-14 12:29:44 
AF 700 292.5  47.3 292.5  47.3 2.03E-03 000.5 242.7  48.9 1.213752 1.261970 0.614604 hargrave 2019-09-14 12:31:04 
AF 750 291.3  48.0 291.3  48.0 1.72E-03 000.5 241.2  48.2 0.998780 1.053842 0.523755 hargrave 2019-09-14 12:32:24 
AF 800 290.5  49.2 290.5  49.2 1.44E-03 000.5 239.3  48.1 0.853053 0.938047 0.422242 hargrave 2019-09-14 12:33:44 
AF 850 287.9  52.0 287.9  52.0 1.21E-03 000.5 234.7  47.2 0.691363 0.762503 0.331698 hargrave 2019-09-14 12:35:04 
AF 900 287.8  53.9 287.8  53.9 9.95E-04 000.5 231.9  47.6 0.578709 0.648480 0.256607 hargrave 2019-09-14 12:36:24 
AF 950 281.4  57.2 281.4  57.2 8.93E-04 000.5 226.0  44.8 0.476233 0.557704 0.226203 hargrave 2019-09-14 12:37:45 
AF1000 270.1  57.9 270.1  57.9 7.28E-04 000.4 222.8  39.2 0.376219 0.442438 0.189099 hargrave 2019-09-14 12:39:05 
AF1050 267.2  61.2 267.2  61.2 5.85E-04 000.4 218.2  39.0 0.270551 0.348594 0.131592 hargrave 2019-09-14 12:40:25 
AF1100 253.5  66.8 253.5  66.8 5.54E-04 000.4 208.7  35.8 0.231045 0.303036 0.088035 hargrave 2019-09-14 12:41:46 
AF1150 253.3  66.0 253.3  66.0 4.82E-04 000.4 209.5  35.3 0.209871 0.294375 0.077113 hargrave 2019-09-14 12:43:07 
AF1200 238.7  69.7 238.7  69.7 4.42E-04 000.4 202.2  32.6 0.207474 0.267684 0.068319 hargrave 2019-09-14 12:44:28 
AF1250 227.6  69.3 227.6  69.3 4.35E-04 000.4 199.5  29.5 0.181679 0.247691 0.035604 hargrave 2019-09-14 12:45:51 
AF1300 219.0  63.4 219.0  63.4 4.10E-04 000.3 200.8  22.7 0.140120 0.172048 0.070585 hargrave 2019-09-14 12:47:14 
