BD10- 2a mag compass orientation (IGRF corrected)
      0 100.2  46.0   0.0   0.0   1.0
NRM    298.8  43.5 298.8  43.5 4.75E-03 000.8 244.0  40.1 4.930244 3.484793 2.515553 hargrave 2020-08-22 11:55:15 
TT 150 297.5  44.4 297.5  44.4 4.62E-03 002.9 242.4  39.7 19.73511 11.77904 2.562855 hargrave 2020-08-23 10:18:41 
TT 250 296.4  45.4 296.4  45.4 4.37E-03 002.7 240.9  39.5 18.00602 10.48856 2.548960 hargrave 2020-08-23 17:09:50 
TT 300 295.9  45.6 295.9  45.6 4.27E-03 003.6 240.4  39.2 23.63957 12.65747 2.586588 hargrave 2020-08-24 13:48:33 
TT 350 295.9  45.0 295.9  45.0 4.18E-03 001.1 241.1  39.0 6.758983 2.769170 2.907228 hargrave 2020-08-25 11:30:53 
TT 400 298.0  42.5 298.0  42.5 4.07E-03 001.6 244.9  39.1 10.02805 3.174590 3.523514 hargrave 2020-08-26 10:08:53 
TT 425 297.8  43.5 297.8  43.5 3.96E-03 002.7 243.7  39.5 17.26225 5.555437 4.202239 hargrave 2020-08-26 16:26:35 
TT 450 297.6  44.1 297.6  44.1 3.85E-03 000.9 242.9  39.6 4.432323 1.426535 3.696461 hargrave 2020-08-27 12:31:38 
TT 475 297.2  45.2 297.2  45.2 3.69E-03 001.8 241.4  39.8 10.63617 3.876593 3.281387 hargrave 2020-08-27 18:38:11 
TT 500 297.7  44.6 297.7  44.6 3.50E-03 001.1 242.3  39.9 5.042476 3.867836 2.326555 hargrave 2020-08-28 16:31:51 
TT 520 297.9  44.4 297.9  44.4 3.28E-03 002.0 242.7  39.9 10.31861 4.778215 1.940500 hargrave 2020-08-29 16:28:59 
TT 530 296.8  46.9 296.8  46.9 2.97E-03 001.9 239.3  40.3 8.610471 3.935119 1.890982 hargrave 2020-08-30 15:06:55 
TT 534 298.6  44.3 298.6  44.3 2.72E-03 002.1 243.0  40.3 8.181850 5.080235 1.590114 hargrave 2020-08-31 15:16:31 
TT 537 296.5  45.7 296.5  45.7 2.49E-03 001.2 240.5  39.6 3.153995 3.764123 2.275566 hargrave 2020-09-01 13:14:35 
TT 542 297.3  42.6 297.3  42.6 2.16E-03 000.9 244.4  38.7 2.040892 2.235579 1.546712 hargrave 2020-09-02 12:51:57 
TT 546 296.9  42.8 296.9  42.8 1.79E-03 001.8 244.1  38.6 5.235549 2.084537 1.167224 hargrave 2020-09-02 20:18:47 
TT 551 297.9  42.1 297.9  42.1 1.34E-03 000.9 245.2  38.9 1.335836 1.375870 0.839030 hargrave 2020-09-03 14:44:35 
TT 555 295.3  46.0 295.3  46.0 1.09E-03 001.3 239.8  39.0 1.771065 1.632458 0.676820 hargrave 2020-09-04 12:07:39 
TT 560 295.7  42.4 295.7  42.4 9.05E-04 001.5 243.9  37.6 1.934290 1.340749 0.566210 hargrave 2020-09-04 20:12:59 
TT 567 297.9  43.4 297.9  43.4 5.87E-04 002.0 243.8  39.5 1.822824 0.919805 0.410368 hargrave 2020-09-14 18:34:34 
TT 577 298.3  40.3 298.3  40.3 2.79E-04 001.2 247.5  38.3 0.444279 0.354781 0.205489 hargrave 2020-09-16 11:01:04 
TT 590 298.7  39.1 298.7  39.1 1.29E-04 003.0 249.0  38.0 0.593021 0.348396 0.106202 hargrave 2020-09-16 17:41:14 
TT 610 309.0  25.3 309.0  25.3 4.52E-05 002.7 269.7  37.6 0.107679 0.246057 0.048252 hargrave 2020-09-17 14:36:21 
