BD10- 7a sun compass orientation
      0  86.1  79.0   0.0   0.0   1.0
NRM    299.9  49.7 299.9  49.7 3.17E-03 001.2 218.3  29.9 3.310648 5.602918 2.109017 hargrave 2020-08-22 12:05:51 
TT 150 298.2  46.4 298.2  46.4 3.12E-03 001.4 222.3  29.9 5.005504 5.884986 1.783647 hargrave 2020-08-23 10:30:57 
TT 250 298.1  45.6 298.1  45.6 2.95E-03 000.4 223.3  30.0 0.999908 1.046444 1.751898 hargrave 2020-08-23 17:20:24 
TT 300 299.9  49.3 299.9  49.3 2.81E-03 002.9 218.8  30.1 9.200031 10.77849 1.790814 hargrave 2020-08-24 13:59:08 
TT 350 298.4  46.7 298.4  46.7 2.73E-03 000.5 221.9  29.9 0.814885 1.319174 2.101271 hargrave 2020-08-25 11:41:34 
TT 400 299.2  48.2 299.2  48.2 2.65E-03 003.2 220.2  30.0 10.53060 10.02347 3.734203 hargrave 2020-08-26 10:18:44 
TT 425 298.0  45.4 298.0  45.4 2.58E-03 000.9 223.5  30.0 1.594009 1.443808 3.580176 hargrave 2020-08-26 16:37:16 
TT 450 298.4  45.7 298.4  45.7 2.52E-03 001.9 223.0  30.2 6.460538 4.204626 3.607467 hargrave 2020-08-27 12:41:24 
TT 475 299.0  46.6 299.0  46.6 2.41E-03 001.3 221.9  30.3 3.832624 2.313396 3.136465 hargrave 2020-08-28 08:40:44 
TT 500 300.3  48.9 300.3  48.9 2.29E-03 002.2 219.0  30.4 4.478948 7.264326 2.565864 hargrave 2020-08-28 16:43:24 
TT 520 298.3  45.0 298.3  45.0 2.18E-03 001.6 223.9  30.3 4.512487 3.701125 1.807181 hargrave 2020-08-29 16:38:55 
TT 530 298.8  45.1 298.8  45.1 1.77E-03 004.3 223.7  30.6 9.755039 8.772237 1.913233 hargrave 2020-08-30 15:17:35 
TT 534 298.4  44.8 298.4  44.8 1.69E-03 001.0 224.1  30.4 1.762398 2.272807 1.012524 hargrave 2020-08-31 15:27:11 
TT 537 297.1  44.6 297.1  44.6 1.36E-03 000.9 224.5  29.6 0.422300 1.320517 1.619474 hargrave 2020-09-01 13:25:14 
TT 542 295.4  40.5 295.4  40.5 1.16E-03 000.5 229.5  29.3 0.560558 0.362323 0.752264 hargrave 2020-09-02 13:02:35 
TT 546 296.0  42.5 296.0  42.5 1.07E-03 001.7 227.2  29.3 1.956384 2.409743 0.649282 hargrave 2020-09-02 20:28:12 
TT 551 295.4  43.0 295.4  43.0 8.03E-04 001.5 226.7  28.8 1.746707 1.138478 0.454658 hargrave 2020-09-03 14:55:13 
TT 555 294.2  41.6 294.2  41.6 5.53E-04 001.9 228.4  28.2 1.152134 1.417325 0.317080 hargrave 2020-09-04 12:17:31 
TT 560 294.6  39.7 294.6  39.7 4.20E-04 003.5 230.6  28.8 1.756482 1.869329 0.227187 hargrave 2020-09-04 20:23:37 
TT 567 300.0  45.2 300.0  45.2 2.10E-04 001.9 223.3  31.4 0.305722 0.654637 0.161613 hargrave 2020-09-14 18:44:18 
TT 577 292.9  44.1 292.9  44.1 1.06E-04 004.0 225.9  26.8 0.325210 0.713184 0.079979 hargrave 2020-09-16 11:11:42 
TT 590 274.0  50.6 274.0  50.6 5.34E-05 005.2 220.3  13.4 0.172265 0.487711 0.056062 hargrave 2020-09-16 17:51:51 
TT 610 324.8  39.7 324.8  39.7 2.74E-05 010.9 218.5  50.1 0.064883 0.569936 0.029507 hargrave 2020-09-17 14:47:43 
TT 610 193.0  77.9 193.0  77.9 1.45E-05 060.7 183.5 -00.6 0.097035 1.059825 2.406921 hargrave 2020-09-17 16:26:11 
TT 610 192.9  78.2 192.9  78.2 1.27E-05 065.6 183.4 -00.3 0.050723 1.744056 2.295657 hargrave 2020-09-17 16:50:17 
TT 610 321.3  36.9 321.3  36.9 2.97E-05 005.1 224.5  49.4 0.071458 0.255255 0.060246 hargrave 2020-09-17 17:01:25 
