BD10- 9a mag compass orientation (IGRF corrected)
      0 108.2  70.0   0.0   0.0   1.0
NRM    296.9  44.9 296.9  44.9 2.94E-03 002.4 228.2  20.0 9.384410 7.424690 2.622528 hargrave 2020-08-22 12:09:55 
TT 150 296.4  44.8 296.4  44.8 2.91E-03 002.4 228.2  19.7 8.304262 8.957014 2.460663 hargrave 2020-08-23 10:34:12 
TT 250 296.4  44.0 296.4  44.0 2.74E-03 001.3 229.0  19.5 3.910586 4.400917 2.154477 hargrave 2020-08-23 17:23:43 
TT 300 296.4  43.0 296.4  43.0 2.55E-03 002.6 230.1  19.3 8.658225 7.610933 1.667362 hargrave 2020-08-24 14:02:22 
TT 350 295.9  44.9 295.9  44.9 2.42E-03 000.7 228.1  19.3 1.900041 1.506092 1.743425 hargrave 2020-08-25 11:46:32 
TT 400 296.0  44.5 296.0  44.5 2.29E-03 002.4 228.5  19.3 7.051788 6.061585 2.371154 hargrave 2020-08-26 10:21:59 
TT 425 296.5  43.9 296.5  43.9 2.17E-03 000.9 229.2  19.5 1.941890 0.894552 2.723437 hargrave 2020-08-26 16:40:31 
TT 450 297.0  41.2 297.0  41.2 2.05E-03 004.6 232.0  19.5 13.12321 9.468621 2.406966 hargrave 2020-08-27 12:44:39 
TT 475 296.7  45.1 296.7  45.1 1.89E-03 002.5 228.0  19.9 6.131987 5.267653 1.669432 hargrave 2020-08-28 08:43:59 
TT 500 296.4  47.1 296.4  47.1 1.71E-03 001.9 225.8  20.0 4.221387 3.696043 1.497923 hargrave 2020-08-28 16:47:33 
TT 520 298.1  40.8 298.1  40.8 1.58E-03 000.6 232.7  20.2 1.052031 0.771342 0.982904 hargrave 2020-08-29 16:42:12 
TT 530 298.1  41.7 298.1  41.7 1.33E-03 001.5 231.7  20.4 2.525573 2.286515 0.831409 hargrave 2020-08-30 15:20:52 
TT 534 297.6  42.7 297.6  42.7 1.21E-03 002.9 230.5  20.2 4.366379 4.049127 1.193243 hargrave 2020-08-31 15:30:28 
TT 537 297.7  44.8 297.7  44.8 1.01E-03 001.5 228.4  20.6 1.275663 1.799028 1.368958 hargrave 2020-09-01 13:29:18 
TT 542 296.4  43.4 296.4  43.4 8.69E-04 001.0 229.7  19.4 0.914961 0.312588 1.112910 hargrave 2020-09-02 13:05:50 
TT 546 296.5  41.3 296.5  41.3 7.64E-04 002.4 231.9  19.2 2.638401 1.591264 0.869493 hargrave 2020-09-02 20:30:49 
TT 551 295.1  41.4 295.1  41.4 6.05E-04 001.3 231.6  18.1 1.086575 0.447524 0.685121 hargrave 2020-09-03 14:58:28 
TT 555 296.8  41.6 296.8  41.6 4.57E-04 001.6 231.6  19.4 0.625528 1.029442 0.554501 hargrave 2020-09-04 12:20:50 
TT 560 294.8  41.2 294.8  41.2 3.66E-04 002.3 231.8  17.9 1.039437 0.990003 0.376416 hargrave 2020-09-04 20:26:53 
TT 567 295.0  37.5 295.0  37.5 2.50E-04 001.0 235.5  17.3 0.417209 0.102625 0.201660 hargrave 2020-09-14 18:47:31 
TT 577 291.2  32.6 291.2  32.6 1.90E-04 004.4 239.7  13.1 1.146987 0.935733 0.178177 hargrave 2020-09-16 11:15:46 
TT 590 297.1  37.9 297.1  37.9 1.30E-04 001.0 235.5  19.0 0.115175 0.295046 0.110939 hargrave 2020-09-16 17:55:06 
TT 610 299.5  27.4 299.5  27.4 6.36E-05 002.0 246.8  18.7 0.093308 0.305130 0.068408 hargrave 2020-09-17 14:50:58 
