BD10- 8a sun compass orientation
      0  90.3  80.0   0.0   0.0   1.0
NRM    300.9  43.6 300.9  43.6 2.97E-03 000.7 225.3  28.8 1.496550 2.660212 2.082549 hargrave 2020-08-22 12:07:29 
TT 150 300.8  44.6 300.8  44.6 2.93E-03 003.2 224.3  28.6 11.68796 11.20711 1.951480 hargrave 2020-08-23 10:32:35 
TT 250 300.4  43.7 300.4  43.7 2.80E-03 000.8 225.3  28.5 2.382977 2.456141 1.917078 hargrave 2020-08-23 17:22:02 
TT 300 300.1  44.3 300.1  44.3 2.68E-03 001.1 224.8  28.2 3.587159 3.251997 2.101185 hargrave 2020-08-24 14:00:46 
TT 350 300.4  44.8 300.4  44.8 2.57E-03 000.6 224.2  28.2 0.854661 1.160248 2.286913 hargrave 2020-08-25 11:44:06 
TT 400 300.2  45.0 300.2  45.0 2.49E-03 000.7 223.9  28.0 1.056776 0.915524 2.702029 hargrave 2020-08-26 10:20:22 
TT 425 299.6  42.3 299.6  42.3 2.42E-03 001.2 227.1  28.3 2.438745 3.604282 3.002488 hargrave 2020-08-26 16:38:54 
TT 450 301.6  47.0 301.6  47.0 2.37E-03 002.5 221.5  28.4 5.721933 7.953351 2.889711 hargrave 2020-08-27 12:43:03 
TT 475 300.5  43.9 300.5  43.9 2.29E-03 001.5 225.1  28.5 3.272666 4.200493 2.916525 hargrave 2020-08-28 08:42:23 
TT 500 301.6  46.5 301.6  46.5 2.20E-03 002.3 222.1  28.5 5.250912 6.604157 2.338658 hargrave 2020-08-28 16:45:03 
TT 520 299.4  39.7 299.4  39.7 2.13E-03 001.0 230.0  28.6 2.436025 2.253172 1.764103 hargrave 2020-08-29 16:40:34 
TT 530 300.4  43.9 300.4  43.9 1.92E-03 000.9 225.2  28.5 1.320288 2.045815 1.768366 hargrave 2020-08-30 15:19:14 
TT 534 299.5  43.1 299.5  43.1 1.85E-03 001.1 226.3  28.0 2.567076 1.326876 1.875099 hargrave 2020-08-31 15:28:51 
TT 537 299.8  43.9 299.8  43.9 1.63E-03 002.0 225.3  28.0 4.502918 2.887931 1.976953 hargrave 2020-09-01 13:26:52 
TT 542 299.1  45.3 299.1  45.3 1.49E-03 000.7 223.8  27.2 0.982146 0.664148 1.502300 hargrave 2020-09-02 13:04:13 
TT 546 298.4  44.1 298.4  44.1 1.40E-03 000.6 225.4  27.0 0.478719 0.989543 0.992069 hargrave 2020-09-02 20:29:31 
TT 551 297.4  44.8 297.4  44.8 1.14E-03 000.7 224.7  26.2 0.934663 0.524823 0.853420 hargrave 2020-09-03 14:56:52 
TT 555 298.3  44.7 298.3  44.7 8.41E-04 001.2 224.7  26.8 0.749361 1.468928 0.660402 hargrave 2020-09-04 12:19:13 
TT 560 296.5  42.6 296.5  42.6 6.41E-04 001.4 227.2  26.0 0.819787 1.252978 0.559563 hargrave 2020-09-04 20:25:15 
TT 567 297.8  37.9 297.8  37.9 3.44E-04 000.6 232.2  27.8 0.110680 0.333128 0.319012 hargrave 2020-09-14 18:45:55 
TT 577 295.9  43.3 295.9  43.3 1.56E-04 001.1 226.6  25.4 0.090416 0.299723 0.135899 hargrave 2020-09-16 11:14:09 
TT 590 306.7  49.4 306.7  49.4 5.73E-05 004.6 217.6  30.8 0.119970 0.447517 0.139709 hargrave 2020-09-16 17:53:29 
TT 610 256.7  46.9 256.7  46.9 3.56E-05 006.7 221.7 -01.8 0.097932 0.495766 0.074480 hargrave 2020-09-17 14:49:22 
