BD10- 10a mag compass orientation (IGRF corrected)
      0 117.2  72.0   0.0   0.0   1.0
NRM    305.7  50.0 305.7  50.0 3.48E-03 002.6 222.3  19.1 10.39874 11.93631 2.259822 hargrave 2020-08-22 12:11:27 
TT 150 304.7  50.7 304.7  50.7 3.42E-03 004.0 221.5  18.5 15.52579 17.74571 4.271305 hargrave 2020-08-23 10:35:43 
TT 250 305.5  50.3 305.5  50.3 3.15E-03 004.3 221.9  19.0 15.60347 17.99832 2.116949 hargrave 2020-08-23 17:25:14 
TT 300 306.2  46.1 306.2  46.1 2.92E-03 004.0 226.4  19.0 14.49878 14.23046 1.899605 hargrave 2020-08-24 14:03:53 
TT 350 305.3  50.0 305.3  50.0 2.74E-03 001.5 222.2  18.8 4.934385 5.136336 2.076084 hargrave 2020-08-25 11:48:04 
TT 400 305.6  50.5 305.6  50.5 2.59E-03 003.7 221.7  19.1 10.81255 12.71768 2.236736 hargrave 2020-08-26 10:23:31 
TT 425 305.8  50.2 305.8  50.2 2.42E-03 000.8 222.0  19.2 1.141097 1.150078 2.758331 hargrave 2020-08-26 16:42:53 
TT 450 306.6  46.9 306.6  46.9 2.27E-03 001.8 225.6  19.4 5.088799 4.128120 2.516660 hargrave 2020-08-27 12:46:10 
TT 475 306.5  49.8 306.5  49.8 2.05E-03 001.0 222.5  19.6 1.679564 2.262810 2.194072 hargrave 2020-08-28 08:45:31 
TT 500 306.5  51.7 306.5  51.7 1.83E-03 001.7 220.5  19.7 3.609437 3.809570 1.541158 hargrave 2020-08-28 16:49:05 
TT 520 306.9  50.4 306.9  50.4 1.67E-03 003.0 221.9  19.9 5.786197 6.588739 1.036860 hargrave 2020-08-29 16:43:45 
TT 530 305.2  50.2 305.2  50.2 1.43E-03 001.5 222.0  18.8 0.412921 1.812803 3.322751 hargrave 2020-08-30 15:22:24 
TT 534 306.8  46.6 306.8  46.6 1.30E-03 003.3 225.9  19.5 5.072618 5.306944 1.111013 hargrave 2020-08-31 15:32:01 
TT 537 306.6  48.3 306.6  48.3 1.13E-03 003.3 224.1  19.5 3.839076 4.982477 2.010628 hargrave 2020-09-01 13:30:50 
TT 542 305.5  47.6 305.5  47.6 1.00E-03 001.9 224.7  18.7 1.987011 2.415407 0.983787 hargrave 2020-09-02 13:07:23 
TT 546 305.4  52.0 305.4  52.0 9.03E-04 003.4 220.1  19.1 2.840409 4.321154 1.584188 hargrave 2020-09-02 20:32:05 
TT 551 304.1  46.1 304.1  46.1 7.45E-04 001.3 226.2  17.5 1.182079 1.048292 0.483026 hargrave 2020-09-03 15:00:50 
TT 555 305.8  46.7 305.8  46.7 6.14E-04 003.9 225.8  18.8 2.663465 3.195103 0.778943 hargrave 2020-09-04 12:22:23 
TT 560 304.2  44.1 304.2  44.1 4.94E-04 003.4 228.3  17.4 2.150547 2.044599 0.299007 hargrave 2020-09-04 20:28:25 
TT 567 305.9  45.5 305.9  45.5 3.61E-04 004.6 227.0  18.8 1.959106 2.145487 0.280222 hargrave 2020-09-14 18:49:01 
TT 577 305.4  48.1 305.4  48.1 2.45E-04 001.5 224.3  18.7 0.366024 0.320430 0.440679 hargrave 2020-09-16 11:17:18 
TT 590 307.5  47.9 307.5  47.9 1.86E-04 003.6 224.6  20.1 0.693874 0.958113 0.142793 hargrave 2020-09-16 17:56:38 
TT 610 314.1  51.4 314.1  51.4 1.06E-04 003.5 221.0  24.5 0.302297 0.569989 0.121790 hargrave 2020-09-17 14:52:28 
