BD10- 4a sun compass orientation
      0  92.2  70.0   0.0   0.0   1.0
NRM    290.7  55.1 290.7  55.1 1.68E-02 003.2 217.4  26.8 45.51605 80.40491 19.89793 hargrave 2020-08-22 12:01:14 
TT 150 289.9  53.3 289.9  53.3 1.60E-02 001.2 219.5  26.4 7.839920 26.26002 18.86349 hargrave 2020-08-23 10:26:21 
TT 250 289.1  50.7 289.1  50.7 1.54E-02 001.0 222.4  26.0 18.17072 13.56575 13.43100 hargrave 2020-08-23 17:15:47 
TT 300 288.9  48.3 288.9  48.3 1.52E-02 004.3 225.0  25.8 76.57787 83.45897 10.91018 hargrave 2020-08-24 13:54:31 
TT 350 288.7  50.1 288.7  50.1 1.48E-02 004.1 223.1  25.7 70.95742 76.81802 9.282882 hargrave 2020-08-25 11:36:55 
TT 400 288.8  46.1 288.8  46.1 1.43E-02 000.5 227.4  25.6 4.007780 4.368585 10.00427 hargrave 2020-08-26 10:14:05 
TT 425 288.9  48.5 288.9  48.5 1.38E-02 004.1 224.8  25.8 70.43608 68.98772 12.14981 hargrave 2020-08-26 16:32:36 
TT 450 289.2  51.7 289.2  51.7 1.34E-02 001.9 221.2  26.0 29.52664 33.01713 10.31724 hargrave 2020-08-27 12:36:47 
TT 475 289.5  47.3 289.5  47.3 1.28E-02 001.5 226.2  26.2 24.13224 21.45021 9.543187 hargrave 2020-08-28 08:36:05 
TT 500 289.4  47.2 289.4  47.2 1.19E-02 001.2 226.3  26.1 17.26718 15.33260 7.976628 hargrave 2020-08-28 16:37:53 
TT 520 289.6  50.2 289.6  50.2 1.10E-02 000.7 223.0  26.2 6.364623 11.19278 7.204816 hargrave 2020-08-29 16:34:13 
TT 530 290.0  48.4 290.0  48.4 1.00E-02 006.2 225.0  26.5 76.52780 76.69927 6.309071 hargrave 2020-08-30 15:12:54 
TT 534 290.3  50.2 290.3  50.2 9.31E-03 002.6 222.9  26.7 25.32703 33.64634 8.931214 hargrave 2020-08-31 15:22:31 
TT 537 289.5  48.2 289.5  48.2 8.62E-03 002.0 225.2  26.2 12.61918 23.59177 15.27838 hargrave 2020-09-01 13:20:35 
TT 542 288.4  49.2 288.4  49.2 7.64E-03 001.8 224.0  25.5 10.64941 18.95681 11.02486 hargrave 2020-09-02 12:57:56 
TT 546 288.5  43.2 288.5  43.2 6.54E-03 002.1 230.7  25.3 15.85020 16.71139 7.209961 hargrave 2020-09-02 20:24:25 
TT 551 287.4  47.5 287.4  47.5 5.01E-03 002.5 225.9  24.7 12.60790 16.43134 5.777604 hargrave 2020-09-03 14:50:33 
TT 555 289.1  47.4 289.1  47.4 3.56E-03 002.9 226.0  25.9 10.95912 14.07678 4.065071 hargrave 2020-09-04 12:12:51 
TT 560 287.5  47.6 287.5  47.6 2.26E-03 000.8 225.7  24.8 0.489159 1.690251 2.446387 hargrave 2020-09-04 20:18:58 
TT 567 289.1  43.4 289.1  43.4 4.93E-04 003.1 230.4  25.7 1.913028 1.766744 0.416789 hargrave 2020-09-14 18:39:44 
TT 577 309.5  47.1 309.5  47.1 1.74E-04 003.2 224.6  39.6 0.441841 0.887512 0.148020 hargrave 2020-09-16 11:06:15 
TT 590 233.0  43.5 233.0  43.5 9.19E-05 005.0 215.0 -11.2 0.783649 0.398370 0.195440 hargrave 2020-09-16 17:46:25 
TT 610 302.8  47.5 302.8  47.5 7.27E-05 008.8 225.3  35.1 0.549295 1.058712 0.178713 hargrave 2020-09-17 14:42:18 
TT 610 303.1  40.3 303.1  40.3 7.87E-05 003.6 234.1  36.1 0.270067 0.410840 0.143334 hargrave 2020-09-17 16:24:34 
