BD10- 1a mag compass orientation (IGRF corrected)
      0  94.2  37.0   0.0   0.0   1.0
NRM    299.0  42.9 299.0  42.9 4.77E-03 001.2 256.2  46.8 9.311142 1.505705 2.856942 hargrave 2020-08-22 11:53:44 
TT 150 300.5  40.0 300.5  40.0 4.65E-03 001.1 260.4  45.9 7.585500 3.745630 2.397464 hargrave 2020-08-23 10:17:10 
TT 250 299.3  40.5 299.3  40.5 4.34E-03 000.5 259.1  45.5 1.978126 1.967689 2.711329 hargrave 2020-08-23 17:08:20 
TT 300 299.5  40.2 299.5  40.2 4.23E-03 001.2 259.5  45.4 8.260982 3.091184 2.398771 hargrave 2020-08-24 13:47:02 
TT 350 297.8  41.8 297.8  41.8 4.13E-03 002.0 256.6  45.4 14.00145 3.948508 2.247263 hargrave 2020-08-25 11:29:22 
TT 400 300.2  39.6 300.2  39.6 4.02E-03 001.8 260.7  45.5 11.98591 2.980219 2.170549 hargrave 2020-08-26 10:07:20 
TT 425 299.3  41.3 299.3  41.3 3.91E-03 002.9 258.2  46.0 19.34194 4.102788 2.059786 hargrave 2020-08-26 16:25:03 
TT 450 298.9  42.0 298.9  42.0 3.80E-03 000.6 257.1  46.2 2.978162 1.487636 2.011897 hargrave 2020-08-27 12:30:06 
TT 475 300.0  41.2 300.0  41.2 3.63E-03 000.9 258.8  46.3 5.309426 1.468798 1.954150 hargrave 2020-08-27 18:36:40 
TT 500 296.1  45.0 296.1  45.0 3.41E-03 001.9 251.8  46.4 10.56329 4.048908 1.732896 hargrave 2020-08-28 16:30:19 
TT 520 300.1  41.6 300.1  41.6 3.18E-03 000.5 258.4  46.6 2.169987 1.107363 1.600928 hargrave 2020-08-29 16:27:27 
TT 530 300.1  42.3 300.1  42.3 2.85E-03 000.6 257.6  47.1 2.294100 1.419246 1.280403 hargrave 2020-08-30 15:05:23 
TT 534 299.6  42.8 299.6  42.8 2.58E-03 000.7 256.7  47.0 2.126978 1.468175 1.671015 hargrave 2020-08-31 15:14:59 
TT 537 299.7  42.3 299.7  42.3 2.33E-03 002.1 257.3  46.8 7.708858 3.692187 1.816839 hargrave 2020-09-01 13:13:04 
TT 542 300.8  39.2 300.8  39.2 2.03E-03 001.7 261.5  45.5 5.822389 0.976826 1.337577 hargrave 2020-09-02 12:50:25 
TT 546 298.3  41.3 298.3  41.3 1.70E-03 000.7 257.5  45.4 1.329069 1.194179 1.105566 hargrave 2020-09-02 20:17:34 
TT 551 299.4  38.9 299.4  38.9 1.39E-03 000.8 260.9  44.5 1.635549 0.725679 0.771730 hargrave 2020-09-03 14:43:03 
TT 555 296.9  41.0 296.9  41.0 1.20E-03 000.9 256.9  44.4 1.478643 0.683829 0.803650 hargrave 2020-09-04 12:06:07 
TT 560 299.8  37.9 299.8  37.9 1.04E-03 002.1 262.2  44.1 3.795104 0.564811 0.558015 hargrave 2020-09-04 20:11:27 
TT 567 300.4  41.1 300.4  41.1 7.11E-04 000.7 259.2  46.5 0.721254 0.280092 0.452255 hargrave 2020-09-14 18:33:03 
TT 577 300.1  38.5 300.1  38.5 3.39E-04 001.2 261.8  44.6 0.641862 0.300372 0.222424 hargrave 2020-09-16 10:59:32 
TT 590 302.4  39.8 302.4  39.8 1.57E-04 001.0 262.0  46.8 0.219672 0.159353 0.115739 hargrave 2020-09-16 17:38:53 
TT 610 294.2  42.9 294.2  42.9 5.43E-05 001.9 253.1  44.0 0.070178 0.166940 0.080216 hargrave 2020-09-17 14:34:49 
