BD10- 5a sun compass orientation
      0  52.8  46.0   0.0   0.0   1.0
NRM    292.2  50.8 292.2  50.8 4.47E-03 000.9 240.9  68.4 5.817499 3.776575 2.349783 hargrave 2020-08-22 12:02:44 
TT 150 291.5  49.8 291.5  49.8 4.38E-03 000.8 243.8  68.0 5.268076 2.935260 1.335235 hargrave 2020-08-23 10:27:50 
TT 250 291.1  47.6 291.1  47.6 4.13E-03 000.7 249.4  67.7 1.936200 4.403641 1.464551 hargrave 2020-08-23 17:17:17 
TT 300 290.9  48.7 290.9  48.7 4.02E-03 001.5 246.7  67.7 7.447646 7.059109 1.535116 hargrave 2020-08-24 13:56:00 
TT 350 290.9  49.3 290.9  49.3 3.92E-03 000.4 244.9  67.7 1.369335 2.444002 1.211688 hargrave 2020-08-25 11:38:26 
TT 400 291.0  48.4 291.0  48.4 3.81E-03 000.4 247.3  67.7 1.361462 2.053288 0.943913 hargrave 2020-08-26 10:15:35 
TT 425 291.6  48.9 291.6  48.9 3.69E-03 001.1 246.0  68.1 6.182787 3.032736 0.915266 hargrave 2020-08-26 16:34:07 
TT 450 292.0  49.7 292.0  49.7 3.59E-03 001.5 243.8  68.4 7.652667 5.301061 0.899026 hargrave 2020-08-27 12:38:17 
TT 475 292.0  49.4 292.0  49.4 3.41E-03 000.7 244.7  68.3 3.611152 1.267049 0.831658 hargrave 2020-08-28 08:37:36 
TT 500 291.8  49.0 291.8  49.0 3.19E-03 001.0 245.8  68.3 4.328140 3.308880 0.773725 hargrave 2020-08-28 16:39:24 
TT 520 292.0  49.4 292.0  49.4 2.97E-03 001.0 244.6  68.4 2.699860 4.085060 1.027971 hargrave 2020-08-29 16:35:44 
TT 530 292.5  49.8 292.5  49.8 2.54E-03 001.9 243.6  68.6 7.108569 4.841660 0.544316 hargrave 2020-08-30 15:14:25 
TT 534 291.9  49.1 291.9  49.1 2.28E-03 001.1 245.5  68.3 1.758325 3.610549 1.458055 hargrave 2020-08-31 15:24:02 
TT 537 291.9  49.5 291.9  49.5 1.98E-03 001.4 244.3  68.3 1.049783 4.479422 1.645117 hargrave 2020-09-01 13:22:04 
TT 542 291.1  48.2 291.1  48.2 1.56E-03 001.3 247.8  67.8 1.416904 2.980401 1.337973 hargrave 2020-09-02 12:59:26 
TT 546 290.4  47.6 290.4  47.6 1.25E-03 000.8 249.3  67.3 0.737235 1.386630 0.662836 hargrave 2020-09-02 20:25:39 
TT 551 288.6  47.5 288.6  47.5 8.74E-04 001.1 249.4  66.1 1.390429 0.708180 0.487114 hargrave 2020-09-03 14:52:04 
TT 555 289.2  46.1 289.2  46.1 6.55E-04 001.6 252.9  66.3 1.710027 0.520340 0.404403 hargrave 2020-09-04 12:14:21 
TT 560 289.2  44.5 289.2  44.5 5.07E-04 000.7 256.9  66.1 0.294643 0.480961 0.287847 hargrave 2020-09-04 20:20:28 
TT 567 288.7  47.7 288.7  47.7 3.01E-04 000.8 248.9  66.2 0.104059 0.361243 0.131652 hargrave 2020-09-14 18:41:12 
TT 577 293.7  48.9 293.7  48.9 1.45E-04 001.1 246.0  69.5 0.163678 0.188849 0.110488 hargrave 2020-09-16 11:08:35 
TT 590 285.8  42.4 285.8  42.4 8.25E-05 002.6 260.4  63.2 0.284157 0.250455 0.054798 hargrave 2020-09-16 17:48:44 
TT 610 288.2  55.5 288.2  55.5 4.50E-05 003.1 230.1  65.2 0.097642 0.215362 0.063895 hargrave 2020-09-17 14:44:36 
