BD10- 3a sun compass orientation
      0 117.0  52.0   0.0   0.0   1.0
NRM    291.9  47.3 291.9  47.3 4.88E-03 001.2 227.7  23.8 7.284247 2.849364 6.675330 hargrave 2020-08-22 11:59:40 
TT 150 291.1  46.9 291.1  46.9 4.77E-03 001.1 227.7  23.2 2.635004 6.602914 5.613418 hargrave 2020-08-23 10:23:56 
TT 250 291.4  45.8 291.4  45.8 4.48E-03 000.7 228.8  22.9 1.830726 3.293442 4.349911 hargrave 2020-08-23 17:14:14 
TT 300 290.9  46.1 290.9  46.1 4.38E-03 001.3 228.4  22.7 6.074223 7.015876 3.697913 hargrave 2020-08-24 13:52:58 
TT 350 291.4  45.5 291.4  45.5 4.27E-03 003.0 229.2  22.7 16.09175 15.10032 3.288830 hargrave 2020-08-25 11:35:19 
TT 400 292.1  44.9 292.1  44.9 4.16E-03 003.3 229.9  22.8 18.26546 15.09385 2.760428 hargrave 2020-08-26 10:12:32 
TT 425 290.9  46.8 290.9  46.8 4.07E-03 000.6 227.7  23.0 2.613963 1.909207 3.218424 hargrave 2020-08-26 16:31:03 
TT 450 290.2  47.7 290.2  47.7 3.95E-03 001.5 226.6  23.1 7.093415 7.215040 2.823852 hargrave 2020-08-27 12:35:15 
TT 475 290.9  47.3 290.9  47.3 3.79E-03 001.4 227.2  23.3 6.773307 5.696917 2.496904 hargrave 2020-08-28 08:34:32 
TT 500 293.6  44.7 293.6  44.7 3.58E-03 003.6 230.7  23.6 17.73012 13.93168 2.338019 hargrave 2020-08-28 16:35:30 
TT 520 291.9  46.6 291.9  46.6 3.34E-03 000.7 228.3  23.5 1.599615 2.040020 2.993185 hargrave 2020-08-29 16:32:39 
TT 530 292.4  47.3 292.4  47.3 3.01E-03 002.2 227.8  24.2 8.395483 8.047602 1.808709 hargrave 2020-08-30 15:11:21 
TT 534 293.2  45.9 293.2  45.9 2.74E-03 002.6 229.4  24.0 7.620578 8.749373 3.954619 hargrave 2020-08-31 15:20:58 
TT 537 292.8  45.4 292.8  45.4 2.49E-03 001.5 229.7  23.5 1.635676 3.883460 4.831383 hargrave 2020-09-01 13:19:02 
TT 542 289.0  47.9 289.0  47.9 2.15E-03 002.1 226.0  22.6 5.793851 3.352333 4.178113 hargrave 2020-09-02 12:56:23 
TT 546 292.1  43.9 292.1  43.9 1.81E-03 000.9 230.9  22.2 1.042429 1.029876 2.439265 hargrave 2020-09-02 20:22:28 
TT 551 289.1  46.1 289.1  46.1 1.36E-03 001.3 227.6  21.6 2.227501 1.126324 1.871871 hargrave 2020-09-03 14:49:00 
TT 555 290.8  45.7 290.8  45.7 1.11E-03 001.8 228.6  22.4 1.710903 2.592523 1.739288 hargrave 2020-09-04 12:11:17 
TT 560 291.3  42.8 291.3  42.8 9.21E-04 002.7 231.5  21.2 2.839406 2.909895 1.382794 hargrave 2020-09-04 20:17:25 
TT 567 293.0  44.2 293.0  44.2 6.11E-04 000.8 231.0  22.9 0.535549 0.178414 0.610188 hargrave 2020-09-14 18:38:12 
TT 577 293.2  48.5 293.2  48.5 3.05E-04 002.5 227.0  25.2 1.105943 0.658949 0.402926 hargrave 2020-09-16 11:04:42 
TT 590 287.5  49.6 287.5  49.6 1.55E-04 001.0 223.8  22.6 0.145624 0.243658 0.168988 hargrave 2020-09-16 17:44:51 
TT 610 301.3  41.3 301.3  41.3 5.22E-05 003.9 237.1  26.8 0.157241 0.345642 0.075954 hargrave 2020-09-17 14:40:46 
