BD10- 6a sun compass orientation
      0  30.4  12.0   0.0   0.0   1.0
NRM    292.7  46.2 292.7  46.2 3.10E-03 002.0 349.9  58.1 9.609853 2.260548 5.101704 hargrave 2020-08-22 12:04:15 
TT 150 291.4  45.7 291.4  45.7 3.04E-03 002.2 348.3  57.5 7.722795 7.289983 4.442617 hargrave 2020-08-23 10:29:21 
TT 250 294.3  45.1 294.3  45.1 2.87E-03 001.3 352.1  57.0 4.799534 2.310992 3.361965 hargrave 2020-08-23 17:18:48 
TT 300 288.8  45.1 288.8  45.1 2.78E-03 002.6 345.0  56.8 1.901949 12.35093 3.036095 hargrave 2020-08-24 13:57:31 
TT 350 291.9  44.9 291.9  44.9 2.71E-03 001.6 349.0  56.7 4.610441 5.321693 2.325815 hargrave 2020-08-25 11:39:58 
TT 400 289.5  44.9 289.5  44.9 2.63E-03 000.7 345.9  56.6 2.607020 1.282419 1.829345 hargrave 2020-08-26 10:17:08 
TT 425 291.2  44.7 291.2  44.7 2.55E-03 000.5 348.1  56.5 1.757793 1.332287 1.144332 hargrave 2020-08-26 16:35:39 
TT 450 291.3  44.7 291.3  44.7 2.47E-03 001.2 348.2  56.5 1.212460 4.770168 1.128824 hargrave 2020-08-27 12:39:48 
TT 475 290.8  44.8 290.8  44.8 2.35E-03 001.0 347.6  56.6 2.769286 2.455871 1.389227 hargrave 2020-08-28 08:39:08 
TT 500 290.8  45.1 290.8  45.1 2.17E-03 001.5 347.5  56.8 3.743628 4.185024 1.537790 hargrave 2020-08-28 16:41:46 
TT 520 293.4  44.8 293.4  44.8 2.01E-03 002.3 350.9  56.6 4.659379 6.183040 2.107139 hargrave 2020-08-29 16:37:18 
TT 530 294.3  43.9 294.3  43.9 1.56E-03 000.9 352.1  55.8 1.674129 1.408843 1.154844 hargrave 2020-08-30 15:15:58 
TT 534 293.9  44.0 293.9  44.0 1.42E-03 001.7 351.6  55.9 3.437908 1.244794 2.245588 hargrave 2020-08-31 15:25:34 
TT 537 292.7  43.5 292.7  43.5 1.12E-03 002.7 350.2  55.3 4.037719 2.598985 2.284428 hargrave 2020-09-01 13:23:36 
TT 542 291.8  42.4 291.8  42.4 9.24E-04 002.1 349.1  54.3 2.632636 0.871933 1.840421 hargrave 2020-09-02 13:00:58 
TT 546 292.8  42.8 292.8  42.8 8.29E-04 002.0 350.3  54.7 2.270543 0.706012 1.578149 hargrave 2020-09-02 20:26:54 
TT 551 290.6  42.5 290.6  42.5 6.20E-04 002.8 347.6  54.3 1.273976 2.448077 1.191835 hargrave 2020-09-03 14:53:36 
TT 555 293.0  42.8 293.0  42.8 4.48E-04 002.9 350.6  54.6 1.149014 1.742438 0.968322 hargrave 2020-09-04 12:15:54 
TT 560 290.9  40.5 290.9  40.5 3.60E-04 001.8 348.2  52.3 0.863115 0.420616 0.642266 hargrave 2020-09-04 20:22:00 
TT 567 291.4  41.0 291.4  41.0 2.24E-04 001.3 348.8  52.8 0.390158 0.130690 0.277107 hargrave 2020-09-14 18:42:43 
TT 577 295.3  43.5 295.3  43.5 1.36E-04 002.0 353.4  55.4 0.333817 0.281377 0.210442 hargrave 2020-09-16 11:10:06 
TT 590 296.3  41.4 296.3  41.4 6.51E-05 001.5 354.9  53.4 0.117531 0.108980 0.070222 hargrave 2020-09-16 17:50:15 
TT 610 228.7  46.1 228.7  46.1 2.48E-05 002.5 275.5  48.6 0.060172 0.092402 0.037726 hargrave 2020-09-17 14:46:07 
