BD11- 4a mag compass orientation (IGRF corrected)
      0  79.3  72.0   0.0   0.0   1.0
NRM    298.2  50.8 298.2  50.8 3.45E-03 001.2 218.7  38.1 3.734088 2.976137 5.231381 hargrave 2020-08-22 12:20:32 
TT 150 296.0  48.0 296.0  48.0 3.34E-03 001.7 222.6  37.6 3.712535 8.299691 3.900424 hargrave 2020-08-23 10:44:46 
TT 250 296.0  48.2 296.0  48.2 3.16E-03 002.7 222.4  37.5 8.154525 12.20398 3.030162 hargrave 2020-08-23 17:34:23 
TT 300 295.6  47.0 295.6  47.0 3.07E-03 000.9 223.9  37.6 3.972699 2.208776 2.272901 hargrave 2020-08-24 14:12:58 
TT 350 295.0  44.3 295.0  44.3 2.99E-03 000.8 227.4  37.8 3.206511 2.392401 1.705971 hargrave 2020-08-25 11:57:09 
TT 400 295.5  44.3 295.5  44.3 2.91E-03 000.8 227.2  38.1 2.981850 2.510631 1.664115 hargrave 2020-08-26 10:32:39 
TT 425 295.1  41.5 295.1  41.5 2.82E-03 002.6 230.8  38.4 10.17598 7.615897 1.767378 hargrave 2020-08-26 16:52:01 
TT 450 295.8  44.4 295.8  44.4 2.73E-03 001.7 227.0  38.3 5.894793 5.387119 1.466198 hargrave 2020-08-27 12:55:18 
TT 475 297.2  45.1 297.2  45.1 2.60E-03 002.7 225.9  39.1 9.139336 7.922982 1.382111 hargrave 2020-08-28 08:54:39 
TT 500 297.3  44.7 297.3  44.7 2.36E-03 001.3 226.4  39.3 3.612396 3.689043 1.230016 hargrave 2020-08-28 16:57:28 
TT 520 297.7  43.6 297.7  43.6 1.87E-03 000.5 227.7  39.9 1.091370 0.952061 1.105920 hargrave 2020-08-29 16:52:06 
TT 530 300.0  42.3 300.0  42.3 1.02E-03 001.9 228.8  41.8 2.507928 2.370626 0.473533 hargrave 2020-08-30 15:31:34 
TT 534 298.8  40.5 298.8  40.5 8.47E-04 000.9 231.5  41.4 0.519037 0.948617 0.866918 hargrave 2020-08-31 15:41:10 
TT 537 299.3  42.0 299.3  42.0 6.08E-04 001.4 229.4  41.4 0.530286 0.867241 1.103524 hargrave 2020-09-01 13:39:58 
TT 542 306.0  37.6 306.0  37.6 3.98E-04 001.3 233.5  47.5 0.121600 0.733834 0.533811 hargrave 2020-09-02 13:16:31 
TT 546 295.5  39.9 295.5  39.9 3.12E-04 002.1 232.7  39.0 0.222480 1.210309 0.354685 hargrave 2020-09-02 20:39:33 
TT 551 308.2  51.9 308.2  51.9 1.87E-04 002.6 213.9  43.3 0.075723 0.838128 0.193435 hargrave 2020-09-03 15:09:58 
TT 555 287.3  34.1 287.3  34.1 1.08E-04 005.0 240.6  32.9 0.716733 0.630741 0.072852 hargrave 2020-09-04 12:30:53 
TT 560 285.7  47.3 285.7  47.3 1.00E-04 003.4 225.1  30.9 0.225870 0.428661 0.355878 hargrave 2020-09-04 20:37:31 
TT 567 301.6 -00.7 301.6 -00.7 5.22E-05 001.9 286.6  39.5 0.110546 0.282517 0.070832 hargrave 2020-09-15 08:46:16 
TT 577 306.3 -06.9 306.3 -06.9 2.28E-05 003.4 296.5  40.8 0.060163 0.161183 0.024097 hargrave 2020-09-16 11:25:35 
TT 590 332.9  76.8 332.9  76.8 1.89E-05 004.5 184.3  30.7 0.070273 0.139016 0.051740 hargrave 2020-09-16 18:04:07 
TT 610 018.2  48.8 018.2  48.8 1.92E-05 008.7 149.4  51.3 0.098747 0.281743 0.010021 hargrave 2020-09-17 15:02:19 
TT 610 016.6  49.4 016.6  49.4 1.82E-05 005.6 151.2  51.7 0.084399 0.156974 0.036346 hargrave 2020-09-17 16:29:37 
