BD11- 5a mag compass orientation (IGRF corrected)
      0  25.3  75.0   0.0   0.0   1.0
NRM    303.9  45.0 303.9  45.0 2.63E-03 001.2 168.1  59.2 3.754640 3.423866 1.683084 hargrave 2020-08-22 12:22:07 
TT 150 304.2  43.2 304.2  43.2 2.58E-03 001.9 166.6  60.8 3.669178 7.763014 1.224944 hargrave 2020-08-23 10:46:21 
TT 250 302.8  41.9 302.8  41.9 2.46E-03 000.5 167.9  62.4 1.366325 1.295946 0.854143 hargrave 2020-08-23 17:35:58 
TT 300 301.0  41.5 301.0  41.5 2.42E-03 000.4 170.5  63.1 1.009451 0.978812 0.735221 hargrave 2020-08-24 14:14:37 
TT 350 301.5  40.9 301.5  40.9 2.36E-03 001.2 169.4  63.6 1.073023 4.717764 0.703521 hargrave 2020-08-25 11:58:43 
TT 400 299.4  40.8 299.4  40.8 2.32E-03 001.1 172.9  64.0 1.320305 4.363783 0.895711 hargrave 2020-08-26 10:34:14 
TT 425 302.1  40.4 302.1  40.4 2.26E-03 001.4 168.2  63.9 1.730572 4.910276 1.337063 hargrave 2020-08-26 16:53:37 
TT 450 303.1  39.8 303.1  39.8 2.19E-03 001.9 166.2  64.3 1.034532 6.893518 1.186801 hargrave 2020-08-27 12:56:53 
TT 475 301.5  39.9 301.5  39.9 2.09E-03 000.7 168.8  64.5 1.805479 1.674358 0.972468 hargrave 2020-08-28 08:56:15 
TT 500 302.4  39.3 302.4  39.3 1.96E-03 001.5 167.0  64.9 0.732511 5.150163 0.738920 hargrave 2020-08-28 16:59:04 
TT 520 302.6  39.2 302.6  39.2 1.66E-03 000.5 166.6  64.9 0.905148 1.213698 0.491839 hargrave 2020-08-29 16:53:42 
TT 530 302.4  39.0 302.4  39.0 1.03E-03 001.3 166.7  65.2 0.465504 2.221473 0.273307 hargrave 2020-08-30 15:33:10 
TT 534 300.2  38.4 300.2  38.4 8.74E-04 001.7 170.4  66.2 1.467589 1.956324 0.618889 hargrave 2020-08-31 15:42:46 
TT 537 301.4  38.2 301.4  38.2 6.63E-04 002.2 168.0  66.2 1.750642 1.756447 0.745566 hargrave 2020-09-01 13:41:33 
TT 542 295.0  36.8 295.0  36.8 4.60E-04 001.6 180.6  68.2 0.857002 0.874392 0.369153 hargrave 2020-09-02 13:18:06 
TT 546 295.9  35.2 295.9  35.2 3.11E-04 002.9 178.6  69.8 0.614629 1.419716 0.257736 hargrave 2020-09-02 20:40:51 
TT 551 292.6  34.1 292.6  34.1 2.13E-04 002.1 186.7  70.7 0.341463 0.699997 0.099855 hargrave 2020-09-03 15:11:33 
TT 555 305.4  33.0 305.4  33.0 1.42E-04 002.9 154.7  69.8 0.433643 0.574255 0.121021 hargrave 2020-09-04 12:32:29 
TT 560 296.5  40.6 296.5  40.6 1.05E-04 002.8 177.9  64.3 0.142542 0.462602 0.202368 hargrave 2020-09-04 20:39:06 
TT 567 285.0  43.5 285.0  43.5 6.40E-05 005.6 195.1  60.2 0.724676 0.259799 0.037236 hargrave 2020-09-15 08:47:51 
TT 577 283.7  02.8 283.7  02.8 1.30E-05 006.1 315.8  73.3 0.032119 0.134714 0.015900 hargrave 2020-09-16 11:27:10 
TT 590 341.9  43.2 341.9  43.2 1.93E-05 006.5 135.1  41.3 0.045610 0.262310 0.049094 hargrave 2020-09-16 18:05:41 
TT 610 274.0  52.4 274.0  52.4 1.01E-05 012.5 199.7  49.0 0.034120 0.219839 0.039044 hargrave 2020-09-17 15:03:53 
TT 610 267.9  51.8 267.9  51.8 1.04E-05 007.8 204.7  47.2 0.033680 0.135637 0.033827 hargrave 2020-09-17 16:31:11 
