BD11- 3a mag compass orientation (IGRF corrected)
      0  79.3  78.0   0.0   0.0   1.0
NRM    296.7  48.5 296.7  48.5 6.38E-03 002.6 219.1  33.3 16.55571 23.15279 4.495699 hargrave 2020-08-22 12:18:58 
TT 150 297.6  49.2 297.6  49.2 6.18E-03 002.5 218.0  33.6 16.28350 20.83881 3.698451 hargrave 2020-08-23 10:43:12 
TT 250 297.2  46.7 297.2  46.7 5.87E-03 005.0 220.9  34.3 34.17724 38.09568 3.683062 hargrave 2020-08-23 17:32:50 
TT 300 296.7  45.4 296.7  45.4 5.75E-03 002.1 222.5  34.4 15.40710 13.01570 4.813600 hargrave 2020-08-24 14:11:24 
TT 350 297.4  46.2 297.4  46.2 5.63E-03 002.3 221.4  34.6 17.18999 14.07397 6.027950 hargrave 2020-08-25 11:55:34 
TT 400 297.0  44.6 297.0  44.6 5.48E-03 002.0 223.3  34.8 14.71915 10.07751 7.207778 hargrave 2020-08-26 10:31:05 
TT 425 296.9  43.7 296.9  43.7 5.35E-03 001.6 224.5  35.1 11.36079 4.703146 8.254025 hargrave 2020-08-26 16:50:26 
TT 450 296.7  42.3 296.7  42.3 5.20E-03 001.5 226.1  35.4 10.31963 3.686759 7.657828 hargrave 2020-08-27 12:53:43 
TT 475 298.3  44.8 298.3  44.8 5.08E-03 001.2 222.7  35.6 6.916045 2.438772 7.333042 hargrave 2020-08-28 08:53:04 
TT 500 298.2  42.3 298.2  42.3 4.87E-03 002.6 225.7  36.4 17.46133 13.38267 4.711754 hargrave 2020-08-28 16:55:53 
TT 520 298.1  41.7 298.1  41.7 4.31E-03 002.7 226.5  36.6 15.68050 12.68363 2.894183 hargrave 2020-08-29 16:50:31 
TT 530 298.0  41.1 298.0  41.1 2.58E-03 004.2 227.2  36.7 14.68021 11.59406 2.085369 hargrave 2020-08-30 15:29:59 
TT 534 298.7  41.4 298.7  41.4 2.32E-03 003.5 226.6  37.1 10.24679 9.439799 1.175846 hargrave 2020-08-31 15:39:35 
TT 537 297.6  41.6 297.6  41.6 1.75E-03 003.9 226.6  36.3 8.384502 8.246877 1.243492 hargrave 2020-09-01 13:38:23 
TT 542 296.5  41.0 296.5  41.0 1.25E-03 003.8 227.7  35.7 5.435387 6.081113 0.871446 hargrave 2020-09-02 13:14:54 
TT 546 294.2  38.7 294.2  38.7 9.55E-04 001.6 231.0  34.6 2.061548 1.430005 0.709038 hargrave 2020-09-02 20:38:17 
TT 551 297.4  40.3 297.4  40.3 5.86E-04 001.8 228.2  36.5 0.884071 1.499098 0.499853 hargrave 2020-09-03 15:08:22 
TT 555 299.5  46.3 299.5  46.3 3.73E-04 002.8 220.7  35.9 1.083056 1.463217 0.313604 hargrave 2020-09-04 12:29:15 
TT 560 296.1  43.1 296.1  43.1 2.81E-04 004.3 225.3  34.7 1.498156 1.453296 0.293706 hargrave 2020-09-04 20:35:57 
TT 567 297.6  34.6 297.6  34.6 9.91E-05 004.5 235.2  38.1 0.353041 0.691555 0.185781 hargrave 2020-09-15 08:44:42 
TT 577 287.0  60.3 287.0  60.3 5.68E-05 008.8 208.7  24.0 0.449746 0.757908 0.051855 hargrave 2020-09-16 11:24:00 
TT 590 332.8  64.6 332.8  64.6 3.40E-05 004.4 188.7  36.1 0.051443 0.234889 0.125956 hargrave 2020-09-16 18:02:32 
TT 610 298.6  72.8 298.6  72.8 2.64E-05 006.8 194.4  22.4 0.049766 0.319899 0.032481 hargrave 2020-09-17 15:00:45 
