BD11- 2a mag compass orientation (IGRF corrected)
      0  40.3  74.0   0.0   0.0   1.0
NRM    300.5  49.3 300.5  49.3 5.25E-03 002.4 191.4  55.8 3.234221 21.50627 3.612870 hargrave 2020-08-22 12:14:29 
TT 150 296.1  46.9 296.1  46.9 5.11E-03 001.6 197.9  56.9 1.806740 13.92784 3.075761 hargrave 2020-08-23 10:38:44 
TT 250 295.8  45.2 295.8  45.2 4.88E-03 000.9 199.6  58.3 5.395501 5.116641 2.332677 hargrave 2020-08-23 17:29:09 
TT 300 295.0  44.2 295.0  44.2 4.77E-03 001.8 201.5  58.9 3.460879 14.70348 2.024155 hargrave 2020-08-24 14:06:56 
TT 350 296.0  44.0 296.0  44.0 4.68E-03 000.6 200.5  59.5 1.568750 4.005862 1.800559 hargrave 2020-08-25 11:51:06 
TT 400 293.7  42.6 293.7  42.6 4.58E-03 000.9 204.7  59.8 3.104284 6.587264 1.914627 hargrave 2020-08-26 10:26:35 
TT 425 293.9  42.4 293.9  42.4 4.47E-03 000.7 204.7  60.1 3.451248 3.222875 2.374806 hargrave 2020-08-26 16:45:56 
TT 450 295.7  42.9 295.7  42.9 4.34E-03 000.6 201.9  60.4 3.353926 2.617612 2.317505 hargrave 2020-08-27 12:49:13 
TT 475 296.0  42.4 296.0  42.4 4.23E-03 000.7 202.0  60.9 1.993451 4.202495 2.316380 hargrave 2020-08-28 08:48:34 
TT 500 297.7  43.3 297.7  43.3 3.99E-03 001.2 198.9  60.6 3.387284 7.857142 1.436856 hargrave 2020-08-28 16:52:10 
TT 520 295.0  41.1 295.0  41.1 3.38E-03 001.1 204.8  61.6 1.600264 5.965185 1.251022 hargrave 2020-08-29 16:46:49 
TT 530 294.5  42.9 294.5  42.9 1.88E-03 000.8 203.4  60.0 1.241163 2.193970 0.564728 hargrave 2020-08-30 15:25:28 
TT 534 293.1  41.2 293.1  41.2 1.66E-03 002.0 207.0  60.8 0.935755 5.402196 1.589457 hargrave 2020-08-31 15:35:05 
TT 537 292.2  40.3 292.2  40.3 1.22E-03 001.4 209.3  61.1 2.740627 0.675316 1.090536 hargrave 2020-09-01 13:33:54 
TT 542 291.7  40.0 291.7  40.0 8.56E-04 002.2 210.3  61.0 0.335124 3.247455 0.823250 hargrave 2020-09-02 13:10:26 
TT 546 283.3  38.2 283.3  38.2 6.11E-04 001.1 221.7  57.5 0.504368 1.223315 0.234759 hargrave 2020-09-02 20:34:33 
TT 551 293.8  34.3 293.8  34.3 3.85E-04 001.4 216.0  66.5 0.606447 0.676727 0.220355 hargrave 2020-09-03 15:03:54 
TT 555 291.3  42.9 291.3  42.9 2.51E-04 001.2 207.2  58.6 0.285626 0.409068 0.223135 hargrave 2020-09-04 12:25:34 
TT 560 289.8  35.1 289.8  35.1 1.51E-04 002.0 220.0  63.5 0.200156 0.479122 0.153369 hargrave 2020-09-04 20:31:28 
TT 567 295.8  25.6 295.8  25.6 7.41E-05 002.7 232.4  73.4 0.107071 0.319317 0.104189 hargrave 2020-09-14 18:52:01 
TT 577 322.4  72.8 322.4  72.8 3.75E-05 005.0 175.8  32.7 0.069493 0.324339 0.054126 hargrave 2020-09-16 11:20:21 
TT 590 343.8  33.0 343.8  33.0 2.72E-05 005.7 125.5  55.4 0.079176 0.291955 0.018872 hargrave 2020-09-16 17:59:39 
TT 610 127.8  74.2 127.8  74.2 4.48E-06 071.9 179.3  00.2 0.045459 0.601501 1.332921 hargrave 2020-09-17 14:56:19 
TT 610 330.8  31.5 330.8  31.5 1.35E-05 008.6 133.5  65.7 0.074999 0.193086 0.017902 hargrave 2020-09-17 16:27:53 
