BD11- 8a mag compass orientation (IGRF corrected)
      0  22.3  66.0   0.0   0.0   1.0
NRM    295.7  46.9 295.7  46.9 5.20E-03 001.2 174.1  66.9 9.920584 3.599467 4.062945 hargrave 2020-08-22 12:27:11 
TT 150 295.5  46.2 295.5  46.2 5.15E-03 001.1 174.1  67.7 6.620357 7.192954 3.305955 hargrave 2020-08-23 10:52:22 
TT 250 294.6  44.9 294.6  44.9 4.98E-03 000.8 175.5  69.0 6.044107 3.057279 2.797297 hargrave 2020-08-23 17:41:01 
TT 300 295.6  44.4 295.6  44.4 4.92E-03 000.6 173.4  69.4 4.438589 2.394144 2.012361 hargrave 2020-08-24 14:19:39 
TT 350 294.2  44.2 294.2  44.2 4.87E-03 000.5 176.1  69.7 2.967578 2.625401 1.577084 hargrave 2020-08-25 12:03:47 
TT 400 296.8  43.8 296.8  43.8 4.79E-03 002.1 170.5  69.9 2.084143 17.21600 0.928096 hargrave 2020-08-26 10:39:16 
TT 425 294.8  43.6 294.8  43.6 4.70E-03 000.6 174.5  70.3 2.048506 4.405587 1.298961 hargrave 2020-08-26 16:58:41 
TT 450 296.3  43.2 296.3  43.2 4.58E-03 001.0 171.3  70.5 2.632130 7.340897 1.206365 hargrave 2020-08-27 13:01:56 
TT 475 295.7  42.8 295.7  42.8 4.34E-03 000.5 172.3  71.0 1.811938 3.605729 1.241008 hargrave 2020-08-28 09:01:19 
TT 500 295.9  41.8 295.9  41.8 3.77E-03 000.5 171.3  72.0 1.984047 2.162379 1.020996 hargrave 2020-08-28 17:04:10 
TT 520 294.3  41.6 294.3  41.6 2.93E-03 001.0 175.1  72.3 3.599348 3.674199 1.158676 hargrave 2020-08-29 16:58:51 
TT 530 293.1  42.3 293.1  42.3 1.74E-03 000.4 178.1  71.6 0.856433 0.992037 0.400496 hargrave 2020-08-30 15:39:04 
TT 534 295.1  41.4 295.1  41.4 1.51E-03 001.9 173.1  72.4 3.097081 3.863989 1.255360 hargrave 2020-08-31 15:47:52 
TT 537 294.3  42.0 294.3  42.0 1.23E-03 001.8 175.1  71.9 3.456911 1.194720 1.123017 hargrave 2020-09-01 13:46:38 
TT 542 290.9  42.5 290.9  42.5 8.97E-04 001.4 183.2  71.5 1.938744 0.789528 0.716706 hargrave 2020-09-02 13:23:11 
TT 546 292.0  42.6 292.0  42.6 6.66E-04 001.4 180.7  71.4 1.318044 0.817816 0.581916 hargrave 2020-09-02 20:45:00 
TT 551 294.3  44.7 294.3  44.7 4.17E-04 001.5 175.9  69.3 0.985349 0.365299 0.365902 hargrave 2020-09-03 15:17:26 
TT 555 294.7  44.2 294.7  44.2 3.23E-04 002.0 175.1  69.7 0.852489 0.682923 0.315010 hargrave 2020-09-04 12:37:33 
TT 560 292.9  41.9 292.9  41.9 2.34E-04 001.7 178.5  72.1 0.549954 0.344904 0.230122 hargrave 2020-09-04 20:44:10 
TT 567 297.8  41.3 297.8  41.3 1.40E-04 001.4 166.5  72.1 0.118093 0.318169 0.083087 hargrave 2020-09-15 08:52:55 
TT 577 273.9  29.4 273.9  29.4 6.47E-05 000.9 247.7  72.7 0.036996 0.094192 0.025501 hargrave 2020-09-16 11:32:13 
TT 590 287.9  70.1 287.9  70.1 3.78E-05 006.7 182.1  43.8 0.038294 0.433428 0.086393 hargrave 2020-09-16 18:10:43 
TT 610 331.3  71.7 331.3  71.7 1.00E-05 014.2 165.6  37.5 0.040257 0.250985 0.049245 hargrave 2020-09-17 15:08:55 
TT 610 321.8  75.0 321.8  75.0 9.71E-06 012.1 170.9  36.8 0.044418 0.198165 0.052464 hargrave 2020-09-17 16:34:35 
