BD11- 7a mag compass orientation (IGRF corrected)
      0  26.3  72.0   0.0   0.0   1.0
NRM    292.8  44.2 292.8  44.2 1.61E-03 000.9 185.6  63.6 1.794348 1.567382 0.871087 hargrave 2020-08-22 12:25:26 
TT 150 290.0  42.9 290.0  42.9 1.59E-03 001.5 190.8  64.5 0.747146 4.135640 0.767783 hargrave 2020-08-23 10:50:37 
TT 250 291.6  41.7 291.6  41.7 1.53E-03 000.6 188.6  65.9 0.700297 1.335290 0.510377 hargrave 2020-08-23 17:39:16 
TT 300 291.2  41.4 291.2  41.4 1.50E-03 000.4 189.5  66.2 0.678661 0.676641 0.476590 hargrave 2020-08-24 14:17:55 
TT 350 290.1  40.8 290.1  40.8 1.48E-03 000.5 191.8  66.6 0.888961 0.977412 0.494105 hargrave 2020-08-25 12:02:03 
TT 400 289.4  40.8 289.4  40.8 1.45E-03 000.7 193.2  66.5 1.406116 0.676292 0.689026 hargrave 2020-08-26 10:37:32 
TT 425 290.2  40.6 290.2  40.6 1.41E-03 000.8 191.7  66.8 1.741138 0.814925 0.786426 hargrave 2020-08-26 16:56:56 
TT 450 289.9  40.1 289.9  40.1 1.35E-03 000.8 192.7  67.2 1.502361 0.888289 0.763502 hargrave 2020-08-27 13:00:12 
TT 475 289.8  39.4 289.8  39.4 1.25E-03 000.8 193.4  67.9 1.069234 1.194464 0.707543 hargrave 2020-08-28 08:59:34 
TT 500 291.7  37.6 291.7  37.6 1.07E-03 000.9 190.7  70.0 0.543161 1.491555 0.319780 hargrave 2020-08-28 17:02:25 
TT 520 290.9  36.7 290.9  36.7 8.28E-04 000.5 193.1  70.7 0.500986 0.559201 0.211220 hargrave 2020-08-29 16:57:07 
TT 530 288.6  35.7 288.6  35.7 4.43E-04 001.0 199.6  71.1 0.457552 0.665264 0.110933 hargrave 2020-08-30 15:36:29 
TT 534 289.5  37.6 289.5  37.6 3.75E-04 001.2 195.6  69.5 0.627243 0.368546 0.237235 hargrave 2020-08-31 15:46:07 
TT 537 289.6  33.6 289.6  33.6 3.14E-04 001.6 199.8  73.3 0.426205 0.706485 0.218725 hargrave 2020-09-01 13:44:54 
TT 542 292.4  38.7 292.4  38.7 2.30E-04 001.2 188.6  69.1 0.377873 0.204355 0.207836 hargrave 2020-09-02 13:21:26 
TT 546 280.8  39.3 280.8  39.3 1.81E-04 001.0 209.1  64.8 0.259573 0.157468 0.132650 hargrave 2020-09-02 20:43:34 
TT 551 283.4  39.5 283.4  39.5 1.17E-04 001.3 204.9  65.7 0.186303 0.191159 0.078567 hargrave 2020-09-03 15:14:52 
TT 555 291.2  39.6 291.2  39.6 9.90E-05 001.9 190.6  68.0 0.155966 0.294879 0.045923 hargrave 2020-09-04 12:35:48 
TT 560 291.7  43.1 291.7  43.1 7.84E-05 002.4 187.8  64.6 0.140073 0.268522 0.119944 hargrave 2020-09-04 20:42:25 
TT 567 287.0  37.4 287.0  37.4 4.53E-05 003.4 201.0  68.9 0.037360 0.273250 0.050445 hargrave 2020-09-15 08:51:10 
TT 577 265.4  21.7 265.4  21.7 1.90E-05 002.5 257.6  60.8 0.029088 0.104650 0.039043 hargrave 2020-09-16 11:30:28 
TT 590 020.9  01.9 020.9  01.9 8.54E-06 001.7 090.2  05.7 0.024193 0.148280 0.013391 hargrave 2020-09-16 18:08:59 
TT 610 076.5  48.0 076.5  48.0 7.54E-06 014.2 153.7 -15.1 0.022772 0.203968 0.029497 hargrave 2020-09-17 15:07:12 
TT 610 078.6  45.7 078.6  45.7 7.27E-06 010.4 153.3 -17.7 0.028672 0.123373 0.051018 hargrave 2020-09-17 16:32:51 
