BD11- 6a mag compass orientation (IGRF corrected)
      0  25.3  78.0   0.0   0.0   1.0
NRM    304.5  50.0 304.5  50.0 2.15E-03 001.0 170.6  51.3 2.964124 1.794089 1.814759 hargrave 2020-08-22 12:23:45 
TT 150 300.2  48.7 300.2  48.7 2.10E-03 001.4 174.7  53.1 2.909834 3.844174 1.459766 hargrave 2020-08-23 10:48:52 
TT 250 301.0  46.4 301.0  46.4 2.00E-03 000.8 173.1  55.3 1.829131 1.907092 1.081922 hargrave 2020-08-23 17:37:35 
TT 300 300.4  45.6 300.4  45.6 1.96E-03 001.6 173.7  56.1 2.092570 5.118692 0.942179 hargrave 2020-08-24 14:16:15 
TT 350 298.9  45.1 298.9  45.1 1.92E-03 000.5 175.4  56.7 0.683558 1.149659 0.871697 hargrave 2020-08-25 12:00:22 
TT 400 297.4  44.6 297.4  44.6 1.88E-03 000.6 177.2  57.4 0.749430 1.740767 0.998402 hargrave 2020-08-26 10:35:50 
TT 425 299.9  44.3 299.9  44.3 1.83E-03 001.8 173.8  57.5 1.654600 5.531100 1.425330 hargrave 2020-08-26 16:55:15 
TT 450 302.0  43.5 302.0  43.5 1.77E-03 000.6 170.9  58.0 1.091708 1.146707 1.308501 hargrave 2020-08-27 12:58:31 
TT 475 298.1  43.6 298.1  43.6 1.65E-03 001.2 176.2  58.3 0.774511 3.272041 1.049302 hargrave 2020-08-28 08:57:53 
TT 500 300.8  43.4 300.8  43.4 1.50E-03 000.5 172.4  58.3 0.498820 1.089808 0.808110 hargrave 2020-08-28 17:00:42 
TT 520 297.2  43.7 297.2  43.7 1.24E-03 000.7 177.4  58.2 0.763172 1.235692 0.545800 hargrave 2020-08-29 16:55:25 
TT 530 298.7  44.9 298.7  44.9 7.75E-04 001.1 175.6  57.0 0.332646 1.464406 0.307360 hargrave 2020-08-30 15:34:48 
TT 534 298.0  44.0 298.0  44.0 6.61E-04 001.1 176.4  57.9 1.064606 0.324753 0.676770 hargrave 2020-08-31 15:44:25 
TT 537 303.1  40.7 303.1  40.7 4.78E-04 001.5 168.0  60.5 1.022556 0.293237 0.666763 hargrave 2020-09-01 13:43:13 
TT 542 304.8  43.0 304.8  43.0 3.03E-04 001.1 166.9  57.9 0.447285 0.193531 0.333989 hargrave 2020-09-02 13:19:45 
TT 546 295.0  40.2 295.0  40.2 2.23E-04 001.1 180.5  61.8 0.303824 0.263592 0.127110 hargrave 2020-09-02 20:42:11 
TT 551 294.2  36.5 294.2  36.5 1.37E-04 001.1 182.1  65.5 0.213134 0.153556 0.077122 hargrave 2020-09-03 15:13:11 
TT 555 303.0  45.9 303.0  45.9 9.65E-05 002.0 170.5  55.5 0.199193 0.267918 0.084359 hargrave 2020-09-04 12:34:07 
TT 560 299.0  36.9 299.0  36.9 6.62E-05 003.1 173.1  64.8 0.116054 0.329481 0.099783 hargrave 2020-09-04 20:40:43 
TT 567 303.1  35.7 303.1  35.7 4.35E-05 003.6 164.7  65.2 0.054777 0.264537 0.047944 hargrave 2020-09-15 08:49:29 
TT 577 271.8  34.8 271.8  34.8 2.15E-05 003.0 219.1  58.8 0.023098 0.115346 0.019208 hargrave 2020-09-16 11:28:48 
TT 590 328.5  27.4 328.5  27.4 2.23E-05 004.3 121.4  55.3 0.087161 0.164341 0.053560 hargrave 2020-09-16 18:07:19 
TT 610 032.0  24.3 032.0  24.3 1.35E-05 005.6 115.2 -01.1 0.060073 0.162492 0.048589 hargrave 2020-09-17 15:05:30 
