BD11- 1a mag compass orientation (IGRF corrected)
      0  40.3  84.0   0.0   0.0   1.0
NRM    295.9  50.4 295.9  50.4 4.57E-03 001.6 192.7  44.0 7.581360 7.389453 7.634951 hargrave 2020-08-22 12:12:57 
TT 150 298.6  50.2 298.6  50.2 4.47E-03 001.8 190.5  44.7 4.522534 12.47405 5.630808 hargrave 2020-08-23 10:37:12 
TT 250 294.7  47.8 294.7  47.8 4.24E-03 001.1 195.1  46.1 6.517551 1.710876 5.000723 hargrave 2020-08-23 17:27:36 
TT 300 292.2  46.5 292.2  46.5 4.13E-03 001.5 198.1  46.6 2.354928 10.09385 4.172390 hargrave 2020-08-24 14:05:23 
TT 350 294.7  46.9 294.7  46.9 4.04E-03 000.9 195.6  47.0 4.421290 3.521786 2.906044 hargrave 2020-08-25 11:49:33 
TT 400 297.1  47.2 297.1  47.2 3.94E-03 000.5 193.3  47.3 2.137976 2.014899 1.855408 hargrave 2020-08-26 10:25:02 
TT 425 297.3  46.9 297.3  46.9 3.83E-03 001.7 193.2  47.6 3.625493 10.74089 1.808918 hargrave 2020-08-26 16:44:23 
TT 450 294.7  46.1 294.7  46.1 3.72E-03 000.7 196.1  47.6 1.582027 3.976861 1.772032 hargrave 2020-08-27 12:47:40 
TT 475 295.6  46.2 295.6  46.2 3.60E-03 001.2 195.2  47.8 1.502242 7.405661 1.757039 hargrave 2020-08-28 08:47:01 
TT 500 299.7  46.8 299.7  46.8 3.36E-03 001.6 190.9  48.1 4.436399 8.037760 2.436396 hargrave 2020-08-28 16:50:36 
TT 520 295.1  45.0 295.1  45.0 2.84E-03 001.2 196.4  48.8 2.768672 4.847053 2.557244 hargrave 2020-08-29 16:45:15 
TT 530 293.7  45.5 293.7  45.5 1.52E-03 001.2 197.4  48.0 0.666666 2.929862 1.018722 hargrave 2020-08-30 15:23:55 
TT 534 298.0  46.1 298.0  46.1 1.35E-03 002.4 192.9  48.5 3.750668 3.422848 2.408328 hargrave 2020-08-31 15:33:31 
TT 537 297.0  44.7 297.0  44.7 9.33E-04 002.1 194.6  49.6 2.675634 0.439300 2.145851 hargrave 2020-09-01 13:32:20 
TT 542 292.2  42.9 292.2  42.9 6.54E-04 001.8 200.6  49.8 1.338732 0.902563 1.199861 hargrave 2020-09-02 13:08:52 
TT 546 289.2  43.5 289.2  43.5 4.94E-04 001.9 203.0  48.1 1.081137 0.463541 1.128778 hargrave 2020-09-02 20:33:18 
TT 551 288.9  44.6 288.9  44.6 2.81E-04 002.0 202.4  47.2 0.773169 0.285927 0.498993 hargrave 2020-09-03 15:02:20 
TT 555 296.2  42.0 296.2  42.0 2.15E-04 002.0 197.1  51.9 0.577666 0.188013 0.444678 hargrave 2020-09-04 12:24:00 
TT 560 290.2  41.5 290.2  41.5 1.41E-04 002.6 203.7  50.3 0.114481 0.536480 0.320878 hargrave 2020-09-04 20:29:55 
TT 567 318.4  40.8 318.4  40.8 5.76E-05 002.1 169.5  54.5 0.105957 0.199080 0.035058 hargrave 2020-09-14 18:50:29 
TT 577 032.1  53.8 032.1  53.8 3.51E-05 001.3 143.7  09.7 0.106714 0.120897 0.048862 hargrave 2020-09-16 11:18:48 
TT 590 013.2  72.6 013.2  72.6 2.72E-05 004.5 164.1  13.6 0.076824 0.229397 0.028320 hargrave 2020-09-16 17:58:07 
TT 610 026.8  59.4 026.8  59.4 1.44E-05 007.2 149.6  12.0 0.063692 0.185325 0.020463 hargrave 2020-09-17 14:54:46 
