BD12- 8a mag compass orientation (IGRF corrected)
      0 227.4  66.0   0.0   0.0   1.0
NRM    294.4  39.2 294.4  39.2 6.87E-03 001.5 160.8 -23.2 2.158524 15.91253 7.550914 hargrave 2020-08-22 12:44:08 
TT 150 292.9  37.8 292.9  37.8 6.63E-03 000.8 159.0 -24.0 1.958289 6.680716 6.490326 hargrave 2020-08-23 11:09:19 
TT 250 293.0  37.5 293.0  37.5 6.18E-03 002.8 158.9 -24.3 10.32205 27.61206 4.044061 hargrave 2020-08-23 17:57:16 
TT 300 297.1  38.7 297.1  38.7 6.00E-03 001.5 162.7 -24.4 3.976929 14.81191 3.906180 hargrave 2020-08-24 14:38:17 
TT 350 297.0  38.6 297.0  38.6 5.81E-03 001.5 162.6 -24.6 5.520430 13.41199 4.698871 hargrave 2020-08-25 12:21:37 
TT 400 293.3  37.3 293.3  37.3 5.61E-03 001.3 159.0 -24.7 2.877786 11.21577 5.454748 hargrave 2020-08-26 10:56:25 
TT 425 295.2  37.7 295.2  37.7 5.44E-03 001.2 160.8 -24.9 5.189072 7.852501 6.401653 hargrave 2020-08-26 17:15:47 
TT 450 293.6  37.0 293.6  37.0 5.27E-03 000.9 159.1 -25.0 3.994297 3.723626 6.082083 hargrave 2020-08-27 13:18:57 
TT 475 296.8  37.9 296.8  37.9 5.08E-03 002.0 162.2 -25.1 3.563077 16.54443 5.105106 hargrave 2020-08-28 09:19:08 
TT 500 289.9  35.3 289.9  35.3 4.84E-03 002.0 155.4 -25.2 6.526643 15.25290 4.023247 hargrave 2020-08-28 17:19:41 
TT 520 292.9  36.7 292.9  36.7 4.52E-03 001.3 158.4 -25.1 3.964938 8.961220 2.912300 hargrave 2020-08-29 17:17:54 
TT 530 296.3  37.8 296.3  37.8 4.07E-03 001.1 161.6 -25.1 1.689122 6.655579 3.221402 hargrave 2020-08-30 15:56:58 
TT 534 295.3  37.7 295.3  37.7 3.78E-03 001.4 160.8 -24.9 4.627624 5.068868 5.833112 hargrave 2020-08-31 17:31:36 
TT 537 295.4  38.1 295.4  38.1 3.49E-03 002.5 161.1 -24.5 1.658130 13.85073 6.660255 hargrave 2020-09-01 14:03:41 
TT 542 294.4  38.3 294.4  38.3 3.13E-03 001.6 160.4 -24.1 1.159673 7.761145 4.017990 hargrave 2020-09-02 13:43:59 
TT 546 294.4  38.5 294.4  38.5 2.80E-03 002.3 160.5 -23.8 1.647983 10.36526 4.466096 hargrave 2020-09-02 20:58:30 
TT 551 292.8  38.4 292.8  38.4 2.49E-03 001.0 159.2 -23.5 1.818267 1.214471 3.941104 hargrave 2020-09-03 15:33:40 
TT 555 290.9  37.4 290.9  37.4 2.28E-03 002.9 157.2 -23.7 2.505113 10.48197 4.018476 hargrave 2020-09-04 12:54:44 
TT 560 294.0  39.0 294.0  39.0 2.10E-03 001.1 160.4 -23.3 2.036126 1.134661 3.443763 hargrave 2020-09-04 21:00:19 
TT 567 293.0  38.0 293.0  38.0 1.72E-03 000.8 159.2 -23.9 1.205650 1.796099 1.308625 hargrave 2020-09-15 09:07:34 
TT 577 288.3  35.9 288.3  35.9 8.48E-04 000.9 154.4 -24.1 0.247357 1.075318 0.714241 hargrave 2020-09-16 11:47:32 
TT 590 288.8  38.6 288.8  38.6 2.98E-04 002.9 156.3 -21.9 0.352395 1.430263 0.306855 hargrave 2020-09-16 18:25:14 
TT 610 299.1  15.8 299.1  15.8 3.68E-05 007.6 154.1 -46.4 0.123786 0.485327 0.030600 hargrave 2020-09-17 15:55:10 
