BD12- 2a mag compass orientation (IGRF corrected)
      0 240.4  29.0   0.0   0.0   1.0
NRM    293.6  41.5 293.6  41.5 6.72E-03 000.6 152.1  16.8 2.674133 5.246919 4.657900 hargrave 2020-08-22 12:30:35 
TT 150 288.8  40.2 288.8  40.2 6.60E-03 004.9 148.0  16.8 30.44905 47.58317 4.550656 hargrave 2020-08-23 10:55:46 
TT 250 289.2  39.6 289.2  39.6 6.33E-03 002.2 148.1  16.1 12.73625 20.57516 4.519131 hargrave 2020-08-23 17:44:25 
TT 300 288.7  39.4 288.7  39.4 6.21E-03 002.5 147.7  16.0 13.28523 22.94737 6.301982 hargrave 2020-08-24 14:23:04 
TT 350 294.8  40.6 294.8  40.6 6.07E-03 002.0 152.7  15.7 8.112918 18.56098 7.193664 hargrave 2020-08-25 12:08:03 
TT 400 286.8  38.5 286.8  38.5 5.94E-03 001.0 145.9  15.7 2.309946 4.194640 9.611213 hargrave 2020-08-26 10:42:42 
TT 425 292.9  40.0 292.9  40.0 5.83E-03 001.1 151.0  15.5 2.678081 2.229328 10.19067 hargrave 2020-08-26 17:02:07 
TT 450 290.9  39.2 290.9  39.2 5.72E-03 001.1 149.3  15.2 1.975882 3.232938 10.69773 hargrave 2020-08-27 13:05:22 
TT 475 288.3  38.3 288.3  38.3 5.54E-03 001.9 147.0  15.0 7.472352 14.34030 8.908422 hargrave 2020-08-28 09:05:33 
TT 500 287.0  37.7 287.0  37.7 5.26E-03 003.0 145.7  14.8 16.00309 21.15098 6.603763 hargrave 2020-08-28 17:07:37 
TT 520 291.7  39.0 291.7  39.0 4.96E-03 001.6 149.8  14.8 6.446903 11.61676 3.956956 hargrave 2020-08-29 17:02:18 
TT 530 291.2  38.7 291.2  38.7 4.34E-03 000.8 149.4  14.6 0.998328 2.114770 5.564578 hargrave 2020-08-30 15:43:19 
TT 534 291.6  39.1 291.6  39.1 3.86E-03 002.1 149.8  14.9 7.539945 11.97826 2.957687 hargrave 2020-08-31 15:51:18 
TT 537 289.5  39.0 289.5  39.0 3.24E-03 003.7 148.1  15.4 11.61515 17.23381 3.508250 hargrave 2020-09-01 13:50:53 
TT 542 288.1  39.6 288.1  39.6 2.56E-03 001.2 147.3  16.3 2.395726 4.257577 2.316282 hargrave 2020-09-02 13:26:41 
TT 546 287.0  39.4 287.0  39.4 2.12E-03 002.6 146.4  16.5 5.286412 7.880658 1.659363 hargrave 2020-09-02 20:47:49 
TT 551 288.7  39.9 288.7  39.9 1.77E-03 001.5 147.9  16.5 2.105675 3.722587 1.453908 hargrave 2020-09-03 15:20:53 
TT 555 283.9  39.7 283.9  39.7 1.59E-03 003.9 144.2  17.6 6.711222 8.438381 1.782616 hargrave 2020-09-04 12:41:49 
TT 560 283.4  39.0 283.4  39.0 1.45E-03 003.9 143.5  17.0 5.947806 7.584867 1.539718 hargrave 2020-09-04 20:47:34 
TT 567 283.4  38.2 283.4  38.2 1.24E-03 001.2 143.2  16.3 1.304707 2.039523 0.987802 hargrave 2020-09-15 08:56:22 
TT 577 282.6  38.6 282.6  38.6 7.95E-04 003.3 142.8  16.9 2.656122 3.622793 0.672262 hargrave 2020-09-16 11:35:38 
TT 590 291.5  40.6 291.5  40.6 2.54E-04 004.5 150.2  16.4 0.867918 1.822502 0.191368 hargrave 2020-09-16 18:14:08 
TT 610 311.6  41.1 311.6  41.1 5.46E-05 000.9 165.5  13.2 0.181987 0.064496 0.043330 hargrave 2020-09-17 15:12:19 
