BD12- 6a mag compass orientation (IGRF corrected)
      0 153.4  19.0   0.0   0.0   1.0
NRM    290.4  44.5 290.4  44.5 9.54E-03 001.6 217.2  30.3 8.453803 22.54348 12.12915 hargrave 2020-08-22 12:40:39 
TT 150 290.8  42.9 290.8  42.9 9.31E-03 002.0 218.0  28.8 23.48311 18.94017 13.34573 hargrave 2020-08-23 11:05:00 
TT 250 293.6  41.3 293.6  41.3 8.72E-03 000.7 220.8  27.9 3.165777 5.262687 9.356756 hargrave 2020-08-23 17:53:44 
TT 300 290.7  41.9 290.7  41.9 8.45E-03 001.7 218.2  27.8 12.91687 20.77382 7.843311 hargrave 2020-08-24 14:33:56 
TT 350 289.9  42.0 289.9  42.0 8.18E-03 001.0 217.6  27.8 5.750425 11.52909 6.894714 hargrave 2020-08-25 12:17:19 
TT 400 292.5  41.3 292.5  41.3 7.94E-03 000.8 219.9  27.6 6.608559 7.908780 4.715636 hargrave 2020-08-26 10:52:55 
TT 425 291.0  41.8 291.0  41.8 7.72E-03 003.4 218.5  27.8 27.88690 36.04592 4.632655 hargrave 2020-08-26 17:12:17 
TT 450 292.3  41.7 292.3  41.7 7.53E-03 001.3 219.6  27.9 11.72404 12.41625 4.536275 hargrave 2020-08-27 13:13:48 
TT 475 293.1  41.7 293.1  41.7 7.27E-03 001.8 220.2  28.2 15.26772 16.65298 4.630035 hargrave 2020-08-28 09:15:40 
TT 500 282.9  43.7 282.9  43.7 6.87E-03 001.3 211.5  28.1 8.257527 12.83913 4.052769 hargrave 2020-08-28 17:16:10 
TT 520 295.7  41.7 295.7  41.7 6.34E-03 002.6 222.4  28.7 22.08262 17.28417 8.118787 hargrave 2020-08-29 17:12:41 
TT 530 291.2  42.8 291.2  42.8 5.47E-03 001.1 218.3  28.8 6.678779 6.721975 3.585995 hargrave 2020-08-30 15:53:27 
TT 534 289.5  42.8 289.5  42.8 4.80E-03 001.4 217.0  28.5 6.852903 2.402950 8.972166 hargrave 2020-08-31 17:28:07 
TT 537 287.0  42.4 287.0  42.4 4.19E-03 001.9 215.1  27.7 1.695897 8.768410 10.32757 hargrave 2020-09-01 14:00:10 
TT 542 287.3  41.8 287.3  41.8 3.52E-03 002.8 215.5  27.1 9.575312 12.50812 7.881404 hargrave 2020-09-02 13:40:23 
TT 546 291.8  39.7 291.8  39.7 3.10E-03 003.3 219.8  25.9 7.673005 14.66612 6.954051 hargrave 2020-09-02 20:55:35 
TT 551 285.8  41.3 285.8  41.3 2.70E-03 001.3 214.4  26.4 1.967185 2.243122 5.513714 hargrave 2020-09-03 15:30:10 
TT 555 285.9  41.2 285.9  41.2 2.46E-03 004.5 214.5  26.2 7.999876 16.69586 5.397741 hargrave 2020-09-04 12:50:24 
TT 560 288.5  40.6 288.5  40.6 2.24E-03 004.2 216.8  26.1 7.366711 13.93213 4.804082 hargrave 2020-09-04 20:56:49 
TT 567 281.8  42.9 281.8  42.9 1.83E-03 001.8 210.8  27.2 1.690730 5.202831 1.883163 hargrave 2020-09-15 09:04:04 
TT 577 279.8  43.9 279.8  43.9 1.10E-03 000.9 208.9  27.8 0.924614 0.469644 1.505027 hargrave 2020-09-16 11:44:03 
TT 590 282.2  44.2 282.2  44.2 3.54E-04 001.5 210.8  28.5 0.160259 0.710720 0.640349 hargrave 2020-09-16 18:21:47 
TT 610 297.0  33.0 297.0  33.0 9.66E-05 003.9 226.2  20.6 0.227948 0.615284 0.235090 hargrave 2020-09-17 15:51:42 
