BD12- 1a mag compass orientation (IGRF corrected)
      0 244.4  25.0   0.0   0.0   1.0
NRM    291.1  40.8 291.1  40.8 6.63E-03 001.0 146.2  21.1 6.987241 8.179494 4.698016 hargrave 2020-08-22 12:28:54 
TT 150 287.9  39.8 287.9  39.8 6.56E-03 000.6 143.4  21.0 3.624362 3.745028 4.285140 hargrave 2020-08-23 10:54:05 
TT 250 287.3  39.0 287.3  39.0 6.28E-03 001.7 142.6  20.3 10.88831 14.08488 4.405514 hargrave 2020-08-23 17:42:44 
TT 300 285.6  38.4 285.6  38.4 6.15E-03 001.8 141.1  20.2 11.51671 15.09308 5.090617 hargrave 2020-08-24 14:21:23 
TT 350 288.9  39.3 288.9  39.3 6.00E-03 002.1 144.0  20.2 10.64249 17.83814 7.259793 hargrave 2020-08-25 12:05:33 
TT 400 286.8  38.5 286.8  38.5 5.87E-03 001.4 142.1  20.0 5.098164 10.47345 8.120080 hargrave 2020-08-26 10:41:01 
TT 425 288.0  38.8 288.0  38.8 5.74E-03 001.3 143.1  19.9 4.087329 8.986240 8.419378 hargrave 2020-08-26 17:00:26 
TT 450 287.0  38.1 287.0  38.1 5.63E-03 001.5 142.0  19.5 8.969321 8.162773 8.203270 hargrave 2020-08-27 13:03:41 
TT 475 287.5  38.1 287.5  38.1 5.46E-03 001.9 142.4  19.4 9.235272 14.38461 7.045155 hargrave 2020-08-28 09:03:52 
TT 500 282.5  36.4 282.5  36.4 5.22E-03 002.3 137.9  19.1 14.70536 13.95768 6.776452 hargrave 2020-08-28 17:05:55 
TT 520 285.4  37.4 285.4  37.4 4.98E-03 001.7 140.6  19.2 9.225120 10.22314 4.529490 hargrave 2020-08-29 17:00:36 
TT 530 284.0  36.4 284.0  36.4 4.50E-03 001.6 139.1  18.7 8.536673 7.495989 4.791346 hargrave 2020-08-30 15:40:49 
TT 534 288.7  38.1 288.7  38.1 4.16E-03 001.3 143.4  19.0 5.787308 6.648014 3.041146 hargrave 2020-08-31 15:49:37 
TT 537 287.6  38.2 287.6  38.2 3.64E-03 003.3 142.6  19.5 13.49157 15.80118 3.727117 hargrave 2020-09-01 13:48:22 
TT 542 281.4  37.4 281.4  37.4 3.00E-03 001.0 137.4  20.4 3.721870 3.119671 2.247006 hargrave 2020-09-02 13:25:00 
TT 546 287.1  39.5 287.1  39.5 2.49E-03 005.3 142.7  20.8 13.79535 18.22424 1.513642 hargrave 2020-09-02 20:46:26 
TT 551 283.2  38.7 283.2  38.7 2.03E-03 001.1 139.3  21.1 2.555834 2.706026 1.320319 hargrave 2020-09-03 15:19:11 
TT 555 285.1  39.5 285.1  39.5 1.80E-03 000.8 141.1  21.3 0.981999 1.597986 1.480057 hargrave 2020-09-04 12:39:18 
TT 560 284.5  39.1 284.5  39.1 1.60E-03 004.4 140.5  21.2 7.956469 9.494536 1.028165 hargrave 2020-09-04 20:45:53 
TT 567 281.0  37.8 281.0  37.8 1.33E-03 001.8 137.3  20.9 2.332368 3.311921 1.247745 hargrave 2020-09-15 08:54:40 
TT 577 281.9  38.8 281.9  38.8 8.73E-04 001.5 138.4  21.6 1.224731 1.785556 0.885448 hargrave 2020-09-16 11:33:56 
TT 590 278.7  38.5 278.7  38.5 2.85E-04 002.4 135.7  22.1 0.626615 1.008399 0.211345 hargrave 2020-09-16 18:12:28 
TT 610 305.4  36.3 305.4  36.3 7.91E-05 002.6 156.2  13.8 0.061346 0.367892 0.119280 hargrave 2020-09-17 15:10:39 
