BD12- 5a mag compass orientation (IGRF corrected)
      0 212.4  26.0   0.0   0.0   1.0
NRM    287.1  37.9 287.1  37.9 5.53E-03 002.2 167.7  12.6 2.773355 20.02403 7.389188 hargrave 2020-08-22 12:39:02 
TT 150 291.9  37.7 291.9  37.7 5.41E-03 002.0 171.5  12.0 4.001338 17.63696 6.278840 hargrave 2020-08-23 11:03:23 
TT 250 292.3  37.0 292.3  37.0 5.12E-03 001.1 171.8  11.3 1.960771 8.772129 4.353971 hargrave 2020-08-23 17:52:07 
TT 300 290.1  36.7 290.1  36.7 4.98E-03 001.7 170.0  11.2 2.271854 13.66792 3.907830 hargrave 2020-08-24 14:32:19 
TT 350 291.6  36.7 291.6  36.7 4.82E-03 003.2 171.2  11.1 3.684827 26.60691 3.348095 hargrave 2020-08-25 12:15:41 
TT 400 293.7  36.8 293.7  36.8 4.68E-03 005.2 172.9  11.0 4.465900 42.43794 3.894298 hargrave 2020-08-26 10:50:26 
TT 425 292.0  36.8 292.0  36.8 4.58E-03 001.0 171.5  11.1 0.785872 6.522040 5.078578 hargrave 2020-08-26 17:10:39 
TT 450 292.0  36.6 292.0  36.6 4.46E-03 000.9 171.5  11.0 1.480386 4.173936 5.175187 hargrave 2020-08-27 13:12:11 
TT 475 287.0  36.3 287.0  36.3 4.27E-03 006.4 167.4  11.0 10.26048 46.61145 4.400700 hargrave 2020-08-28 09:13:13 
TT 500 288.3  36.3 288.3  36.3 4.04E-03 001.4 168.5  10.9 2.263272 9.166111 3.504095 hargrave 2020-08-28 17:14:32 
TT 520 292.0  36.6 292.0  36.6 3.73E-03 002.8 171.5  11.0 2.756565 18.12857 2.526121 hargrave 2020-08-29 17:10:13 
TT 530 290.9  36.7 290.9  36.7 3.17E-03 002.9 170.6  11.1 2.145029 16.00719 2.346823 hargrave 2020-08-30 15:51:00 
TT 534 293.1  36.9 293.1  36.9 2.78E-03 002.2 172.4  11.2 2.095227 8.941544 5.215134 hargrave 2020-08-31 15:59:03 
TT 537 291.0  37.2 291.0  37.2 2.39E-03 005.5 170.7  11.6 4.686487 21.58719 5.801625 hargrave 2020-09-01 13:58:32 
TT 542 294.8  37.6 294.8  37.6 1.98E-03 001.7 173.9  11.8 1.205081 4.212963 3.847384 hargrave 2020-09-02 13:34:21 
TT 546 291.7  37.6 291.7  37.6 1.68E-03 006.9 171.4  12.0 3.560555 19.91048 3.324647 hargrave 2020-09-02 20:54:13 
TT 551 290.9  37.8 290.9  37.8 1.46E-03 004.1 170.8  12.2 2.139273 9.785419 2.661801 hargrave 2020-09-03 15:28:32 
TT 555 289.2  38.0 289.2  38.0 1.33E-03 006.6 169.4  12.5 3.315832 14.68674 2.624970 hargrave 2020-09-04 12:48:46 
TT 560 289.2  37.6 289.2  37.6 1.23E-03 003.7 169.4  12.2 1.847497 7.462621 2.247492 hargrave 2020-09-04 20:55:12 
TT 567 288.2  37.4 288.2  37.4 1.05E-03 001.2 168.5  12.1 0.559550 1.918659 1.082159 hargrave 2020-09-15 09:02:27 
TT 577 286.6  37.8 286.6  37.8 6.69E-04 001.4 167.3  12.6 0.579438 1.293908 0.845371 hargrave 2020-09-16 11:42:26 
TT 590 291.1  39.2 291.1  39.2 2.38E-04 003.3 171.0  13.6 0.228153 1.306055 0.373548 hargrave 2020-09-16 18:20:10 
TT 610 325.7  28.3 325.7  28.3 5.68E-05 003.4 200.4  04.1 0.087192 0.279335 0.177425 hargrave 2020-09-17 15:50:06 
