BD12- 3a sun compass orientation
      0 234.4  24.0   0.0   0.0   1.0
NRM    289.1  43.0 289.1  43.0 6.77E-03 001.5 152.8  22.3 4.248328 15.65986 8.302660 hargrave 2020-08-22 12:32:13 
TT 150 289.7  42.7 289.7  42.7 6.70E-03 001.5 153.1  21.9 9.785982 12.13040 6.969845 hargrave 2020-08-23 10:57:24 
TT 250 286.9  41.6 286.9  41.6 6.46E-03 001.0 150.7  21.4 6.831490 7.279229 5.705153 hargrave 2020-08-23 17:46:02 
TT 300 288.8  41.7 288.8  41.7 6.35E-03 000.5 152.2  21.2 3.097447 2.237751 4.619340 hargrave 2020-08-24 14:24:41 
TT 350 290.8  42.2 290.8  42.2 6.21E-03 001.6 153.9  21.3 6.530788 14.90953 4.895286 hargrave 2020-08-25 12:09:41 
TT 400 290.2  41.8 290.2  41.8 6.09E-03 000.7 153.3  21.0 2.206698 3.862210 5.407739 hargrave 2020-08-26 10:44:20 
TT 425 290.5  41.8 290.5  41.8 5.98E-03 000.6 153.5  20.9 1.765022 2.513781 5.976850 hargrave 2020-08-26 17:03:46 
TT 450 290.2  41.4 290.2  41.4 5.86E-03 001.2 153.3  20.6 5.737302 8.259575 6.168906 hargrave 2020-08-27 13:06:59 
TT 475 288.0  40.7 288.0  40.7 5.66E-03 000.9 151.3  20.4 3.289867 6.764396 5.333854 hargrave 2020-08-28 09:07:11 
TT 500 283.1  39.4 283.1  39.4 5.40E-03 002.0 147.1  20.1 10.10561 15.59187 3.982570 hargrave 2020-08-28 17:09:17 
TT 520 292.5  41.3 292.5  41.3 5.09E-03 002.4 155.0  20.1 9.669458 18.38187 3.194481 hargrave 2020-08-29 17:04:01 
TT 530 287.5  40.0 287.5  40.0 4.45E-03 001.8 150.8  19.7 6.548022 12.47953 2.631841 hargrave 2020-08-30 15:44:58 
TT 534 289.0  40.7 289.0  40.7 3.91E-03 002.5 152.1  20.2 9.509171 12.84291 6.418864 hargrave 2020-08-31 15:53:01 
TT 537 289.2  41.3 289.2  41.3 3.21E-03 004.8 152.5  20.7 14.27247 22.34782 6.171123 hargrave 2020-09-01 13:52:31 
TT 542 285.5  41.4 285.5  41.4 2.45E-03 001.4 149.6  21.5 1.456030 4.446852 4.050319 hargrave 2020-09-02 13:28:19 
TT 546 288.3  42.4 288.3  42.4 1.96E-03 003.4 152.0  21.9 6.019393 9.268958 3.517081 hargrave 2020-09-02 20:49:09 
TT 551 283.0  41.9 283.0  41.9 1.56E-03 001.0 147.8  22.5 0.781034 1.005214 2.411445 hargrave 2020-09-03 15:22:31 
TT 555 280.8  42.2 280.8  42.2 1.38E-03 001.3 146.2  23.2 1.875306 1.235634 2.200376 hargrave 2020-09-04 12:43:28 
TT 560 284.8  43.0 284.8  43.0 1.25E-03 002.0 149.5  23.2 2.576144 2.885515 1.971515 hargrave 2020-09-04 20:49:12 
TT 567 280.4  41.9 280.4  41.9 1.03E-03 000.9 145.8  23.1 0.587686 1.207651 0.808840 hargrave 2020-09-15 08:58:00 
TT 577 282.8  43.3 282.8  43.3 6.48E-04 002.6 148.1  23.9 1.703649 2.305965 0.569469 hargrave 2020-09-16 11:37:15 
TT 590 277.2  44.0 277.2  44.0 2.48E-04 001.4 144.1  25.8 0.320252 0.432550 0.282670 hargrave 2020-09-16 18:15:46 
TT 610 307.4  44.9 307.4  44.9 6.29E-05 006.5 167.1  21.6 0.138500 0.696874 0.119107 hargrave 2020-09-17 15:13:56 
