BD12- 7a sun compass orientation
      0 217.6  81.0   0.0   0.0   1.0
NRM    273.8  37.8 273.8  37.8 8.41E-03 003.1 148.2 -33.6 18.39009 41.39044 8.304381 hargrave 2020-08-22 12:42:22 
TT 150 271.4  35.6 271.4  35.6 8.17E-03 002.2 144.6 -33.9 16.06071 26.14825 6.883656 hargrave 2020-08-23 11:07:33 
TT 250 272.9  36.2 272.9  36.2 7.64E-03 003.8 146.2 -34.2 29.36876 41.61615 4.883784 hargrave 2020-08-23 17:55:30 
TT 300 271.9  35.5 271.9  35.5 7.44E-03 001.6 144.9 -34.2 11.19174 17.13232 4.493546 hargrave 2020-08-24 14:35:39 
TT 350 273.3  36.3 273.3  36.3 7.22E-03 001.6 146.7 -34.4 11.61272 15.14958 4.451120 hargrave 2020-08-25 12:19:51 
TT 400 273.5  36.5 273.5  36.5 7.01E-03 001.0 147.0 -34.3 7.449038 7.084664 6.226011 hargrave 2020-08-26 10:54:39 
TT 425 271.7  34.8 271.7  34.8 6.82E-03 001.2 144.2 -34.6 9.211936 8.183566 6.172256 hargrave 2020-08-26 17:14:01 
TT 450 274.8  37.0 274.8  37.0 6.64E-03 001.1 148.3 -34.7 8.234208 8.653004 5.258028 hargrave 2020-08-27 13:16:20 
TT 475 272.7  35.3 272.7  35.3 6.41E-03 000.6 145.4 -34.8 2.436538 4.641244 4.751027 hargrave 2020-08-28 09:17:22 
TT 500 268.3  30.9 268.3  30.9 6.07E-03 000.7 138.4 -35.1 4.971715 4.420692 4.084075 hargrave 2020-08-28 17:17:54 
TT 520 274.1  36.1 274.1  36.1 5.61E-03 000.7 147.0 -35.0 3.235436 5.373591 3.219573 hargrave 2020-08-29 17:15:14 
TT 530 271.6  33.9 271.6  33.9 4.91E-03 000.5 143.4 -35.2 1.836518 2.240552 2.933111 hargrave 2020-08-30 15:55:12 
TT 534 271.3  33.8 271.3  33.8 4.41E-03 001.0 143.1 -35.1 5.646363 2.144123 5.223035 hargrave 2020-08-31 17:29:50 
TT 537 270.2  33.5 270.2  33.5 3.96E-03 002.3 142.0 -34.6 5.640606 13.70024 5.990672 hargrave 2020-09-01 14:01:54 
TT 542 269.9  34.3 269.9  34.3 3.40E-03 002.1 142.5 -33.9 4.905530 10.67955 4.165063 hargrave 2020-09-02 13:41:47 
TT 546 268.8  33.5 268.8  33.5 2.93E-03 002.0 141.0 -33.7 3.768613 8.515643 3.685464 hargrave 2020-09-02 20:56:59 
TT 551 267.7  34.1 267.7  34.1 2.56E-03 000.8 140.9 -32.7 1.364643 1.985562 2.943514 hargrave 2020-09-03 15:31:53 
TT 555 269.1  35.1 269.1  35.1 2.29E-03 001.4 142.7 -32.8 4.186078 2.551570 2.625618 hargrave 2020-09-04 12:52:08 
TT 560 267.6  34.2 267.6  34.2 2.07E-03 000.9 140.9 -32.6 0.961079 1.721152 2.472442 hargrave 2020-09-04 20:58:32 
TT 567 267.1  32.3 267.1  32.3 1.68E-03 002.5 138.8 -33.4 4.188850 5.918740 1.141709 hargrave 2020-09-15 09:05:48 
TT 577 267.9  33.8 267.9  33.8 9.66E-04 001.4 140.7 -33.0 1.739553 1.337449 0.724888 hargrave 2020-09-16 11:45:47 
TT 590 265.0  34.0 265.0  34.0 3.08E-04 000.8 139.0 -31.0 0.342863 0.251685 0.263776 hargrave 2020-09-16 18:23:29 
TT 610 291.4  06.9 291.4  06.9 4.89E-05 005.2 134.1 -67.3 0.120210 0.429448 0.078951 hargrave 2020-09-17 15:53:24 
