BD12- 4a mag compass orientation (IGRF corrected)
      0 225.4  24.0   0.0   0.0   1.0
NRM    288.7  39.5 288.7  39.5 5.27E-03 002.2 158.7  17.5 8.417841 17.89566 4.039652 hargrave 2020-08-22 12:33:48 
TT 150 294.7  39.8 294.7  39.8 5.19E-03 001.4 163.5  17.1 3.266865 11.88357 3.524682 hargrave 2020-08-23 10:58:58 
TT 250 288.3  38.3 288.3  38.3 4.93E-03 000.8 158.1  16.4 2.393178 5.773783 3.623869 hargrave 2020-08-23 17:47:40 
TT 300 290.6  38.5 290.6  38.5 4.81E-03 000.6 160.0  16.2 1.287402 1.688466 4.503462 hargrave 2020-08-24 14:27:05 
TT 350 287.8  38.1 287.8  38.1 4.67E-03 002.3 157.7  16.2 6.186722 17.16545 5.913486 hargrave 2020-08-25 12:11:16 
TT 400 291.7  38.5 291.7  38.5 4.56E-03 001.2 160.9  16.1 1.519331 6.627506 6.900359 hargrave 2020-08-26 10:45:56 
TT 425 287.7  37.7 287.7  37.7 4.46E-03 001.6 157.5  15.9 2.924371 9.712095 7.637189 hargrave 2020-08-26 17:05:21 
TT 450 290.0  37.7 290.0  37.7 4.35E-03 001.1 159.4  15.6 1.864294 1.684627 7.992578 hargrave 2020-08-27 13:08:34 
TT 475 284.9  36.7 284.9  36.7 4.20E-03 001.1 155.0  15.4 1.230640 3.673555 7.294232 hargrave 2020-08-28 09:08:46 
TT 500 282.1  36.0 282.1  36.0 3.99E-03 002.5 152.6  15.2 8.178341 14.45197 5.342453 hargrave 2020-08-28 17:10:52 
TT 520 290.1  37.7 290.1  37.7 3.72E-03 001.3 159.5  15.6 2.868347 7.161975 3.087968 hargrave 2020-08-29 17:06:30 
TT 530 289.8  37.2 289.8  37.2 3.22E-03 002.8 159.1  15.1 4.853765 14.65812 3.923901 hargrave 2020-08-30 15:46:33 
TT 534 287.1  37.2 287.1  37.2 2.85E-03 003.2 157.0  15.5 6.785206 14.17736 2.540149 hargrave 2020-08-31 15:54:37 
TT 537 289.3  37.6 289.3  37.6 2.45E-03 004.5 158.8  15.5 7.791602 17.37066 3.466788 hargrave 2020-09-01 13:54:07 
TT 542 287.5  37.7 287.5  37.7 1.99E-03 000.9 157.3  15.9 0.779591 2.348966 2.110095 hargrave 2020-09-02 13:29:55 
TT 546 285.4  38.1 285.4  38.1 1.69E-03 003.3 155.8  16.6 4.104011 8.719989 1.451678 hargrave 2020-09-02 20:50:27 
TT 551 285.3  38.2 285.3  38.2 1.43E-03 001.8 155.7  16.8 2.047225 3.768020 1.229558 hargrave 2020-09-03 15:24:07 
TT 555 284.6  38.0 284.6  38.0 1.30E-03 000.9 155.1  16.7 0.988313 1.113465 1.342343 hargrave 2020-09-04 12:45:04 
TT 560 287.3  38.6 287.3  38.6 1.20E-03 002.0 157.4  16.8 1.921534 3.538770 1.264944 hargrave 2020-09-04 20:50:47 
TT 567 280.6  37.0 280.6  37.0 1.00E-03 001.4 151.6  16.5 1.114505 2.080678 0.957181 hargrave 2020-09-15 08:59:36 
TT 577 286.6  39.2 286.6  39.2 6.46E-04 000.6 156.9  17.5 0.244555 0.314872 0.627765 hargrave 2020-09-16 11:38:49 
TT 590 280.1  37.9 280.1  37.9 2.12E-04 001.3 151.4  17.4 0.111745 0.446991 0.170497 hargrave 2020-09-16 18:17:20 
TT 610 327.4  45.0 327.4  45.0 3.59E-05 009.3 189.1  21.4 0.109756 0.579987 0.061003 hargrave 2020-09-17 15:45:41 
TT 610 322.4  44.4 322.4  44.4 3.60E-05 005.1 185.3  20.6 0.037040 0.312535 0.070543 hargrave 2020-09-17 16:36:18 
