BD13- 1a sun compass orientation
      0   9.8  83.0   0.0   0.0   1.0
NRM    322.3  23.8 322.3  23.8 3.44E-02 001.3 117.2  45.9 68.45033 12.72845 34.55095 hargrave 2020-09-03 18:19:44 
TT 150 322.2  23.2 322.2  23.2 3.33E-02 001.9 116.4  46.2 102.0007 12.50110 39.94495 hargrave 2020-09-04 14:53:02 
TT 300 322.5  23.2 322.5  23.2 3.29E-02 002.1 116.4  45.9 114.1734 33.05765 25.80127 hargrave 2020-09-07 12:14:29 
TT 300 317.9  22.3 317.9  22.3 2.63E-02 001.3 116.7  50.3 12.03518 45.99213 33.20059 hargrave 2020-09-12 11:32:45 
TT 350 316.7  23.1 316.7  23.1 2.42E-02 000.7 118.5  51.1 21.43559 17.26893 13.49320 hargrave 2020-09-14 09:00:52 
TT 400 313.4  24.9 313.4  24.9 2.22E-02 000.3 122.9  53.3 8.418724 4.304954 10.88503 hargrave 2020-09-14 14:51:24 
TT 425 312.2  24.2 312.2  24.2 2.11E-02 001.6 122.7  54.5 50.86739 30.58930 10.08606 hargrave 2020-09-15 10:59:54 
TT 450 312.1  21.7 312.1  21.7 2.01E-02 001.7 118.6  55.5 54.75492 22.84137 9.933043 hargrave 2020-09-16 13:38:34 
TT 475 309.9  23.3 309.9  23.3 1.90E-02 002.2 122.7  56.8 60.79977 41.84755 7.888944 hargrave 2020-09-17 10:43:07 
TT 500 309.4  21.6 309.4  21.6 1.73E-02 001.3 120.1  57.9 36.67188 13.63126 10.91804 hargrave 2020-09-17 18:57:17 
TT 520 302.7  25.2 302.7  25.2 1.34E-02 002.1 132.4  61.6 43.03967 24.21325 6.234726 hargrave 2020-09-18 15:06:28 
TT 530 301.3  24.8 301.3  24.8 9.28E-03 000.3 133.4  62.8 3.694721 3.079541 2.916353 hargrave 2020-09-21 15:58:33 
TT 540 291.3  25.8 291.3  25.8 4.05E-03 000.6 151.0  68.3 1.669100 3.324667 1.370482 hargrave 2020-09-22 12:04:53 
TT 545 283.1  26.4 283.1  26.4 3.00E-03 000.4 171.2  70.3 1.560286 1.121812 0.820680 hargrave 2020-09-23 15:52:21 
TT 550 280.7  26.1 280.7  26.1 2.21E-03 000.6 177.5  70.8 1.057148 1.830409 0.587957 hargrave 2020-09-24 12:23:07 
TT 556 276.1  26.0 276.1  26.0 1.60E-03 000.8 190.0  70.7 1.349313 1.842351 0.652214 hargrave 2020-09-25 10:40:15 
TT 561 275.6  26.6 275.6  26.6 9.84E-04 001.1 191.0  70.0 0.797587 1.679567 0.306379 hargrave 2020-09-25 18:16:16 
TT 566 278.6  27.2 278.6  27.2 6.75E-04 001.0 183.0  69.7 1.723191 0.870279 6.032322 hargrave 2020-09-28 13:07:46 
TT 570 269.9  27.6 269.9  27.6 5.09E-04 002.1 203.2  67.4 1.334334 1.271995 0.304484 hargrave 2020-09-29 11:28:22 
TT 575 276.3  30.3 276.3  30.3 3.95E-04 001.2 187.5  66.5 0.500700 0.631100 0.166901 hargrave 2020-09-29 17:16:08 
TT 580 271.1  21.6 271.1  21.6 3.08E-04 000.7 209.0  73.2 0.311771 0.209878 0.106280 hargrave 2020-09-30 12:49:35 
TT 590 286.5  28.9 286.5  28.9 1.72E-04 001.3 164.8  67.2 0.431361 0.108263 0.094630 hargrave 2020-09-30 19:09:45 
TT 600 282.4  47.5 282.4  47.5 1.23E-04 002.3 177.3  49.4 0.112642 0.486105 0.069293 hargrave 2020-10-01 13:30:02 
