BD13- 8a sun compass orientation
      0  15.8  79.0   0.0   0.0   1.0
NRM    325.3  08.2 325.3  08.2 2.71E-02 001.9 089.5  51.0 80.17212 29.65970 22.28558 hargrave 2020-09-03 18:29:52 
TT 150 325.5  10.9 325.5  10.9 2.63E-02 001.5 093.8  51.1 64.40376 22.12457 13.23635 hargrave 2020-09-04 15:03:14 
TT 300 325.6  08.0 325.6  08.0 2.59E-02 001.0 089.3  50.7 41.29569 13.68304 12.36810 hargrave 2020-09-07 12:24:40 
TT 300 320.7  05.1 320.7  05.1 2.14E-02 000.5 083.1  55.0 13.58347 13.50626 7.785352 hargrave 2020-09-12 11:41:00 
TT 350 319.4  06.5 319.4  06.5 1.99E-02 001.0 085.2  56.5 21.27175 21.15629 18.02778 hargrave 2020-09-14 09:11:04 
TT 400 317.8  09.4 317.8  09.4 1.85E-02 000.7 090.0  58.5 17.35257 12.66341 9.452959 hargrave 2020-09-14 15:02:21 
TT 425 315.4  07.9 315.4  07.9 1.74E-02 002.4 086.6  60.6 74.12189 4.302588 6.095696 hargrave 2020-09-15 11:27:00 
TT 450 314.6  08.9 314.6  08.9 1.69E-02 001.3 088.4  61.6 37.94035 5.753501 6.108662 hargrave 2020-09-16 13:51:12 
TT 475 313.2  09.5 313.2  09.5 1.63E-02 000.4 089.4  63.0 7.837339 7.087155 5.627637 hargrave 2020-09-17 10:53:07 
TT 500 311.3  10.7 311.3  10.7 1.53E-02 000.9 091.7  64.9 20.75052 10.91212 5.442100 hargrave 2020-09-17 19:07:25 
TT 520 308.2  10.4 308.2  10.4 1.39E-02 001.7 090.4  68.0 39.59526 4.392889 3.066816 hargrave 2020-09-18 15:16:34 
TT 530 307.2  12.3 307.2  12.3 1.26E-02 003.1 095.8  69.0 65.77508 17.91482 3.996774 hargrave 2020-09-21 16:06:40 
TT 540 302.3  12.4 302.3  12.4 7.87E-03 003.3 096.7  73.7 44.53505 5.360467 1.100806 hargrave 2020-09-22 12:12:59 
TT 545 298.2  15.1 298.2  15.1 5.55E-03 002.2 110.2  77.2 19.71407 7.463732 0.606735 hargrave 2020-09-23 16:02:26 
TT 550 286.9  21.0 286.9  21.0 3.08E-03 001.8 173.9  80.0 8.095498 4.796015 1.434990 hargrave 2020-09-24 12:31:11 
TT 556 283.1  22.7 283.1  22.7 2.37E-03 002.4 192.0  78.0 9.479745 2.188524 1.887945 hargrave 2020-09-25 10:50:19 
TT 561 282.5  22.7 282.5  22.7 1.96E-03 002.4 194.7  77.9 6.992089 3.779575 1.633282 hargrave 2020-09-25 18:26:16 
TT 566 280.9  23.5 280.9  23.5 1.81E-03 001.0 199.8  76.6 2.964775 1.201576 0.760429 hargrave 2020-09-28 13:17:44 
TT 570 279.8  20.5 279.8  20.5 1.13E-03 001.6 210.4  78.9 2.302895 2.094297 0.683700 hargrave 2020-09-29 11:36:25 
TT 575 276.9  24.3 276.9  24.3 7.95E-04 001.3 211.3  74.2 1.647576 0.369773 0.456838 hargrave 2020-09-29 17:24:51 
TT 580 278.0  22.4 278.0  22.4 5.89E-04 001.5 212.1  76.3 1.474241 0.324283 0.404829 hargrave 2020-09-30 12:57:42 
TT 590 280.1  26.1 280.1  26.1 3.81E-04 001.4 199.0  74.0 0.668523 0.619046 0.274261 hargrave 2020-09-30 19:17:45 
TT 600 280.6  25.9 280.6  25.9 2.56E-04 001.7 197.6  74.3 0.428564 0.599610 0.213984 hargrave 2020-10-01 13:38:12 
