BD13- 5a sun compass orientation
      0   5.5  92.0   0.0   0.0   1.0
NRM    326.7  17.4 326.7  17.4 4.46E-02 002.0 113.2  36.0 23.14820 98.66381 120.9555 hargrave 2020-09-03 18:25:36 
TT 150 326.3  17.8 326.3  17.8 4.35E-02 002.0 113.9  36.2 86.23384 52.15756 109.3350 hargrave 2020-09-04 14:59:00 
TT 300 326.7  15.4 326.7  15.4 4.29E-02 002.9 110.9  36.5 201.9118 23.07528 85.02076 hargrave 2020-09-07 12:20:25 
TT 300 322.3  14.8 322.3  14.8 3.46E-02 001.6 111.6  40.8 28.55398 67.11128 60.54649 hargrave 2020-09-12 11:37:33 
TT 350 320.8  17.0 320.8  17.0 3.19E-02 001.2 115.0  41.5 29.65525 32.83136 50.85684 hargrave 2020-09-14 09:06:47 
TT 400 318.5  17.8 318.5  17.8 2.93E-02 003.2 116.9  43.3 116.7718 106.3729 51.66329 hargrave 2020-09-14 14:57:19 
TT 425 316.4  17.7 316.4  17.7 2.74E-02 002.2 117.8  45.1 92.90222 8.551957 46.85925 hargrave 2020-09-15 11:06:34 
TT 450 316.1  15.5 316.1  15.5 2.63E-02 001.4 115.1  46.2 33.77785 34.26349 46.09471 hargrave 2020-09-16 13:47:00 
TT 475 313.6  18.5 313.6  18.5 2.52E-02 001.4 120.4  47.2 9.731822 43.64687 42.71640 hargrave 2020-09-17 10:48:57 
TT 500 311.4  18.4 311.4  18.4 2.31E-02 001.4 121.6  49.2 19.73356 38.07358 39.69854 hargrave 2020-09-17 19:03:09 
TT 520 309.2  17.3 309.2  17.3 1.94E-02 003.4 121.6  51.6 64.01013 89.36329 31.98627 hargrave 2020-09-18 15:12:19 
TT 530 307.3  17.5 307.3  17.5 1.52E-02 001.5 123.2  53.0 19.21517 26.66345 24.12690 hargrave 2020-09-21 16:03:17 
TT 540 296.3  20.4 296.3  20.4 7.33E-03 002.4 138.7  59.8 5.725735 28.26582 8.829786 hargrave 2020-09-22 12:09:33 
TT 545 290.4  21.1 290.4  21.1 5.68E-03 002.3 148.5  62.6 2.983266 21.62992 5.158663 hargrave 2020-09-23 15:58:14 
TT 550 284.9  21.5 284.9  21.5 2.76E-03 001.1 159.2  64.8 1.684356 4.660658 1.690047 hargrave 2020-09-24 12:27:48 
TT 556 282.6  21.3 282.6  21.3 1.89E-03 000.9 163.7  65.7 2.258062 1.784735 1.054783 hargrave 2020-09-25 10:46:06 
TT 561 284.5  22.1 284.5  22.1 1.56E-03 000.9 160.5  64.3 0.982047 2.105194 0.896929 hargrave 2020-09-25 18:22:05 
TT 566 283.0  22.4 283.0  22.4 1.43E-03 000.5 163.8  64.5 0.504865 0.898844 0.533290 hargrave 2020-09-28 13:13:34 
TT 570 282.4  20.6 282.4  20.6 6.65E-04 001.2 163.8  66.4 0.943947 1.049343 0.234050 hargrave 2020-09-29 11:33:02 
TT 575 278.7  21.8 278.7  21.8 4.94E-04 001.5 172.6  66.0 0.688672 1.068214 0.173507 hargrave 2020-09-29 17:21:29 
TT 580 289.2  22.8 289.2  22.8 4.46E-04 001.9 152.4  61.8 0.944496 1.104933 0.171697 hargrave 2020-09-30 12:54:20 
TT 590 276.4  24.4 276.4  24.4 2.81E-04 001.5 178.1  63.5 0.623998 0.455140 0.109868 hargrave 2020-09-30 19:14:24 
TT 600 284.0  33.0 284.0  33.0 1.34E-04 000.9 167.8  54.1 0.131979 0.186344 0.095819 hargrave 2020-10-01 13:34:50 
