BD13- 6a sun compass orientation
      0  13.7  82.0   0.0   0.0   1.0
NRM    320.8  19.9 320.8  19.9 4.06E-02 005.6 112.4  52.2 336.7419 211.4428 52.99434 hargrave 2020-09-03 18:27:01 
TT 150 321.3  18.7 321.3  18.7 4.03E-02 002.1 110.3  52.0 94.25896 104.8581 52.49795 hargrave 2020-09-04 15:00:23 
TT 300 320.9  20.1 320.9  20.1 3.98E-02 002.2 112.5  52.1 91.25956 108.9459 52.67539 hargrave 2020-09-07 12:21:47 
TT 300 316.9  18.6 316.9  18.6 3.18E-02 001.7 111.6  56.1 32.89244 80.25573 42.26428 hargrave 2020-09-12 11:38:41 
TT 350 316.4  17.2 316.4  17.2 2.95E-02 001.4 109.3  56.9 12.68405 57.29103 41.63649 hargrave 2020-09-14 09:08:13 
TT 400 314.2  18.4 314.2  18.4 2.72E-02 001.8 112.4  58.6 30.24435 70.47104 33.94205 hargrave 2020-09-14 14:58:41 
TT 425 312.3  18.8 312.3  18.8 2.55E-02 001.5 114.2  60.2 61.08043 20.17954 25.00396 hargrave 2020-09-15 11:07:56 
TT 450 311.4  18.0 311.4  18.0 2.45E-02 001.2 113.1  61.3 15.15360 45.92439 20.88830 hargrave 2020-09-16 13:48:21 
TT 475 310.3  17.5 310.3  17.5 2.34E-02 001.4 112.8  62.4 26.53379 48.53551 19.43633 hargrave 2020-09-17 10:50:18 
TT 500 308.3  17.6 308.3  17.6 2.15E-02 001.1 114.3  64.2 18.70885 33.31202 13.90693 hargrave 2020-09-17 19:04:35 
TT 520 305.4  18.6 305.4  18.6 1.87E-02 000.9 118.9  66.4 14.74600 20.77859 13.50321 hargrave 2020-09-18 15:13:44 
TT 530 304.0  18.7 304.0  18.7 1.55E-02 001.8 120.4  67.5 29.58750 37.44588 7.551710 hargrave 2020-09-21 16:04:24 
TT 540 297.0  19.9 297.0  19.9 7.48E-03 002.0 134.1  72.4 14.25177 21.75728 2.239759 hargrave 2020-09-22 12:10:44 
TT 545 291.1  21.1 291.1  21.1 5.63E-03 001.7 152.3  75.1 7.947930 15.16879 0.903732 hargrave 2020-09-23 15:59:37 
TT 550 283.4  21.7 283.4  21.7 3.15E-03 003.0 181.2  76.3 3.139650 16.32131 1.099068 hargrave 2020-09-24 12:28:55 
TT 556 278.5  21.4 278.5  21.4 2.33E-03 002.2 200.2  75.7 2.975921 8.282029 1.343376 hargrave 2020-09-25 10:47:29 
TT 561 280.1  22.3 280.1  22.3 1.99E-03 001.5 193.2  75.3 1.785571 4.720235 0.884327 hargrave 2020-09-25 18:23:27 
TT 566 278.3  22.1 278.3  22.1 1.84E-03 002.1 199.7  74.9 0.576427 6.519290 0.726791 hargrave 2020-09-28 13:14:57 
TT 570 279.7  20.6 279.7  20.6 9.31E-04 001.7 196.5  76.8 0.430489 2.728323 0.270040 hargrave 2020-09-29 11:34:09 
TT 575 275.5  23.4 275.5  23.4 6.71E-04 002.4 206.1  72.7 0.584309 2.685498 0.335109 hargrave 2020-09-29 17:22:36 
TT 580 278.5  20.7 278.5  20.7 5.65E-04 001.4 200.9  76.4 0.252194 1.370993 0.221536 hargrave 2020-09-30 12:55:26 
TT 590 275.2  24.2 275.2  24.2 3.80E-04 002.0 205.6  71.9 0.432414 1.246317 0.206233 hargrave 2020-09-30 19:15:31 
TT 600 282.8  24.4 282.8  24.4 2.16E-04 002.9 182.8  73.6 0.105258 1.091733 0.133459 hargrave 2020-10-01 13:35:57 
