BD13- 7a sun compass orientation
      0   2.9  89.0   0.0   0.0   1.0
NRM    325.0  17.9 325.0  17.9 3.00E-02 003.4 111.6  36.1 166.5872 32.27747 47.48979 hargrave 2020-09-03 18:28:26 
TT 150 325.3  16.9 325.3  16.9 2.94E-02 001.4 110.3  36.1 42.28343 26.39173 50.97103 hargrave 2020-09-04 15:01:46 
TT 300 325.2  14.9 325.2  14.9 2.90E-02 001.8 107.9  36.6 84.70200 18.45629 26.67256 hargrave 2020-09-07 12:23:13 
TT 300 320.8  16.2 320.8  16.2 2.33E-02 003.0 110.6  40.4 116.0759 18.87248 32.90894 hargrave 2020-09-12 11:39:50 
TT 350 320.0  15.6 320.0  15.6 2.14E-02 002.9 110.0  41.3 105.1852 19.00830 23.56245 hargrave 2020-09-14 09:09:38 
TT 400 317.7  16.4 317.7  16.4 1.97E-02 002.4 111.8  43.2 79.78185 16.35948 18.91155 hargrave 2020-09-14 15:00:55 
TT 425 313.8  21.1 313.8  21.1 1.84E-02 006.8 119.6  45.3 197.8734 87.46118 24.77504 hargrave 2020-09-15 11:25:34 
TT 450 314.8  16.1 314.8  16.1 1.78E-02 002.1 112.5  46.0 49.81012 38.26983 18.92634 hargrave 2020-09-16 13:49:45 
TT 475 313.4  16.1 313.4  16.1 1.70E-02 001.1 113.0  47.4 27.51535 5.156478 15.88131 hargrave 2020-09-17 10:51:41 
TT 500 311.1  16.7 311.1  16.7 1.58E-02 002.3 114.8  49.3 61.17091 15.21779 13.62006 hargrave 2020-09-17 19:05:59 
TT 520 308.9  15.9 308.9  15.9 1.41E-02 000.8 114.7  51.5 10.09604 13.03540 12.32240 hargrave 2020-09-18 15:15:08 
TT 530 307.7  16.5 307.7  16.5 1.24E-02 003.4 116.3  52.4 70.78637 18.36440 12.85933 hargrave 2020-09-21 16:05:31 
TT 540 303.3  16.6 303.3  16.6 6.74E-03 003.2 119.3  56.3 36.54911 9.008101 6.762045 hargrave 2020-09-22 12:11:51 
TT 545 297.6  17.9 297.6  17.9 4.63E-03 002.4 126.2  60.5 18.37950 3.951185 4.833251 hargrave 2020-09-23 16:00:59 
TT 550 286.2  19.8 286.2  19.8 2.37E-03 002.0 146.1  67.2 7.704159 2.158037 2.702357 hargrave 2020-09-24 12:30:03 
TT 556 282.6  21.1 282.6  21.1 1.78E-03 001.8 155.5  67.8 5.258067 0.734936 1.643080 hargrave 2020-09-25 10:48:53 
TT 561 281.5  19.7 281.5  19.7 1.49E-03 002.2 156.3  69.5 5.433018 1.337534 1.569335 hargrave 2020-09-25 18:24:51 
TT 566 279.6  20.9 279.6  20.9 1.34E-03 002.0 162.2  69.0 4.225162 1.973960 1.150898 hargrave 2020-09-28 13:16:19 
TT 570 280.7  19.1 280.7  19.1 7.46E-04 001.4 157.5  70.4 1.396751 0.978444 0.689586 hargrave 2020-09-29 11:35:16 
TT 575 279.2  21.7 279.2  21.7 5.14E-04 001.5 163.9  68.4 1.151278 0.497533 0.510044 hargrave 2020-09-29 17:23:42 
TT 580 281.3  18.0 281.3  18.0 4.18E-04 001.4 154.7  71.2 0.962938 0.213996 0.386871 hargrave 2020-09-30 12:56:33 
TT 590 272.2  20.5 272.2  20.5 2.78E-04 001.5 182.1  70.5 0.399496 0.601457 0.208719 hargrave 2020-09-30 19:16:37 
TT 600 274.8  26.8 274.8  26.8 1.92E-04 001.0 176.1  64.2 0.273139 0.135940 0.184508 hargrave 2020-10-01 13:37:04 
