BD13- 4a sun compass orientation
      0  10.3  90.0   0.0   0.0   1.0
NRM    311.0  36.9 311.0  36.9 3.08E-02 003.4 145.7  43.5 128.1057 128.7987 37.62264 hargrave 2020-09-03 18:24:11 
TT 150 313.9  34.0 313.9  34.0 3.02E-02 001.6 140.7  43.7 70.64064 30.38064 38.64563 hargrave 2020-09-04 14:57:34 
TT 300 313.1  34.7 313.1  34.7 2.98E-02 002.0 142.0  43.7 73.53287 69.54391 19.80892 hargrave 2020-09-07 12:19:00 
TT 300 309.0  31.7 309.0  31.7 2.39E-02 000.6 142.2  48.2 12.55313 18.72645 10.85990 hargrave 2020-09-12 11:36:24 
TT 350 308.7  30.0 308.7  30.0 2.21E-02 003.1 140.6  49.6 70.70554 93.50636 11.89023 hargrave 2020-09-14 09:05:21 
TT 400 305.7  29.9 305.7  29.9 2.03E-02 001.3 143.4  51.5 26.96271 35.73812 10.02984 hargrave 2020-09-14 14:55:54 
TT 425 300.0  31.5 300.0  31.5 1.90E-02 002.8 151.3  53.4 51.83094 75.53567 12.55084 hargrave 2020-09-15 11:05:11 
TT 450 304.1  27.6 304.1  27.6 1.82E-02 000.9 142.3  54.2 22.83081 14.38676 10.64673 hargrave 2020-09-16 13:45:34 
TT 475 301.4  28.4 301.4  28.4 1.74E-02 000.8 146.3  55.2 19.68016 8.842773 12.22797 hargrave 2020-09-17 10:47:34 
TT 500 297.3  28.4 297.3  28.4 1.55E-02 002.9 151.5  57.3 51.75499 57.30187 13.26229 hargrave 2020-09-17 19:01:45 
TT 520 294.9  26.9 294.9  26.9 1.20E-02 001.3 153.5  59.7 23.88529 8.488836 9.877621 hargrave 2020-09-18 15:10:56 
TT 530 290.2  26.4 290.2  26.4 7.48E-03 001.1 160.8  62.0 12.53431 4.188872 6.156680 hargrave 2020-09-21 16:02:09 
TT 540 279.4  23.0 279.4  23.0 3.55E-03 001.2 182.1  67.0 6.032079 3.689642 2.880442 hargrave 2020-09-22 12:08:27 
TT 545 273.9  20.5 273.9  20.5 2.91E-03 001.6 196.6  68.6 6.674377 3.687065 2.176337 hargrave 2020-09-23 15:56:48 
TT 550 272.1  19.9 272.1  19.9 1.35E-03 001.0 201.5  68.5 1.712548 1.160019 0.973328 hargrave 2020-09-24 12:26:41 
TT 556 268.4  17.7 268.4  17.7 9.14E-04 001.2 212.9  68.8 1.668892 0.579499 0.667340 hargrave 2020-09-25 10:44:42 
TT 561 269.8  20.6 269.8  20.6 7.20E-04 001.1 206.0  67.0 1.255316 0.397760 0.572615 hargrave 2020-09-25 18:20:41 
TT 566 268.8  19.4 268.8  19.4 6.41E-04 000.8 209.5  67.5 0.182332 0.792597 0.317990 hargrave 2020-09-28 13:12:12 
TT 570 273.2  13.9 273.2  13.9 3.35E-04 000.8 206.5  74.4 0.130721 0.430391 0.153059 hargrave 2020-09-29 11:31:56 
TT 575 263.6  21.8 263.6  21.8 2.76E-04 000.9 215.7  62.8 0.162310 0.382271 0.233333 hargrave 2020-09-29 17:19:42 
TT 580 271.7  14.8 271.7  14.8 2.35E-04 000.7 209.5  73.0 0.118252 0.236202 0.138333 hargrave 2020-09-30 12:53:13 
TT 590 265.1  27.5 265.1  27.5 1.56E-04 001.8 206.7  58.9 0.393760 0.345206 0.119627 hargrave 2020-09-30 19:13:17 
TT 600 289.7  39.6 289.7  39.6 6.13E-05 001.5 168.8  49.5 0.172002 0.146202 0.153983 hargrave 2020-10-01 13:33:40 
