BD13- 2a sun compass orientation
      0   7.9  78.0   0.0   0.0   1.0
NRM    320.9  22.2 320.9  22.2 3.17E-02 004.2 110.0  47.8 214.7659 22.47182 82.58141 hargrave 2020-09-03 18:21:16 
TT 150 321.1  21.5 321.1  21.5 3.13E-02 003.3 108.9  47.7 156.4872 41.61145 78.84637 hargrave 2020-09-04 14:54:37 
TT 300 321.2  21.0 321.2  21.0 3.10E-02 002.9 108.1  47.7 130.3395 47.03083 73.08738 hargrave 2020-09-07 12:16:03 
TT 300 316.9  19.2 316.9  19.2 2.51E-02 003.7 105.9  51.8 150.5438 28.40920 51.06004 hargrave 2020-09-12 11:34:01 
TT 350 316.2  20.0 316.2  20.0 2.34E-02 003.4 107.3  52.4 128.1736 27.14312 46.40107 hargrave 2020-09-14 09:02:25 
TT 400 314.2  20.7 314.2  20.7 2.14E-02 002.6 108.8  54.2 78.91857 34.56893 42.92478 hargrave 2020-09-14 14:52:56 
TT 425 312.3  21.4 312.3  21.4 2.02E-02 002.1 110.6  55.8 11.48373 60.38222 43.18039 hargrave 2020-09-15 11:01:26 
TT 450 311.4  19.9 311.4  19.9 1.92E-02 003.2 108.2  56.9 93.22079 31.79508 38.91245 hargrave 2020-09-16 13:40:57 
TT 475 309.8  20.9 309.8  20.9 1.83E-02 003.6 110.4  58.2 105.8924 21.50659 37.70555 hargrave 2020-09-17 10:44:39 
TT 500 307.1  20.7 307.1  20.7 1.62E-02 003.7 111.2  60.7 97.38191 18.09027 29.72088 hargrave 2020-09-17 18:58:49 
TT 520 302.5  21.0 302.5  21.0 1.11E-02 003.6 114.1  64.8 66.49317 10.85758 17.07151 hargrave 2020-09-18 15:08:01 
TT 530 297.7  21.5 297.7  21.5 6.31E-03 003.0 119.3  68.8 30.15595 10.51593 9.922325 hargrave 2020-09-21 15:59:48 
TT 540 284.4  22.1 284.4  22.1 3.06E-03 002.7 149.3  78.2 11.96173 7.484858 3.262274 hargrave 2020-09-22 12:06:07 
TT 545 277.8  23.2 277.8  23.2 2.41E-03 002.8 180.4  78.8 10.19768 5.384632 2.146893 hargrave 2020-09-23 15:53:53 
TT 550 278.4  20.4 278.4  20.4 1.52E-03 002.6 176.5  81.6 6.344334 2.351564 1.042473 hargrave 2020-09-24 12:24:21 
TT 556 275.1  16.7 275.1  16.7 9.80E-04 002.8 209.1  84.5 4.419197 1.561333 0.487684 hargrave 2020-09-25 10:41:47 
TT 561 279.5  19.2 279.5  19.2 7.20E-04 002.6 168.3  82.6 2.965565 1.225875 0.588804 hargrave 2020-09-25 18:17:47 
TT 566 274.5  20.4 274.5  20.4 5.78E-04 001.9 201.1  81.0 1.620600 1.040300 0.297105 hargrave 2020-09-28 13:09:18 
TT 570 280.1  18.2 280.1  18.2 3.69E-04 001.9 161.4  83.5 0.976583 0.680627 0.173791 hargrave 2020-09-29 11:29:36 
TT 575 270.8  23.9 270.8  23.9 2.87E-04 001.7 208.7  76.3 0.661151 0.558506 0.176312 hargrave 2020-09-29 17:17:23 
TT 580 275.3  18.7 275.3  18.7 2.52E-04 001.5 200.2  82.8 0.478978 0.445576 0.186061 hargrave 2020-09-30 12:50:49 
TT 590 262.0  28.3 262.0  28.3 1.43E-04 001.0 220.0  68.0 0.117581 0.244974 0.253964 hargrave 2020-09-30 19:10:59 
TT 600 316.0  12.5 316.0  12.5 6.46E-05 002.9 094.9  52.8 0.278504 0.101504 0.177053 hargrave 2020-10-01 13:31:17 
