BD13- 3a sun compass orientation
      0   9.5  81.0   0.0   0.0   1.0
NRM    322.0  19.1 322.0  19.1 2.75E-02 000.6 108.5  47.6 17.05288 17.08980 16.44994 hargrave 2020-09-03 18:22:45 
TT 150 321.7  20.9 321.7  20.9 2.71E-02 001.3 111.3  47.7 59.94169 11.81383 18.53322 hargrave 2020-09-04 14:56:07 
TT 300 322.0  19.6 322.0  19.6 2.68E-02 001.1 109.3  47.6 44.24721 14.40191 19.75959 hargrave 2020-09-07 12:17:33 
TT 300 317.9  17.5 317.9  17.5 2.18E-02 000.6 106.9  51.8 11.76919 15.20361 12.65696 hargrave 2020-09-12 11:35:14 
TT 350 316.9  18.2 316.9  18.2 2.02E-02 003.3 108.2  52.6 113.5984 29.40282 11.01780 hargrave 2020-09-14 09:03:54 
TT 400 314.7  19.6 314.7  19.6 1.85E-02 002.2 111.2  54.4 66.68453 19.27025 10.79492 hargrave 2020-09-14 14:54:25 
TT 425 313.0  20.0 313.0  20.0 1.74E-02 000.9 112.6  55.8 18.92213 17.45175 11.15612 hargrave 2020-09-15 11:02:56 
TT 450 312.5  17.8 312.5  17.8 1.65E-02 001.3 108.8  56.8 35.80342 4.132038 9.898133 hargrave 2020-09-16 13:43:17 
TT 475 310.7  19.8 310.7  19.8 1.58E-02 000.7 113.2  58.0 13.68725 7.968000 11.49588 hargrave 2020-09-17 10:46:08 
TT 500 308.0  20.0 308.0  20.0 1.40E-02 001.5 114.9  60.4 35.21498 3.897333 9.831332 hargrave 2020-09-17 19:00:19 
TT 520 303.3  21.4 303.3  21.4 9.89E-03 001.3 121.3  64.0 21.82122 3.572542 6.817887 hargrave 2020-09-18 15:09:31 
TT 530 298.6  21.1 298.6  21.1 5.50E-03 001.2 125.4  67.9 8.472781 5.665142 4.389947 hargrave 2020-09-21 16:01:00 
TT 540 284.9  23.3 284.9  23.3 2.67E-03 001.5 160.6  74.8 6.656403 1.573984 2.094827 hargrave 2020-09-22 12:07:19 
TT 545 279.1  24.5 279.1  24.5 2.20E-03 001.7 181.4  74.5 6.069328 1.041147 1.797949 hargrave 2020-09-23 15:55:22 
TT 550 280.5  23.6 280.5  23.6 1.14E-03 001.5 176.4  75.4 2.714858 1.122932 0.956576 hargrave 2020-09-24 12:25:33 
TT 556 276.1  19.6 276.1  19.6 7.64E-04 002.1 196.7  78.9 2.631610 0.926555 0.536119 hargrave 2020-09-25 10:43:17 
TT 561 279.8  22.4 279.8  22.4 6.14E-04 001.5 178.7  76.6 1.490720 0.259264 0.504604 hargrave 2020-09-25 18:19:15 
TT 566 275.6  23.8 275.6  23.8 5.25E-04 001.0 193.7  74.8 0.776587 0.339357 0.394319 hargrave 2020-09-28 13:10:46 
TT 570 279.3  20.5 279.3  20.5 3.19E-04 000.9 181.1  78.5 0.372393 0.325172 0.173357 hargrave 2020-09-29 11:30:48 
TT 575 274.1  24.9 274.1  24.9 2.65E-04 000.9 197.3  73.3 0.354130 0.202704 0.158721 hargrave 2020-09-29 17:18:34 
TT 580 283.7  22.7 283.7  22.7 2.26E-04 000.8 164.2  75.7 0.267563 0.114546 0.152251 hargrave 2020-09-30 12:52:01 
TT 590 271.6  25.8 271.6  25.8 1.38E-04 000.8 203.0  71.6 0.112642 0.142058 0.178859 hargrave 2020-09-30 19:12:10 
TT 600 315.2  27.3 315.2  27.3 5.26E-05 001.7 123.2  51.7 0.106621 0.136694 0.090045 hargrave 2020-10-01 13:32:28 
