BD14- 6a sun compass orientation
      0 341.5  50.0   0.0   0.0   1.0
NRM    302.9  72.2 302.9  72.2 3.81E-03 001.1 158.5  49.3 3.634521 5.246678 4.139212 hargrave 2020-09-03 18:44:13 
TT 150 303.2  71.0 303.2  71.0 3.46E-03 002.3 156.7  49.7 9.683898 9.447576 3.626142 hargrave 2020-09-04 15:15:33 
TT 300 301.8  72.2 301.8  72.2 3.38E-03 001.7 158.8  49.6 1.624263 9.416310 2.614060 hargrave 2020-09-07 12:37:41 
TT 300 301.0  70.5 301.0  70.5 2.36E-03 001.6 156.5  50.5 3.702556 5.027437 1.425640 hargrave 2020-09-12 11:52:35 
TT 350 303.0  69.6 303.0  69.6 2.06E-03 001.5 154.7  50.2 2.489308 4.645733 1.147643 hargrave 2020-09-14 09:23:21 
TT 400 303.9  68.3 303.9  68.3 1.80E-03 000.9 152.7  50.4 1.222642 2.528682 0.906840 hargrave 2020-09-14 15:13:34 
TT 425 301.5  69.6 301.5  69.6 1.61E-03 004.1 155.0  50.8 5.024079 10.44918 0.813598 hargrave 2020-09-15 11:39:04 
TT 450 303.3  68.6 303.3  68.6 1.47E-03 002.5 153.3  50.5 1.969837 6.028112 1.017208 hargrave 2020-09-16 14:03:25 
TT 475 304.6  65.6 304.6  65.6 1.31E-03 000.9 148.5  50.8 1.644139 1.194786 0.815934 hargrave 2020-09-17 11:07:35 
TT 500 303.9  66.2 303.9  66.2 1.13E-03 001.1 149.6  51.0 0.527692 1.875046 0.960592 hargrave 2020-09-17 19:19:29 
TT 520 301.5  67.1 301.5  67.1 9.32E-04 001.1 151.3  51.6 1.462450 0.530713 0.768527 hargrave 2020-09-18 15:27:47 
TT 530 304.3  64.8 304.3  64.8 8.00E-04 002.1 147.3  51.1 2.183800 1.777270 0.674643 hargrave 2020-09-21 16:17:15 
TT 540 303.5  64.4 303.5  64.4 6.01E-04 002.1 146.8  51.6 1.698987 1.373296 0.525885 hargrave 2020-09-22 12:23:25 
TT 545 302.7  61.9 302.7  61.9 4.94E-04 000.9 143.0  52.5 0.326498 0.592720 0.404453 hargrave 2020-09-23 16:15:17 
TT 550 302.8  62.3 302.8  62.3 3.96E-04 001.2 143.5  52.3 0.157913 0.778485 0.332437 hargrave 2020-09-24 12:41:06 
TT 556 301.9  62.4 301.9  62.4 3.00E-04 001.1 143.9  52.7 0.355040 0.351031 0.309869 hargrave 2020-09-25 11:02:17 
TT 561 301.9  57.9 301.9  57.9 2.22E-04 000.6 136.4  53.5 0.194976 0.060988 0.138610 hargrave 2020-09-25 18:38:12 
TT 566 300.3  58.2 300.3  58.2 1.85E-04 000.6 137.3  54.3 0.125870 0.089159 0.120172 hargrave 2020-09-28 13:28:53 
TT 570 302.8  57.1 302.8  57.1 1.28E-04 000.7 135.1  53.1 0.131186 0.108906 0.056245 hargrave 2020-09-29 11:45:40 
TT 575 302.5  56.0 302.5  56.0 9.52E-05 000.9 133.2  53.4 0.112842 0.116347 0.048631 hargrave 2020-09-29 17:34:11 
TT 580 303.0  52.2 303.0  52.2 7.18E-05 001.4 126.9  53.1 0.153785 0.117688 0.043440 hargrave 2020-09-30 13:07:39 
TT 590 310.0  51.5 310.0  51.5 4.24E-05 002.7 126.3  48.8 0.106883 0.182515 0.040451 hargrave 2020-09-30 19:27:29 
TT 600 302.8  56.7 302.8  56.7 3.23E-05 002.0 134.4  53.1 0.109089 0.054306 0.041942 hargrave 2020-10-01 13:47:59 
TT 620 251.9  43.4 251.9  43.4 5.81E-06 004.2 175.2  86.6 0.023559 0.036880 0.021320 hargrave 2020-10-02 12:32:17 
