BD14- 1a sun compass orientation
      0 358.7  67.0   0.0   0.0   1.0
NRM    144.9  68.0 144.9  68.0 1.93E-03 002.4 198.4  09.8 2.790634 6.218888 4.294722 hargrave 2020-09-03 18:32:09 
TT 150 148.3  67.1 148.3  67.1 1.80E-03 001.5 199.9  10.3 1.893928 2.094012 3.956224 hargrave 2020-09-04 15:04:45 
TT 300 150.6  66.4 150.6  66.4 1.75E-03 001.0 201.0  10.6 1.329874 1.051414 2.729716 hargrave 2020-09-07 12:27:00 
TT 300 148.4  72.2 148.4  72.2 1.30E-03 001.0 195.7  13.3 0.880269 0.954167 1.925320 hargrave 2020-09-12 11:42:55 
TT 350 147.1  75.4 147.1  75.4 1.13E-03 002.0 192.8  14.9 1.168039 3.550196 1.111330 hargrave 2020-09-14 09:13:25 
TT 400 151.1  76.0 151.1  76.0 9.84E-04 001.9 192.9  16.0 0.485710 2.952704 1.152920 hargrave 2020-09-14 15:03:50 
TT 425 159.1  74.6 159.1  74.6 8.87E-04 003.5 195.2  17.1 1.173239 5.210032 1.161224 hargrave 2020-09-15 11:29:20 
TT 450 153.6  78.3 153.6  78.3 8.18E-04 002.5 191.1  17.7 0.406881 3.291175 1.166682 hargrave 2020-09-16 13:52:42 
TT 475 159.7  77.6 159.7  77.6 7.51E-04 001.1 192.4  18.5 0.432371 0.276569 1.314626 hargrave 2020-09-17 10:56:14 
TT 500 167.8  75.5 167.8  75.5 6.60E-04 002.2 195.2  19.5 0.229074 2.265139 1.174325 hargrave 2020-09-17 19:09:45 
TT 520 164.7  80.8 164.7  80.8 5.47E-04 002.9 189.5  20.5 0.091934 2.561973 1.033010 hargrave 2020-09-18 15:18:03 
TT 530 174.8  80.8 174.8  80.8 4.68E-04 001.6 190.0  22.1 0.231377 0.974304 0.835942 hargrave 2020-09-21 16:07:52 
TT 540 192.4  82.2 192.4  82.2 3.36E-04 002.3 188.4  24.6 0.096368 1.238450 0.586739 hargrave 2020-09-22 12:14:10 
TT 545 224.0  83.3 224.0  83.3 2.75E-04 001.2 185.3  27.7 0.232347 0.114020 0.516256 hargrave 2020-09-23 16:03:55 
TT 550 246.5  81.2 246.5  81.2 2.14E-04 002.0 183.9  31.1 0.304419 0.554898 0.432179 hargrave 2020-09-24 12:32:23 
TT 556 256.7  78.9 256.7  78.9 1.66E-04 001.5 182.7  33.8 0.225659 0.235259 0.307578 hargrave 2020-09-25 10:51:48 
TT 561 273.9  77.9 273.9  77.9 1.38E-04 002.0 178.7  35.0 0.134801 0.416426 0.232035 hargrave 2020-09-25 18:27:44 
TT 566 279.1  76.7 279.1  76.7 1.26E-04 002.4 177.1  36.0 0.091198 0.487004 0.168862 hargrave 2020-09-28 13:19:12 
TT 570 277.8  75.3 277.8  75.3 8.77E-05 001.2 177.1  37.4 0.055746 0.177936 0.093270 hargrave 2020-09-29 11:37:36 
TT 575 258.7  73.6 258.7  73.6 6.13E-05 002.3 183.6  39.1 0.061359 0.224317 0.099732 hargrave 2020-09-29 17:26:05 
TT 580 292.7  65.9 292.7  65.9 5.15E-05 001.7 166.5  44.4 0.084304 0.148940 0.072847 hargrave 2020-09-30 12:58:53 
TT 590 292.8  66.9 292.8  66.9 2.88E-05 004.3 167.2  43.6 0.124177 0.235833 0.081906 hargrave 2020-09-30 19:18:56 
TT 600 314.5  45.3 314.5  45.3 2.25E-05 002.6 132.5  46.8 0.089154 0.134547 0.064142 hargrave 2020-10-01 13:39:23 
TT 620 189.3 -58.7 189.3 -58.7 4.97E-06 006.4 328.2 -14.2 0.125878 0.060057 0.077436 hargrave 2020-10-02 12:26:23 
