BD14- 2a mag compass orientation (IGRF corrected)
      0 326.7  72.0   0.0   0.0   1.0
NRM    128.7  71.3 128.7  71.3 1.37E-03 001.4 198.1  11.4 1.108059 2.731139 1.598440 hargrave 2020-09-03 18:33:41 
TT 150 133.8  68.2 133.8  68.2 1.27E-03 002.2 201.7  12.0 1.225418 4.499740 1.564115 hargrave 2020-09-04 15:06:18 
TT 300 133.2  69.6 133.2  69.6 1.23E-03 000.5 200.3  12.3 0.286616 0.739171 0.700507 hargrave 2020-09-07 12:28:35 
TT 300 139.2  72.1 139.2  72.1 9.21E-04 000.5 198.4  14.8 0.289695 0.282607 0.774053 hargrave 2020-09-12 11:45:38 
TT 350 146.3  70.9 146.3  70.9 7.98E-04 002.8 200.0  16.8 1.250488 3.660158 0.884827 hargrave 2020-09-14 09:14:58 
TT 400 150.1  74.2 150.1  74.2 6.99E-04 000.6 196.6  18.2 0.127876 0.290571 0.619971 hargrave 2020-09-14 15:05:22 
TT 425 153.2  73.9 153.2  73.9 6.32E-04 000.5 197.0  19.1 0.156473 0.263220 0.473789 hargrave 2020-09-15 11:30:52 
TT 450 155.4  74.0 155.4  74.0 5.86E-04 001.5 196.8  19.7 0.491977 1.440837 0.438638 hargrave 2020-09-16 13:54:16 
TT 475 158.4  74.6 158.4  74.6 5.36E-04 001.0 196.1  20.4 0.212295 0.836323 0.393980 hargrave 2020-09-17 10:57:47 
TT 500 161.8  73.8 161.8  73.8 4.76E-04 003.2 196.8  21.5 0.907223 2.465740 0.443675 hargrave 2020-09-17 19:11:17 
TT 520 169.5  75.8 169.5  75.8 3.93E-04 001.7 194.2  23.0 0.093750 1.110302 0.373758 hargrave 2020-09-18 15:19:36 
TT 530 179.8  77.4 179.8  77.4 3.27E-04 000.8 191.6  24.5 0.139098 0.310141 0.312073 hargrave 2020-09-21 16:09:07 
TT 540 203.0  77.2 203.0  77.2 2.33E-04 002.6 188.0  28.4 0.126247 1.034552 0.203060 hargrave 2020-09-22 12:15:25 
TT 545 217.5  76.0 217.5  76.0 1.90E-04 000.9 185.3  31.1 0.145596 0.174457 0.185947 hargrave 2020-09-23 16:05:28 
TT 550 227.8  71.6 227.8  71.6 1.52E-04 001.0 183.5  36.2 0.147464 0.199043 0.160332 hargrave 2020-09-24 12:33:38 
TT 556 243.4  70.6 243.4  70.6 1.20E-04 001.1 177.2  37.2 0.106985 0.164567 0.143416 hargrave 2020-09-25 10:53:19 
TT 561 240.3  69.9 240.3  69.9 1.02E-04 002.5 178.4  38.0 0.072927 0.433999 0.104455 hargrave 2020-09-25 18:29:16 
TT 566 241.3  69.2 241.3  69.2 9.16E-05 000.9 177.9  38.7 0.077212 0.117840 0.079617 hargrave 2020-09-28 13:20:44 
TT 570 258.5  64.2 258.5  64.2 6.97E-05 001.2 167.6  41.5 0.145653 0.106627 0.036993 hargrave 2020-09-29 11:38:51 
TT 575 244.6  60.4 244.6  60.4 5.08E-05 003.3 174.3  47.2 0.079879 0.293114 0.050817 hargrave 2020-09-29 17:27:23 
TT 580 266.7  57.7 266.7  57.7 3.76E-05 002.4 158.0  44.6 0.091358 0.169210 0.062161 hargrave 2020-09-30 13:00:07 
TT 590 235.6  56.2 235.6  56.2 2.22E-05 003.9 181.0  51.8 0.102934 0.146624 0.076288 hargrave 2020-09-30 19:20:10 
TT 600 264.7  48.0 264.7  48.0 1.85E-05 004.5 149.1  52.3 0.031329 0.169360 0.061546 hargrave 2020-10-01 13:40:38 
TT 620 152.3 -16.9 152.3 -16.9 7.70E-06 007.6 287.8 -00.0 0.096920 0.099187 0.076128 hargrave 2020-10-02 12:27:38 
