BD14- 7a sun compass orientation
      0   0.8  65.0   0.0   0.0   1.0
NRM    239.4  04.0 239.4  04.0 1.34E-02 003.6 299.7  53.2 75.18506 39.61958 6.946322 hargrave 2020-09-03 18:45:41 
TT 150 241.3  01.7 241.3  01.7 1.26E-02 001.2 304.7  53.3 22.54177 13.85792 8.389088 hargrave 2020-09-04 15:17:02 
TT 300 240.6  02.6 240.6  02.6 1.24E-02 000.5 302.9  53.3 7.401547 5.596342 6.246230 hargrave 2020-09-07 12:39:10 
TT 300 240.7  02.5 240.7  02.5 9.38E-03 001.7 303.1  53.3 20.88396 18.10176 3.688916 hargrave 2020-09-12 11:53:48 
TT 350 243.3  02.2 243.3  02.2 8.30E-03 000.7 306.5  55.0 5.850598 7.468838 4.711131 hargrave 2020-09-14 09:24:49 
TT 400 243.3  02.5 243.3  02.5 7.26E-03 001.0 306.0  55.3 5.786464 10.40303 4.211361 hargrave 2020-09-14 15:15:01 
TT 425 243.8  02.1 243.8  02.1 6.59E-03 001.2 307.1  55.4 11.87980 5.417489 3.705164 hargrave 2020-09-15 11:40:32 
TT 450 243.2  03.1 243.2  03.1 6.06E-03 000.8 305.1  55.5 5.228504 5.669650 3.428351 hargrave 2020-09-16 14:04:54 
TT 475 242.7  03.7 242.7  03.7 5.48E-03 000.7 303.6  55.6 4.993630 2.870933 3.174304 hargrave 2020-09-17 11:09:03 
TT 500 244.2  01.8 244.2  01.8 4.82E-03 001.2 308.0  55.4 7.673223 5.726533 3.067958 hargrave 2020-09-17 19:20:57 
TT 520 243.4  02.1 243.4  02.1 4.01E-03 000.7 306.5  55.0 2.254072 3.721342 3.022619 hargrave 2020-09-18 15:29:15 
TT 530 242.6  03.7 242.6  03.7 3.44E-03 000.5 303.5  55.5 1.733977 1.608274 2.061949 hargrave 2020-09-21 16:18:25 
TT 540 243.6  03.0 243.6  03.0 2.55E-03 001.5 305.8  55.8 4.861156 4.237436 1.520545 hargrave 2020-09-22 12:24:35 
TT 545 243.4  03.5 243.4  03.5 2.05E-03 000.7 304.8  56.0 1.883640 0.941294 1.378957 hargrave 2020-09-23 16:16:45 
TT 550 244.1  03.9 244.1  03.9 1.54E-03 001.6 305.0  56.8 3.690820 2.052812 1.050819 hargrave 2020-09-24 12:42:16 
TT 556 245.0  03.9 245.0  03.9 1.12E-03 001.1 306.2  57.4 1.891836 0.678342 0.666168 hargrave 2020-09-25 11:03:44 
TT 561 245.1  04.6 245.1  04.6 7.92E-04 002.2 305.3  58.0 2.608845 1.544482 0.455693 hargrave 2020-09-25 18:39:39 
TT 566 244.3  04.9 244.3  04.9 6.34E-04 001.4 303.9  57.6 1.129863 0.943488 0.471812 hargrave 2020-09-28 13:30:20 
TT 570 244.3  06.0 244.3  06.0 4.30E-04 000.5 302.3  58.3 0.311123 0.173398 0.253392 hargrave 2020-09-29 11:46:53 
TT 575 247.0  05.0 247.0  05.0 3.01E-04 002.1 307.3  59.6 0.722036 0.814447 0.206419 hargrave 2020-09-29 17:35:26 
TT 580 247.2  05.6 247.2  05.6 1.86E-04 000.7 306.8  60.2 0.170666 0.142991 0.115777 hargrave 2020-09-30 13:08:49 
TT 590 250.2  08.4 250.2  08.4 9.61E-05 001.2 306.6  64.3 0.081186 0.174548 0.083006 hargrave 2020-09-30 19:28:39 
TT 600 255.5  12.1 255.5  12.1 5.84E-05 001.5 309.1  70.6 0.088495 0.117734 0.066972 hargrave 2020-10-01 13:49:12 
TT 620 240.6  04.0 240.6  04.0 1.66E-05 003.3 301.0  54.2 0.034469 0.081849 0.038637 hargrave 2020-10-02 12:33:25 
