BD14- 3a sun compass orientation
      0  63.7  78.0   0.0   0.0   1.0
NRM    274.2  56.6 274.2  56.6 3.20E-03 001.9 212.0  26.5 1.366866 6.150624 8.504024 hargrave 2020-09-03 18:38:05 
TT 150 272.8  53.6 272.8  53.6 2.93E-03 002.3 215.4  26.7 1.017403 8.558284 7.689713 hargrave 2020-09-04 15:10:53 
TT 300 272.2  52.6 272.2  52.6 2.88E-03 002.4 216.7  26.7 4.143539 10.01665 5.237358 hargrave 2020-09-07 12:32:16 
TT 300 274.5  53.1 274.5  53.1 2.15E-03 001.2 215.7  27.9 2.426575 1.084302 3.730502 hargrave 2020-09-12 11:48:46 
TT 350 276.5  51.6 276.5  51.6 1.87E-03 001.4 216.8  29.5 1.328019 3.764422 2.345779 hargrave 2020-09-14 09:18:47 
TT 400 278.1  52.6 278.1  52.6 1.60E-03 001.6 215.4  30.0 1.287202 3.568859 2.171727 hargrave 2020-09-14 15:09:02 
TT 425 278.1  51.4 278.1  51.4 1.42E-03 003.4 216.7  30.5 3.970639 7.089636 2.021563 hargrave 2020-09-15 11:34:32 
TT 450 278.7  51.5 278.7  51.5 1.29E-03 001.7 216.4  30.8 0.941700 3.125688 2.050796 hargrave 2020-09-16 13:58:50 
TT 475 279.7  52.1 279.7  52.1 1.16E-03 001.7 215.5  31.1 0.513474 2.649918 2.118367 hargrave 2020-09-17 11:02:13 
TT 500 283.4  55.5 283.4  55.5 9.87E-04 003.5 210.8  31.7 4.057120 3.948747 2.304168 hargrave 2020-09-17 19:14:57 
TT 520 281.7  51.9 281.7  51.9 7.54E-04 002.8 215.2  32.3 0.943403 3.232105 1.614568 hargrave 2020-09-18 15:23:15 
TT 530 283.3  50.4 283.3  50.4 5.99E-04 004.2 216.3  33.9 1.774155 3.782974 1.260970 hargrave 2020-09-21 16:12:53 
TT 540 287.1  51.5 287.1  51.5 3.98E-04 002.5 213.8  35.5 0.392745 1.472312 0.836964 hargrave 2020-09-22 12:19:05 
TT 545 287.8  49.0 287.8  49.0 3.22E-04 001.7 216.2  37.1 0.295813 0.570597 0.692282 hargrave 2020-09-23 16:09:55 
TT 550 293.1  50.4 293.1  50.4 2.39E-04 002.1 212.4  39.3 0.302467 0.668556 0.533935 hargrave 2020-09-24 12:37:20 
TT 556 290.8  48.9 290.8  48.9 1.84E-04 001.7 215.1  38.9 0.206073 0.337932 0.382816 hargrave 2020-09-25 10:57:45 
TT 561 290.9  51.0 290.9  51.0 1.49E-04 001.6 212.7  37.8 0.225585 0.202888 0.289066 hargrave 2020-09-25 18:33:39 
TT 566 295.1  46.2 295.1  46.2 1.33E-04 002.0 216.0  42.8 0.077768 0.426093 0.171218 hargrave 2020-09-28 13:24:23 
TT 570 294.8  44.9 294.8  44.9 8.89E-05 001.2 217.7  43.3 0.115770 0.137450 0.118539 hargrave 2020-09-29 11:41:59 
TT 575 300.5  42.0 300.5  42.0 6.88E-05 001.4 217.7  48.3 0.115961 0.132614 0.050670 hargrave 2020-09-29 17:30:27 
TT 580 293.8  46.6 293.8  46.6 5.84E-05 002.7 216.2  41.8 0.106477 0.253690 0.066557 hargrave 2020-09-30 13:03:12 
TT 590 314.5  46.1 314.5  46.1 4.23E-05 003.4 201.9  52.2 0.069186 0.238053 0.060275 hargrave 2020-09-30 19:23:10 
TT 600 321.8  31.1 321.8  31.1 3.09E-05 002.8 208.0  67.9 0.027062 0.140814 0.046209 hargrave 2020-10-01 13:44:19 
TT 620 269.9  50.4 269.9  50.4 8.87E-06 004.8 219.4  25.8 0.020619 0.065598 0.037017 hargrave 2020-10-02 12:28:50 
