BD14- 8a mag compass orientation (IGRF corrected)
      0 310.7  52.0   0.0   0.0   1.0
NRM    214.7 -06.6 214.7 -06.6 1.32E-02 001.9 351.6  45.0 19.89443 33.07412 22.79359 hargrave 2020-09-03 18:47:12 
TT 150 214.8 -06.5 214.8 -06.5 1.21E-02 002.8 351.7  45.1 26.72623 47.43756 22.22053 hargrave 2020-09-04 15:18:39 
TT 300 214.6 -06.6 214.6 -06.6 1.19E-02 001.2 351.4  45.1 17.23379 8.603573 14.51782 hargrave 2020-09-07 12:40:43 
TT 300 210.9 -05.9 210.9 -05.9 8.70E-03 001.4 346.1  45.2 4.120244 19.29056 7.601498 hargrave 2020-09-12 11:55:53 
TT 350 215.1 -05.4 215.1 -05.4 7.62E-03 002.8 352.0  46.3 4.497498 36.73741 6.239392 hargrave 2020-09-14 09:26:21 
TT 400 213.3 -05.2 213.3 -05.2 6.55E-03 000.7 349.3  46.3 3.230113 5.549592 5.382551 hargrave 2020-09-14 15:16:32 
TT 425 216.2 -05.5 216.2 -05.5 5.86E-03 002.2 353.5  46.3 2.114938 21.98450 4.916870 hargrave 2020-09-15 11:42:04 
TT 450 214.5 -05.3 214.5 -05.3 5.34E-03 000.7 351.1  46.3 3.752476 2.760377 4.725736 hargrave 2020-09-16 14:06:26 
TT 475 216.6 -05.5 216.6 -05.5 4.82E-03 000.7 354.1  46.4 3.920621 1.793860 4.473524 hargrave 2020-09-17 11:10:35 
TT 500 217.8 -05.4 217.8 -05.4 4.16E-03 001.2 355.8  46.6 6.189309 1.285125 5.796230 hargrave 2020-09-17 19:23:17 
TT 520 213.9 -04.9 213.9 -04.9 3.43E-03 001.7 350.2  46.6 5.021670 6.657970 5.379663 hargrave 2020-09-18 15:31:36 
TT 530 217.2 -05.0 217.2 -05.0 2.93E-03 001.4 354.9  46.9 4.373400 4.149748 4.194983 hargrave 2020-09-21 16:19:42 
TT 540 215.5 -04.4 215.5 -04.4 2.22E-03 001.7 352.4  47.3 2.746277 5.356409 2.930836 hargrave 2020-09-22 12:25:48 
TT 545 216.5 -04.5 216.5 -04.5 1.79E-03 001.4 353.8  47.4 3.285967 0.794801 2.754958 hargrave 2020-09-23 16:18:16 
TT 550 216.5 -04.2 216.5 -04.2 1.44E-03 001.4 353.8  47.6 2.634999 0.358786 2.183714 hargrave 2020-09-24 12:43:33 
TT 556 217.2 -04.0 217.2 -04.0 1.05E-03 001.8 354.8  47.8 2.166990 1.973748 1.589429 hargrave 2020-09-25 11:06:05 
TT 561 216.8 -03.8 216.8 -03.8 7.77E-04 001.6 354.1  48.0 1.470004 1.147164 1.102079 hargrave 2020-09-25 18:41:14 
TT 566 215.1 -03.6 215.1 -03.6 6.04E-04 001.5 351.6  48.0 0.923992 1.318281 0.376724 hargrave 2020-09-28 13:31:51 
TT 570 215.1 -03.2 215.1 -03.2 4.35E-04 001.9 351.5  48.5 0.220766 1.370291 0.278352 hargrave 2020-09-29 11:48:07 
TT 575 218.7 -02.6 218.7 -02.6 2.89E-04 000.8 357.0  49.4 0.208298 0.340396 0.160341 hargrave 2020-09-29 17:36:41 
TT 580 218.2 -01.7 218.2 -01.7 1.80E-04 000.5 356.1  50.2 0.123208 0.093478 0.097352 hargrave 2020-09-30 13:10:00 
TT 590 223.4  04.4 223.4  04.4 9.52E-05 001.0 004.8  56.3 0.061289 0.161469 0.047252 hargrave 2020-09-30 19:29:52 
TT 600 223.0  02.1 223.0  02.1 5.71E-05 002.1 003.9  54.0 0.032909 0.207299 0.046837 hargrave 2020-10-01 13:50:25 
TT 620 206.7 -05.6 206.7 -05.6 1.62E-05 004.2 340.2  44.5 0.026920 0.108348 0.048329 hargrave 2020-10-02 12:34:34 
