BD14- 5a sun compass orientation
      0 342.2  47.0   0.0   0.0   1.0
NRM    260.5  78.7 260.5  78.7 2.52E-03 001.1 177.2  54.2 3.637697 1.447813 2.759671 hargrave 2020-09-03 18:41:58 
TT 150 249.1  78.6 249.1  78.6 2.31E-03 001.7 181.0  54.4 3.676703 5.204764 2.268935 hargrave 2020-09-04 15:14:04 
TT 300 255.2  78.8 255.2  78.8 2.25E-03 000.7 179.0  54.2 1.789355 1.949710 1.008623 hargrave 2020-09-07 12:35:23 
TT 300 266.6  77.4 266.6  77.4 1.62E-03 002.2 174.6  55.1 1.358037 5.911767 1.216652 hargrave 2020-09-12 11:51:23 
TT 350 267.4  77.6 267.4  77.6 1.41E-03 001.9 174.4  54.9 1.387596 4.179038 1.301221 hargrave 2020-09-14 09:21:52 
TT 400 267.4  76.6 267.4  76.6 1.22E-03 001.3 173.8  55.8 1.994446 1.602861 1.290780 hargrave 2020-09-14 15:12:06 
TT 425 275.8  75.3 275.8  75.3 1.09E-03 001.3 169.5  56.1 0.657346 2.429289 0.543520 hargrave 2020-09-15 11:37:37 
TT 450 277.0  76.3 277.0  76.3 9.91E-04 000.7 170.0  55.1 0.305030 1.075041 0.490305 hargrave 2020-09-16 14:01:56 
TT 475 275.4  76.5 275.4  76.5 8.84E-04 002.6 170.7  55.1 1.377506 3.717373 0.815679 hargrave 2020-09-17 11:06:07 
TT 500 273.9  76.1 273.9  76.1 7.67E-04 001.2 170.9  55.6 0.735871 1.373724 0.546298 hargrave 2020-09-17 19:18:02 
TT 520 264.9  76.8 264.9  76.8 6.33E-04 002.1 174.9  55.8 0.793666 2.116783 0.502289 hargrave 2020-09-18 15:26:20 
TT 530 277.9  75.7 277.9  75.7 5.44E-04 000.7 169.1  55.5 0.443680 0.313331 0.445306 hargrave 2020-09-21 16:15:23 
TT 540 277.6  75.3 277.6  75.3 4.13E-04 003.9 168.8  55.9 1.001194 2.625386 0.464120 hargrave 2020-09-22 12:21:34 
TT 545 274.8  75.7 274.8  75.7 3.38E-04 001.8 170.3  55.8 0.555733 0.871729 0.342219 hargrave 2020-09-23 16:13:00 
TT 550 282.7  73.8 282.7  73.8 2.63E-04 001.1 165.2  56.2 0.390981 0.208604 0.249554 hargrave 2020-09-24 12:39:52 
TT 556 283.4  73.2 283.4  73.2 1.96E-04 000.9 164.2  56.5 0.243070 0.112371 0.188087 hargrave 2020-09-25 11:00:50 
TT 561 284.0  71.5 284.0  71.5 1.48E-04 001.9 161.8  57.6 0.236257 0.402265 0.131572 hargrave 2020-09-25 18:36:45 
TT 566 285.0  72.6 285.0  72.6 1.26E-04 001.6 162.9  56.6 0.186503 0.283862 0.104772 hargrave 2020-09-28 13:27:26 
TT 570 289.9  70.7 289.9  70.7 8.75E-05 001.3 158.5  56.6 0.066214 0.193751 0.039669 hargrave 2020-09-29 11:44:27 
TT 575 289.1  69.5 289.1  69.5 6.38E-05 001.6 156.9  57.6 0.124208 0.135908 0.043798 hargrave 2020-09-29 17:32:59 
TT 580 302.7  74.0 302.7  74.0 4.66E-05 002.4 159.9  51.6 0.182357 0.120974 0.036115 hargrave 2020-09-30 13:06:26 
TT 590 282.3  61.6 282.3  61.6 2.82E-05 002.2 146.7  64.3 0.036398 0.114730 0.057766 hargrave 2020-09-30 19:26:20 
TT 600 298.5  59.0 298.5  59.0 1.98E-05 001.4 135.9  57.7 0.022773 0.067234 0.044160 hargrave 2020-10-01 13:46:49 
TT 620 181.5  22.8 181.5  22.8 2.84E-06 013.7 265.1  29.2 0.046846 0.043706 0.031747 hargrave 2020-10-02 12:31:06 
