BD14- 4a mag compass orientation (IGRF corrected)
      0  37.7  85.0   0.0   0.0   1.0
NRM    242.7  47.6 242.7  47.6 2.61E-03 002.1 220.7  20.3 6.381544 3.936382 6.209323 hargrave 2020-09-03 18:39:39 
TT 150 242.0  45.5 242.0  45.5 2.41E-03 002.1 223.0  20.5 2.428804 6.402417 5.667564 hargrave 2020-09-04 15:12:32 
TT 300 242.2  46.2 242.2  46.2 2.35E-03 002.4 222.2  20.4 4.710229 7.629016 3.694046 hargrave 2020-09-07 12:33:51 
TT 300 244.4  47.0 244.4  47.0 1.77E-03 001.1 221.0  21.6 0.890454 2.267100 2.547766 hargrave 2020-09-12 11:50:05 
TT 350 246.7  47.3 246.7  47.3 1.55E-03 002.7 220.2  23.0 4.055128 5.769288 1.433455 hargrave 2020-09-14 09:20:21 
TT 400 247.7  47.0 247.7  47.0 1.34E-03 003.0 220.2  23.8 4.041316 5.595282 1.498116 hargrave 2020-09-14 15:10:36 
TT 425 249.0  48.3 249.0  48.3 1.19E-03 001.6 218.5  24.2 1.283311 2.578970 1.497945 hargrave 2020-09-15 11:36:05 
TT 450 248.6  46.5 248.6  46.5 1.09E-03 004.5 220.5  24.5 4.947239 6.823147 1.553021 hargrave 2020-09-16 14:00:25 
TT 475 249.4  46.8 249.4  46.8 9.70E-04 003.6 220.0  25.0 3.069389 4.932039 1.759920 hargrave 2020-09-17 11:03:47 
TT 500 249.4  45.4 249.4  45.4 8.34E-04 002.6 221.4  25.5 1.602706 3.094570 1.591655 hargrave 2020-09-17 19:16:31 
TT 520 250.5  46.6 250.5  46.6 6.33E-04 001.8 219.9  25.7 0.218138 1.449069 1.394787 hargrave 2020-09-18 15:24:50 
TT 530 252.5  45.8 252.5  45.8 5.15E-04 003.5 220.2  27.4 1.358786 2.622440 1.037387 hargrave 2020-09-21 16:14:10 
TT 540 257.8  46.2 257.8  46.2 3.43E-04 004.4 217.9  30.5 1.239006 2.208726 0.661274 hargrave 2020-09-22 12:20:21 
TT 545 261.0  47.1 261.0  47.1 2.73E-04 001.5 215.7  32.0 0.238670 0.313937 0.597053 hargrave 2020-09-23 16:11:30 
TT 550 262.3  45.7 262.3  45.7 2.15E-04 001.6 216.6  33.4 0.174859 0.354179 0.452590 hargrave 2020-09-24 12:38:40 
TT 556 262.6  47.1 262.6  47.1 1.61E-04 001.6 215.0  32.9 0.256701 0.119762 0.354663 hargrave 2020-09-25 10:59:18 
TT 561 265.2  45.1 265.2  45.1 1.28E-04 002.6 215.9  35.5 0.100520 0.487066 0.299333 hargrave 2020-09-25 18:35:16 
TT 566 266.1  44.0 266.1  44.0 1.18E-04 001.8 216.5  36.6 0.079084 0.334137 0.155374 hargrave 2020-09-28 13:25:56 
TT 570 264.5  40.8 264.5  40.8 8.52E-05 002.9 220.7  37.3 0.251929 0.349901 0.086701 hargrave 2020-09-29 11:43:14 
TT 575 264.8  44.0 264.8  44.0 5.93E-05 002.4 217.1  35.9 0.112388 0.220163 0.084084 hargrave 2020-09-29 17:31:43 
TT 580 270.5  43.6 270.5  43.6 5.23E-05 001.3 214.5  39.4 0.110640 0.089843 0.044748 hargrave 2020-09-30 13:04:28 
TT 590 256.6  42.0 256.6  42.0 3.52E-05 003.4 222.8  31.6 0.095982 0.185018 0.059688 hargrave 2020-09-30 19:24:25 
TT 600 275.8  51.0 275.8  51.0 2.20E-05 002.1 204.6  36.9 0.030696 0.063460 0.039738 hargrave 2020-10-01 13:45:36 
TT 620 330.6  10.5 330.6  10.5 2.38E-06 009.5 105.1  66.7 0.026119 0.043939 0.025558 hargrave 2020-10-02 12:29:59 
