BD15- 4a mag compass orientation (IGRF corrected)
      0 296.7  72.0   0.0   0.0   1.0
NRM    295.3 -06.2 295.3 -06.2 5.08E-03 001.8 083.6 -00.6 12.69413 1.760796 8.969983 hargrave 2020-09-03 18:53:57 
TT 150 294.7 -08.1 294.7 -08.1 5.07E-03 002.5 081.7 -00.6 19.58879 3.015602 10.23671 hargrave 2020-09-04 15:25:37 
TT 300 293.9 -10.2 293.9 -10.2 5.02E-03 001.2 079.5 -00.5 6.740820 1.424637 7.553102 hargrave 2020-09-07 12:47:36 
TT 300 294.7 -10.4 294.7 -10.4 4.87E-03 001.1 079.5 -01.3 3.540624 0.873188 8.236747 hargrave 2020-09-12 12:00:48 
TT 350 297.0 -08.9 297.0 -08.9 4.59E-03 001.4 081.6 -03.0 8.359906 2.150273 7.076937 hargrave 2020-09-14 09:32:22 
TT 400 296.7 -09.5 296.7 -09.5 4.13E-03 000.9 080.9 -02.9 1.315167 0.726275 5.977125 hargrave 2020-09-14 15:22:30 
TT 425 296.0 -11.4 296.0 -11.4 3.60E-03 000.8 078.9 -02.8 0.837275 0.640144 5.042277 hargrave 2020-09-15 11:48:52 
TT 450 296.6 -09.0 296.6 -09.0 2.95E-03 002.3 081.4 -02.7 10.81910 1.741471 3.885720 hargrave 2020-09-16 14:12:26 
TT 475 296.2 -09.9 296.2 -09.9 2.52E-03 001.2 080.4 -02.6 4.038156 0.817234 3.666383 hargrave 2020-09-17 11:16:34 
TT 500 295.5 -11.9 295.5 -11.9 2.21E-03 001.0 078.3 -02.6 2.703500 0.689651 2.940821 hargrave 2020-09-17 19:30:03 
TT 520 296.4 -08.4 296.4 -08.4 1.89E-03 002.2 082.0 -02.3 6.242076 0.994505 3.541958 hargrave 2020-09-18 15:37:35 
TT 530 296.3 -10.1 296.3 -10.1 1.66E-03 001.3 080.3 -02.8 3.168632 0.503160 2.097087 hargrave 2020-09-21 16:24:34 
TT 540 296.3 -12.9 296.3 -12.9 1.13E-03 001.3 077.6 -03.6 2.099149 0.679579 1.493460 hargrave 2020-09-22 12:30:33 
TT 545 296.6 -10.8 296.6 -10.8 8.48E-04 000.9 079.7 -03.2 0.659514 0.203016 1.193767 hargrave 2020-09-23 16:24:14 
TT 550 296.7 -11.6 296.7 -11.6 6.47E-04 001.7 078.9 -03.6 1.642356 0.414967 0.996915 hargrave 2020-09-24 12:48:24 
TT 556 296.9 -11.0 296.9 -11.0 5.00E-04 001.2 079.6 -03.6 0.561865 0.131734 0.869356 hargrave 2020-09-25 11:12:02 
TT 561 296.2 -11.2 296.2 -11.2 4.29E-04 001.4 079.1 -02.9 0.655129 0.152209 0.829665 hargrave 2020-09-25 18:47:10 
TT 566 297.0 -13.0 297.0 -13.0 3.90E-04 003.0 077.7 -04.3 1.974345 0.409237 0.480456 hargrave 2020-09-28 13:37:47 
TT 570 295.5 -11.6 295.5 -11.6 3.64E-04 002.6 078.6 -02.4 1.592081 0.188625 0.428224 hargrave 2020-09-29 11:52:54 
TT 575 293.8 -15.2 293.8 -15.2 3.21E-04 001.4 074.7 -02.0 0.654783 0.259761 0.369374 hargrave 2020-09-29 17:42:22 
TT 580 294.7 -12.7 294.7 -12.7 3.03E-04 002.1 077.3 -02.0 1.081373 0.163283 0.344132 hargrave 2020-09-30 13:14:47 
TT 590 295.1 -09.9 295.1 -09.9 2.56E-04 000.9 080.1 -01.6 0.317421 0.087355 0.261062 hargrave 2020-09-30 19:34:40 
TT 600 294.0 -15.6 294.0 -15.6 2.41E-04 001.5 074.4 -02.3 0.597863 0.132248 0.266996 hargrave 2020-10-01 13:55:19 
TT 620 296.1 -08.5 296.1 -08.5 1.95E-04 005.3 081.7 -02.0 1.779291 0.217895 0.208303 hargrave 2020-10-02 12:42:47 
