BD15- 6a mag compass orientation (IGRF corrected)
      0 296.7  70.0   0.0   0.0   1.0
NRM    300.3  11.8 300.3  11.8 4.99E-03 001.4 102.3  00.7 9.024571 2.227727 8.138186 hargrave 2020-09-03 18:59:50 
TT 150 301.4  13.5 301.4  13.5 5.01E-03 004.4 104.3  00.3 36.54884 9.829534 7.152064 hargrave 2020-09-04 15:31:38 
TT 300 301.2  13.1 301.2  13.1 4.98E-03 001.7 103.8  00.3 12.66491 4.191609 7.222340 hargrave 2020-09-07 12:52:47 
TT 300 301.7  11.8 301.7  11.8 4.81E-03 004.4 102.8 -00.6 34.83122 8.019842 9.374966 hargrave 2020-09-12 12:04:31 
TT 350 301.9  07.0 301.9  07.0 4.43E-03 005.8 098.4 -02.5 43.60440 5.696572 8.265458 hargrave 2020-09-14 09:38:21 
TT 400 302.9  09.1 302.9  09.1 3.61E-03 003.1 100.7 -02.6 18.32553 3.369943 6.666011 hargrave 2020-09-14 15:27:39 
TT 425 302.4  07.5 302.4  07.5 3.19E-03 001.0 099.0 -02.8 1.110484 0.340744 5.516878 hargrave 2020-09-15 11:54:01 
TT 450 303.5  09.8 303.5  09.8 2.87E-03 001.4 101.6 -03.0 4.837744 0.997711 4.835670 hargrave 2020-09-16 14:19:15 
TT 475 303.0  08.3 303.0  08.3 2.58E-03 001.2 100.0 -03.0 3.133588 0.577367 4.425550 hargrave 2020-09-17 11:22:31 
TT 500 303.3  09.4 303.3  09.4 2.26E-03 001.5 101.1 -02.9 4.766830 0.927957 3.260547 hargrave 2020-09-17 19:36:01 
TT 520 302.8  08.3 302.8  08.3 1.92E-03 002.3 099.9 -02.8 7.128427 1.201184 2.776156 hargrave 2020-09-18 15:43:31 
TT 530 304.2  10.3 304.2  10.3 1.54E-03 002.3 102.3 -03.4 5.700078 1.304051 2.044479 hargrave 2020-09-21 16:29:29 
TT 540 303.5  07.2 303.5  07.2 8.50E-04 001.7 099.1 -03.8 2.126552 0.442581 1.201474 hargrave 2020-09-22 12:35:25 
TT 545 303.5  09.2 303.5  09.2 5.85E-04 000.7 101.0 -03.2 0.184311 0.112442 0.651910 hargrave 2020-09-23 16:29:23 
TT 550 302.8  06.2 302.8  06.2 4.43E-04 004.6 097.9 -03.6 3.490140 0.538019 0.520408 hargrave 2020-09-24 12:53:22 
TT 556 301.8  04.7 301.8  04.7 3.63E-04 001.6 096.2 -03.2 0.923325 0.219074 0.436070 hargrave 2020-09-25 11:16:21 
TT 561 300.8  06.9 300.8  06.9 3.18E-04 001.8 097.9 -01.4 0.828734 0.163727 0.551453 hargrave 2020-09-25 18:53:07 
TT 566 302.6  08.5 302.6  08.5 3.06E-04 002.5 100.0 -02.6 1.181372 0.349313 0.507000 hargrave 2020-09-28 13:42:11 
TT 570 303.5  12.0 303.5  12.0 2.72E-04 002.3 103.6 -02.1 0.935709 0.291424 0.491438 hargrave 2020-09-29 11:57:10 
TT 575 301.7  11.4 301.7  11.4 2.53E-04 002.5 102.4 -00.8 0.980285 0.299781 0.421501 hargrave 2020-09-29 17:46:41 
TT 580 298.4  06.2 298.4  06.2 2.44E-04 001.7 096.3  00.6 0.562402 0.079649 0.447894 hargrave 2020-09-30 13:18:59 
TT 590 303.2  10.8 303.2  10.8 2.12E-04 002.5 102.4 -02.3 0.845395 0.196053 0.309481 hargrave 2020-09-30 19:39:31 
TT 600 301.5  05.5 301.5  05.5 1.99E-04 002.6 096.8 -02.6 0.800594 0.208054 0.370579 hargrave 2020-10-01 14:00:17 
TT 620 298.9  06.5 298.9  06.5 1.59E-04 001.1 096.8  00.1 0.166620 0.139282 0.262217 hargrave 2020-10-02 12:45:14 
