BD15- 5a mag compass orientation (IGRF corrected)
      0 294.7  72.0   0.0   0.0   1.0
NRM    300.1  12.6 300.1  12.6 5.10E-03 004.4 103.6 -01.2 37.61302 9.478166 4.387978 hargrave 2020-09-03 18:58:18 
TT 150 300.5  13.0 300.5  13.0 5.06E-03 008.6 104.1 -01.4 74.46402 19.09993 5.073665 hargrave 2020-09-04 15:30:05 
TT 150 300.0  12.0 300.0  12.0 5.10E-03 005.1 103.0 -01.2 44.26004 10.22920 4.416666 hargrave 2020-09-04 16:46:21 
TT 300 299.4  09.9 299.4  09.9 5.05E-03 004.3 100.9 -01.4 36.98385 7.631288 4.017254 hargrave 2020-09-07 12:51:14 
TT 300 299.1  07.8 299.1  07.8 4.90E-03 000.4 098.8 -01.7 2.084320 0.924318 2.744701 hargrave 2020-09-12 12:03:14 
TT 350 300.8  07.4 300.8  07.4 4.60E-03 001.2 098.9 -03.5 8.929661 1.354032 3.622326 hargrave 2020-09-14 09:36:48 
TT 400 300.7  07.1 300.7  07.1 3.80E-03 002.3 098.6 -03.5 14.82814 2.540707 3.142738 hargrave 2020-09-14 15:26:07 
TT 425 299.4  03.2 299.4  03.2 3.20E-03 001.7 094.5 -03.4 9.045885 1.212411 2.622431 hargrave 2020-09-15 11:52:29 
TT 450 301.4  08.9 301.4  08.9 2.84E-03 003.4 100.5 -03.5 16.24977 3.055107 2.404905 hargrave 2020-09-16 14:17:42 
TT 475 301.5  09.2 301.5  09.2 2.55E-03 002.3 100.9 -03.5 9.603065 2.123462 2.097895 hargrave 2020-09-17 11:20:59 
TT 500 299.8  05.0 299.8  05.0 2.25E-03 000.8 096.4 -03.3 2.696456 0.549196 1.912807 hargrave 2020-09-17 19:34:28 
TT 520 300.5  07.8 300.5  07.8 1.91E-03 000.7 099.2 -03.0 1.189544 0.475987 2.094240 hargrave 2020-09-18 15:41:59 
TT 530 301.1  07.8 301.1  07.8 1.60E-03 001.7 099.4 -03.6 4.340063 0.891172 1.451860 hargrave 2020-09-21 16:28:14 
TT 540 300.6  03.8 300.6  03.8 9.67E-04 005.0 095.5 -04.4 8.421487 0.921784 0.816559 hargrave 2020-09-22 12:34:10 
TT 545 300.3  04.5 300.3  04.5 6.88E-04 004.3 096.0 -04.0 5.042351 0.805365 0.600966 hargrave 2020-09-23 16:27:51 
TT 550 301.3  04.9 301.3  04.9 5.15E-04 002.6 096.7 -04.7 2.273708 0.367701 0.471542 hargrave 2020-09-24 12:52:07 
TT 556 299.2  02.2 299.2  02.2 4.20E-04 002.5 093.5 -03.6 1.770566 0.273960 0.494756 hargrave 2020-09-25 11:14:50 
TT 561 300.0  06.6 300.0  06.6 3.68E-04 002.0 097.9 -03.0 1.171181 0.271353 0.426806 hargrave 2020-09-25 18:51:36 
TT 566 291.8 -22.7 291.8 -22.7 3.01E-04 030.8 067.5 -04.3 16.54964 7.007508 0.395028 hargrave 2020-09-28 13:40:40 
TT 566 300.1  04.8 300.1  04.8 3.44E-04 005.1 096.2 -03.6 3.021925 0.319044 0.296489 hargrave 2020-09-28 15:11:49 
TT 570 300.3  05.0 300.3  05.0 3.25E-04 002.9 096.5 -03.8 1.604294 0.289686 0.275889 hargrave 2020-09-29 11:55:56 
TT 575 299.5  07.8 299.5  07.8 2.79E-04 001.8 098.9 -02.1 0.795296 0.212574 0.255041 hargrave 2020-09-29 17:45:23 
TT 580 298.6  04.0 298.6  04.0 2.73E-04 003.7 095.1 -02.5 1.758841 0.260019 0.229656 hargrave 2020-09-30 13:17:45 
TT 590 298.9  02.4 298.9  02.4 2.29E-04 004.5 093.6 -03.3 1.761580 0.166287 0.201423 hargrave 2020-09-30 19:38:17 
TT 600 296.8  03.7 296.8  03.7 2.17E-04 007.1 094.1 -00.8 2.668136 0.275126 0.191454 hargrave 2020-10-01 13:59:01 
TT 620 299.6  08.2 299.6  08.2 1.75E-04 005.7 099.3 -02.1 1.709488 0.312772 0.158819 hargrave 2020-10-02 12:44:03 
