BD15- 3a mag compass orientation (IGRF corrected)
      0 334.7  63.0   0.0   0.0   1.0
NRM    300.6  11.3 300.6  11.3 4.02E-03 002.1 084.8  35.3 13.91604 1.433747 3.536189 hargrave 2020-09-03 18:52:26 
TT 150 300.8  10.7 300.8  10.7 3.99E-03 003.3 084.1  34.9 22.72268 1.146941 3.492868 hargrave 2020-09-04 15:24:05 
TT 300 300.3  09.5 300.3  09.5 3.95E-03 002.4 082.5  34.9 16.16473 1.676404 3.255982 hargrave 2020-09-07 12:46:04 
TT 300 300.3  07.8 300.3  07.8 3.57E-03 000.7 080.7  34.1 1.387245 2.450502 3.021265 hargrave 2020-09-12 11:59:33 
TT 350 300.7  05.9 300.7  05.9 3.24E-03 001.2 079.0  32.8 6.294128 0.485069 3.095869 hargrave 2020-09-14 09:30:50 
TT 400 301.5  07.4 301.5  07.4 2.81E-03 002.0 081.0  32.8 9.326905 0.323904 2.792264 hargrave 2020-09-14 15:20:59 
TT 425 300.8  06.5 300.8  06.5 2.32E-03 001.1 079.6  33.0 3.670316 0.878149 2.313115 hargrave 2020-09-15 11:47:21 
TT 450 300.8  07.5 300.8  07.5 1.81E-03 001.6 080.7  33.5 4.859422 0.483703 1.816987 hargrave 2020-09-16 14:10:55 
TT 475 301.7  09.6 301.7  09.6 1.54E-03 000.8 083.5  33.7 1.136652 1.134666 1.517263 hargrave 2020-09-17 11:15:03 
TT 500 300.5  08.6 300.5  08.6 1.32E-03 002.7 081.7  34.2 6.000548 0.196670 1.471298 hargrave 2020-09-17 19:28:33 
TT 520 300.4  08.4 300.4  08.4 1.13E-03 001.8 081.5  34.3 3.487828 0.273139 1.074831 hargrave 2020-09-18 15:36:03 
TT 530 300.4  07.0 300.4  07.0 1.01E-03 001.5 080.0  33.6 2.394701 0.467846 1.080144 hargrave 2020-09-21 16:23:20 
TT 540 301.2  07.2 301.2  07.2 8.69E-04 002.7 080.6  33.0 3.978718 0.144440 0.877533 hargrave 2020-09-22 12:29:20 
TT 545 300.8  04.7 300.8  04.7 7.89E-04 000.8 077.8  32.2 0.565435 0.606417 0.790323 hargrave 2020-09-23 16:22:43 
TT 550 301.3  04.0 301.3  04.0 7.02E-04 000.8 077.3  31.3 0.399892 0.519736 0.729900 hargrave 2020-09-24 12:47:08 
TT 556 302.5  06.2 302.5  06.2 6.07E-04 003.4 080.2  31.4 3.596317 0.266736 0.594590 hargrave 2020-09-25 11:10:32 
TT 561 300.6  04.3 300.6  04.3 5.50E-04 000.7 077.3  32.1 0.277096 0.337524 0.524786 hargrave 2020-09-25 18:45:40 
TT 566 301.1  03.8 301.1  03.8 5.04E-04 000.7 077.0  31.5 0.240230 0.385565 0.410050 hargrave 2020-09-28 13:36:16 
TT 570 302.4  06.7 302.4  06.7 4.79E-04 002.4 080.7  31.8 1.999664 0.105968 0.400775 hargrave 2020-09-29 11:51:40 
TT 575 300.1  03.7 300.1  03.7 4.33E-04 001.9 076.3  32.3 1.361270 0.107046 0.354327 hargrave 2020-09-29 17:40:24 
TT 580 302.5  06.7 302.5  06.7 4.11E-04 003.8 080.8  31.7 2.684507 0.212222 0.340475 hargrave 2020-09-30 13:13:34 
TT 590 301.5  05.2 301.5  05.2 3.64E-04 002.0 078.6  31.8 1.216576 0.131698 0.311949 hargrave 2020-09-30 19:33:24 
TT 600 301.1  03.6 301.1  03.6 3.31E-04 002.0 076.8  31.4 1.143094 0.077938 0.252950 hargrave 2020-10-01 13:54:02 
TT 620 300.0  06.2 300.0  06.2 2.59E-04 001.2 078.8  33.6 0.482019 0.127325 0.215213 hargrave 2020-10-02 12:40:45 
