BD15- 8a mag compass orientation (IGRF corrected)
      0 295.7  73.0   0.0   0.0   1.0
NRM    296.4  02.4 296.4  02.4 4.75E-03 001.0 092.5  00.0 5.459401 0.461151 5.825116 hargrave 2020-09-03 19:02:50 
TT 150 297.4  04.8 297.4  04.8 4.77E-03 001.6 095.1 -00.2 12.19278 1.651400 6.167716 hargrave 2020-09-04 15:34:40 
TT 300 296.2  00.2 296.2  00.2 4.72E-03 000.8 090.3 -00.4 2.283458 1.140057 6.217956 hargrave 2020-09-07 12:55:49 
TT 300 297.1 -00.0 297.1 -00.0 4.45E-03 003.0 090.4 -01.3 23.18289 0.788148 4.931973 hargrave 2020-09-12 12:07:04 
TT 350 298.0 -03.0 298.0 -03.0 4.06E-03 001.9 087.8 -03.1 12.24369 0.560369 5.550176 hargrave 2020-09-14 09:41:23 
TT 400 298.3 -02.4 298.3 -02.4 3.18E-03 003.5 088.4 -03.2 18.70770 0.240625 4.489258 hargrave 2020-09-14 15:30:39 
TT 425 298.7 -01.3 298.7 -01.3 2.77E-03 000.8 089.6 -03.2 0.689099 0.402544 3.978630 hargrave 2020-09-15 11:57:01 
TT 450 298.7 -00.9 298.7 -00.9 2.48E-03 001.9 090.0 -03.1 7.183435 0.333296 3.642427 hargrave 2020-09-16 14:22:17 
TT 475 299.0  00.3 299.0  00.3 2.23E-03 000.8 091.2 -03.1 0.681429 0.309913 2.923739 hargrave 2020-09-17 11:25:32 
TT 500 298.1 -02.6 298.1 -02.6 1.94E-03 001.4 088.2 -03.1 3.776474 0.200147 2.860572 hargrave 2020-09-17 19:39:00 
TT 520 297.7 -01.6 297.7 -01.6 1.62E-03 001.0 089.0 -02.4 1.316736 0.242736 2.446415 hargrave 2020-09-18 15:47:21 
TT 530 299.1 -02.8 299.1 -02.8 1.15E-03 002.6 088.4 -04.1 4.824135 0.143013 1.918740 hargrave 2020-09-21 16:32:42 
TT 540 297.4 -05.3 297.4 -05.3 6.55E-04 003.5 085.4 -03.2 3.862948 0.139778 1.090016 hargrave 2020-09-22 12:37:55 
TT 545 299.0 -03.0 299.0 -03.0 4.67E-04 001.2 088.1 -04.1 0.641366 0.111586 0.761662 hargrave 2020-09-23 16:32:23 
TT 550 295.8 -02.8 295.8 -02.8 3.88E-04 002.9 087.4 -00.9 1.853287 0.084708 0.619600 hargrave 2020-09-24 12:55:49 
TT 556 298.6 -05.1 298.6 -05.1 3.42E-04 001.8 086.0 -04.2 0.964729 0.090639 0.481165 hargrave 2020-09-25 11:19:20 
TT 561 298.2 -02.1 298.2 -02.1 3.05E-04 002.0 088.7 -03.0 0.960579 0.104063 0.430488 hargrave 2020-09-25 18:56:04 
TT 566 297.1 -00.2 297.1 -00.2 2.91E-04 002.7 090.2 -01.4 1.274300 0.143913 0.485384 hargrave 2020-09-28 13:45:09 
TT 570 296.5 -01.3 296.5 -01.3 2.67E-04 004.0 089.0 -01.1 1.843606 0.088564 0.394068 hargrave 2020-09-29 12:00:26 
TT 575 297.7 -00.2 297.7 -00.2 2.42E-04 002.5 090.4 -02.0 0.962837 0.153955 0.383261 hargrave 2020-09-29 17:49:14 
TT 580 297.9 -02.5 297.9 -02.5 2.36E-04 003.9 088.3 -02.8 1.594854 0.113928 0.340481 hargrave 2020-09-30 13:21:26 
TT 590 297.8 -00.5 297.8 -00.5 2.14E-04 003.6 090.1 -02.2 1.303856 0.094021 0.370513 hargrave 2020-09-30 19:41:58 
TT 600 294.7 -02.9 294.7 -02.9 2.00E-04 002.6 086.9  00.1 0.854254 0.084439 0.293707 hargrave 2020-10-01 14:02:43 
TT 620 297.4 -01.1 297.4 -01.1 1.69E-04 001.0 089.5 -01.9 0.097584 0.101337 0.272875 hargrave 2020-10-02 12:47:38 
