BD15- 2a mag compass orientation (IGRF corrected)
      0 332.7  85.0   0.0   0.0   1.0
NRM    298.5  05.5 298.5  05.5 4.42E-03 001.3 093.2  34.5 9.347818 2.127061 3.821762 hargrave 2020-09-03 18:50:10 
TT 150 298.1  06.7 298.1  06.7 4.40E-03 001.3 094.7  34.9 9.294281 1.499415 2.900617 hargrave 2020-09-04 15:22:36 
TT 300 298.0  06.3 298.0  06.3 4.35E-03 002.9 094.1  35.0 21.77316 2.187430 2.513204 hargrave 2020-09-07 12:44:34 
TT 300 298.1  08.6 298.1  08.6 4.15E-03 002.2 097.0  34.9 15.88249 1.603950 3.170600 hargrave 2020-09-12 11:58:21 
TT 350 298.9  04.3 298.9  04.3 3.85E-03 002.2 091.8  34.0 14.52737 0.584963 2.452916 hargrave 2020-09-14 09:29:22 
TT 400 298.8  06.3 298.8  06.3 3.32E-03 002.9 094.3  34.2 16.94691 1.275674 2.323292 hargrave 2020-09-14 15:19:32 
TT 425 298.8  04.9 298.8  04.9 2.80E-03 001.9 092.5  34.2 9.113995 0.326796 1.858130 hargrave 2020-09-15 11:45:52 
TT 450 298.9  06.1 298.9  06.1 2.43E-03 000.5 094.0  34.1 1.273053 0.379141 1.651782 hargrave 2020-09-16 14:09:26 
TT 475 298.9  07.2 298.9  07.2 2.14E-03 000.5 095.3  34.2 1.387618 0.296180 1.485799 hargrave 2020-09-17 11:13:36 
TT 500 298.5  06.4 298.5  06.4 1.89E-03 000.8 094.3  34.4 2.127761 0.388079 1.369012 hargrave 2020-09-17 19:27:05 
TT 520 298.2  04.7 298.2  04.7 1.62E-03 004.7 092.3  34.7 13.26699 0.386877 1.171692 hargrave 2020-09-18 15:34:35 
TT 530 298.8  03.8 298.8  03.8 1.45E-03 001.8 091.2  34.1 4.571823 0.311460 1.012634 hargrave 2020-09-21 16:22:09 
TT 540 298.6  03.6 298.6  03.6 1.13E-03 000.5 091.0  34.3 0.762783 0.216784 0.749365 hargrave 2020-09-22 12:28:10 
TT 545 298.9  02.5 298.9  02.5 9.06E-04 001.6 089.6  33.9 2.459130 0.159983 0.598160 hargrave 2020-09-23 16:21:16 
TT 550 299.2  03.4 299.2  03.4 7.08E-04 001.5 090.8  33.7 1.836614 0.209678 0.465984 hargrave 2020-09-24 12:45:58 
TT 556 298.8  03.5 298.8  03.5 5.44E-04 002.0 090.9  34.0 1.818792 0.162919 0.440170 hargrave 2020-09-25 11:09:03 
TT 561 298.2  02.5 298.2  02.5 4.55E-04 003.2 089.6  34.6 2.507551 0.101275 0.307013 hargrave 2020-09-25 18:44:10 
TT 566 298.3  02.5 298.3  02.5 4.11E-04 002.3 089.6  34.5 1.602500 0.094951 0.303303 hargrave 2020-09-28 13:34:49 
TT 570 298.3  03.5 298.3  03.5 3.75E-04 001.8 090.8  34.5 1.135039 0.076355 0.255628 hargrave 2020-09-29 11:50:30 
TT 575 297.1  03.0 297.1  03.0 3.39E-04 000.6 090.1  35.8 0.315693 0.090239 0.225338 hargrave 2020-09-29 17:39:11 
TT 580 298.7  04.1 298.7  04.1 3.23E-04 001.8 091.5  34.2 1.000520 0.092759 0.224499 hargrave 2020-09-30 13:12:24 
TT 590 298.6  05.3 298.6  05.3 2.89E-04 002.2 093.0  34.4 1.084662 0.082765 0.193150 hargrave 2020-09-30 19:32:14 
TT 600 298.6  02.3 298.6  02.3 2.74E-04 001.5 089.4  34.1 0.706240 0.132159 0.195390 hargrave 2020-10-01 13:52:52 
TT 620 295.9  04.5 295.9  04.5 2.26E-04 002.0 091.9  37.0 0.780051 0.097658 0.170050 hargrave 2020-10-02 12:37:02 
