BD15- 7a mag compass orientation (IGRF corrected)
      0 294.7  70.0   0.0   0.0   1.0
NRM    298.6  07.4 298.6  07.4 5.37E-03 005.3 098.2 -01.1 46.28690 7.227954 16.06326 hargrave 2020-09-03 19:01:19 
TT 150 300.2  11.1 300.2  11.1 5.41E-03 001.9 102.3 -01.3 9.211625 2.435346 15.38262 hargrave 2020-09-04 15:33:08 
TT 300 299.5  08.5 299.5  08.5 5.36E-03 002.8 099.6 -01.6 20.66425 4.635814 15.28837 hargrave 2020-09-07 12:54:16 
TT 300 299.8  07.5 299.8  07.5 5.13E-03 005.2 098.8 -02.2 43.83599 7.598309 12.86746 hargrave 2020-09-12 12:05:47 
TT 350 300.4  03.4 300.4  03.4 4.72E-03 003.3 095.2 -04.2 23.35995 2.658129 13.14468 hargrave 2020-09-14 09:39:51 
TT 400 300.4  03.1 300.4  03.1 3.75E-03 001.9 094.9 -04.3 7.638604 1.623134 10.04639 hargrave 2020-09-14 15:29:08 
TT 425 301.3  05.6 301.3  05.6 3.29E-03 002.0 097.5 -04.2 7.385825 0.351000 9.039292 hargrave 2020-09-15 11:55:30 
TT 450 301.1  05.1 301.1  05.1 2.96E-03 002.5 097.1 -04.3 9.834715 2.210435 8.083335 hargrave 2020-09-16 14:20:45 
TT 475 300.4  03.2 300.4  03.2 2.65E-03 004.4 094.9 -04.2 18.69891 2.369204 7.171982 hargrave 2020-09-17 11:24:01 
TT 500 300.9  04.6 300.9  04.6 2.32E-03 005.1 096.4 -04.2 19.51215 2.804191 6.502830 hargrave 2020-09-17 19:37:30 
TT 520 299.7  03.3 299.7  03.3 1.98E-03 003.5 094.8 -03.5 10.70198 1.233513 5.493265 hargrave 2020-09-18 15:45:50 
TT 530 299.9  00.9 299.9  00.9 1.54E-03 001.9 092.6 -04.6 2.881664 0.504276 4.362726 hargrave 2020-09-21 16:31:23 
TT 540 299.3  00.4 299.3  00.4 8.72E-04 003.7 091.9 -04.2 5.044954 0.569965 2.367392 hargrave 2020-09-22 12:36:37 
TT 545 300.4  01.1 300.4  01.1 6.07E-04 004.8 093.0 -05.0 4.813165 0.475901 1.693707 hargrave 2020-09-23 16:30:52 
TT 550 298.6  01.8 298.6  01.8 4.76E-04 001.9 093.0 -03.0 0.781608 0.269156 1.345050 hargrave 2020-09-24 12:54:35 
TT 556 298.5  00.4 298.5  00.4 3.95E-04 004.1 091.7 -03.5 2.685357 0.268238 0.966647 hargrave 2020-09-25 11:17:50 
TT 561 298.3  02.0 298.3  02.0 3.56E-04 003.6 093.1 -02.7 1.966409 0.223870 1.017146 hargrave 2020-09-25 18:54:35 
TT 566 299.0  05.2 299.0  05.2 3.44E-04 001.9 096.4 -02.2 0.479623 0.247379 1.022241 hargrave 2020-09-28 13:43:39 
TT 570 297.5  04.0 297.5  04.0 3.08E-04 003.0 094.7 -01.3 1.314834 0.203490 0.877330 hargrave 2020-09-29 11:59:08 
TT 575 299.6  05.5 299.6  05.5 2.74E-04 002.1 096.9 -02.7 0.583652 0.236154 0.799432 hargrave 2020-09-29 17:47:57 
TT 580 295.6 -00.1 295.6 -00.1 2.65E-04 003.6 090.2 -00.9 1.482835 0.148270 0.774208 hargrave 2020-09-30 13:20:12 
TT 590 299.7  05.3 299.7  05.3 2.34E-04 005.5 096.6 -02.8 2.104853 0.309888 0.735949 hargrave 2020-09-30 19:40:44 
TT 600 296.3  01.5 296.3  01.5 2.27E-04 002.7 091.9 -01.0 0.837906 0.271387 0.681638 hargrave 2020-10-01 14:01:29 
TT 620 298.0  07.1 298.0  07.1 1.84E-04 002.9 097.8 -00.7 0.742868 0.191695 0.562878 hargrave 2020-10-02 12:46:25 
