BD15- 1a mag compass orientation (IGRF corrected)
      0 339.7  81.0   0.0   0.0   1.0
NRM    300.2  10.0 300.2  10.0 3.92E-03 002.0 095.5  40.3 13.69747 1.566963 2.371384 hargrave 2020-09-03 18:48:43 
TT 150 300.1  11.2 300.1  11.2 3.90E-03 001.6 097.1  40.4 10.33022 2.780069 1.927004 hargrave 2020-09-04 15:21:02 
TT 300 300.3  11.7 300.3  11.7 3.86E-03 000.8 097.7  40.2 4.616157 2.156800 2.164360 hargrave 2020-09-07 12:43:05 
TT 300 298.5  08.7 298.5  08.7 3.59E-03 002.1 093.7  41.9 12.84117 2.696774 2.414635 hargrave 2020-09-12 11:57:08 
TT 350 299.3  08.0 299.3  08.0 3.21E-03 002.3 092.8  41.0 11.80695 3.202635 3.243840 hargrave 2020-09-14 09:27:53 
TT 400 299.4  05.7 299.4  05.7 2.82E-03 001.9 089.8  40.6 9.098911 0.594508 1.777712 hargrave 2020-09-14 15:18:04 
TT 425 298.9  05.5 298.9  05.5 2.38E-03 001.0 089.4  41.1 3.354134 1.092217 1.997780 hargrave 2020-09-15 11:44:24 
TT 450 299.1  06.2 299.1  06.2 1.99E-03 001.6 090.4  41.0 5.261397 0.651590 1.429176 hargrave 2020-09-16 14:07:58 
TT 475 298.8  05.4 298.8  05.4 1.66E-03 000.6 089.3  41.2 1.171794 0.570576 1.262761 hargrave 2020-09-17 11:12:06 
TT 500 298.6  10.2 298.6  10.2 1.41E-03 000.7 095.6  41.9 1.110942 0.829661 1.222201 hargrave 2020-09-17 19:25:36 
TT 520 298.1  07.2 298.1  07.2 1.19E-03 001.6 091.6  42.1 3.089350 0.599990 0.940669 hargrave 2020-09-18 15:33:07 
TT 530 298.5  06.3 298.5  06.3 1.06E-03 000.7 090.4  41.5 0.971734 0.454372 0.905351 hargrave 2020-09-21 16:20:59 
TT 540 298.4  03.8 298.4  03.8 8.77E-04 001.7 087.1  41.4 2.358969 0.544431 0.778577 hargrave 2020-09-22 12:27:01 
TT 545 298.1  02.7 298.1  02.7 7.70E-04 000.8 085.6  41.5 0.711545 0.395157 0.697228 hargrave 2020-09-23 16:19:48 
TT 550 299.4  02.4 299.4  02.4 6.52E-04 001.0 085.5  40.1 1.064155 0.195505 0.458338 hargrave 2020-09-24 12:44:46 
TT 556 298.5  03.2 298.5  03.2 5.38E-04 001.2 086.3  41.2 1.027100 0.192769 0.339386 hargrave 2020-09-25 11:07:36 
TT 561 297.9  01.1 297.9  01.1 4.53E-04 000.7 083.4  41.4 0.383466 0.231559 0.372724 hargrave 2020-09-25 18:42:44 
TT 566 298.8  02.0 298.8  02.0 4.11E-04 000.7 084.8  40.6 0.405943 0.192590 0.266487 hargrave 2020-09-28 13:33:21 
TT 570 298.6  03.4 298.6  03.4 3.83E-04 000.7 086.6  41.1 0.162488 0.239322 0.415633 hargrave 2020-09-29 11:49:20 
TT 575 297.3  04.1 297.3  04.1 3.46E-04 001.8 087.3  42.5 1.002212 0.260331 0.363144 hargrave 2020-09-29 17:37:58 
TT 580 298.2  05.5 298.2  05.5 3.26E-04 001.0 089.4  41.8 0.402379 0.201926 0.347043 hargrave 2020-09-30 13:11:13 
TT 590 298.2  03.5 298.2  03.5 2.90E-04 000.5 086.7  41.5 0.190130 0.097481 0.187271 hargrave 2020-09-30 19:31:05 
TT 600 299.0  03.4 299.0  03.4 2.76E-04 000.4 086.8  40.7 0.125314 0.107948 0.195648 hargrave 2020-10-01 13:51:38 
TT 620 296.6  02.9 296.6  02.9 2.27E-04 000.4 085.5  43.0 0.121906 0.098957 0.115580 hargrave 2020-10-02 12:35:46 
