BD16- 2a mag compass orientation (IGRF corrected)
      0  96.8  78.0   0.0   0.0   1.0
NRM    341.4 -04.5 341.4 -04.5 1.60E-01 004.7 301.7  59.8 848.0126 1096.629 144.8332 hargrave 2020-09-03 19:06:02 
TT 150 342.4 -05.4 342.4 -05.4 1.58E-01 003.9 304.4  60.2 718.1376 876.6717 155.2427 hargrave 2020-09-04 15:37:56 
TT 300 340.0 -02.3 340.0 -02.3 1.54E-01 006.1 296.5  59.8 1192.828 1382.861 227.8418 hargrave 2020-09-07 13:02:22 
TT 300 342.1 -04.1 342.1 -04.1 1.48E-01 005.5 301.8  60.6 1028.766 1082.178 151.3112 hargrave 2020-09-12 12:09:46 
TT 350 342.8 -04.2 342.8 -04.2 1.45E-01 005.7 302.8  61.2 1144.116 1073.829 77.74488 hargrave 2020-09-14 09:46:20 
TT 400 344.6 -06.3 344.6 -06.3 1.39E-01 006.1 308.5  61.4 1230.657 1041.379 49.49405 hargrave 2020-09-14 15:35:32 
TT 425 343.5 -06.6 343.5 -06.6 1.25E-01 005.6 307.7  60.3 855.3823 1011.027 76.02581 hargrave 2020-09-15 12:01:03 
TT 450 344.5 -06.8 344.5 -06.8 1.15E-01 005.4 309.1  60.9 748.6667 888.8639 111.0680 hargrave 2020-09-16 14:25:33 
TT 475 345.2 -05.5 345.2 -05.5 1.07E-01 004.3 307.9  62.3 493.6751 672.8138 35.53880 hargrave 2020-09-17 11:28:46 
TT 500 345.4 -03.7 345.4 -03.7 8.56E-02 002.9 305.3  63.6 267.1542 359.7813 32.47876 hargrave 2020-09-17 19:42:12 
TT 520 346.6 -04.4 346.6 -04.4 6.96E-02 000.5 308.1  64.1 52.55405 30.08810 36.93792 hargrave 2020-09-18 15:50:34 
TT 530 349.7 -01.5 349.7 -01.5 5.71E-02 000.7 307.3  68.3 34.88024 57.94457 60.04039 hargrave 2020-09-21 16:35:19 
TT 540 353.7  02.2 353.7  02.2 4.07E-02 000.6 306.2  73.7 21.98534 36.65796 9.035818 hargrave 2020-09-22 12:40:34 
TT 545 353.7  02.8 353.7  02.8 2.83E-02 001.5 304.3  74.1 56.89408 47.42810 6.505639 hargrave 2020-09-23 16:35:36 
TT 550 352.4  03.0 352.4  03.0 9.85E-03 001.2 301.3  73.1 16.10926 11.41493 2.815806 hargrave 2020-09-24 12:59:08 
TT 556 351.6  04.0 351.6  04.0 5.16E-03 001.1 296.8  72.9 9.240322 3.782143 1.333821 hargrave 2020-09-25 11:23:21 
TT 561 350.6  06.0 350.6  06.0 3.00E-03 000.8 289.1  72.9 3.941477 1.288268 0.918346 hargrave 2020-09-25 18:59:15 
TT 566 348.8  06.9 348.8  06.9 2.46E-03 001.1 284.5  71.5 2.961635 3.353229 1.284437 hargrave 2020-09-28 13:48:21 
TT 570 349.3  08.3 349.3  08.3 1.32E-03 001.0 280.5  72.4 1.621069 1.500984 0.651952 hargrave 2020-09-29 12:03:02 
TT 575 347.6  07.7 347.6  07.7 9.21E-04 001.1 281.2  70.6 1.198429 1.106401 0.609881 hargrave 2020-09-29 17:51:58 
TT 580 347.7  09.3 347.7  09.3 7.62E-04 001.1 276.4  71.0 1.182767 0.818549 0.444473 hargrave 2020-09-30 13:24:02 
TT 590 347.8  08.5 347.8  08.5 5.34E-04 001.2 278.7  71.0 0.913933 0.497333 0.512052 hargrave 2020-09-30 19:44:33 
TT 600 352.4  10.5 352.4  10.5 3.23E-04 001.1 274.6  75.8 0.310843 0.444770 0.342869 hargrave 2020-10-01 14:05:19 
TT 620 347.3  23.1 347.3  23.1 7.46E-05 002.5 236.3  68.4 0.136975 0.250241 0.205867 hargrave 2020-10-02 12:50:06 
