BD16- 7a mag compass orientation (IGRF corrected)
      0 225.8  68.0   0.0   0.0   1.0
NRM    112.5  49.6 112.5  49.6 6.58E-02 000.9 208.0  56.9 104.2722 74.94246 76.89446 hargrave 2020-09-03 19:21:52 
TT 150 110.8  47.8 110.8  47.8 6.37E-02 001.7 211.8  57.4 36.59616 190.7330 64.47119 hargrave 2020-09-04 15:48:38 
TT 300 109.9  47.0 109.9  47.0 6.31E-02 002.3 213.6  57.4 149.4051 214.0165 64.14725 hargrave 2020-09-07 13:11:31 
TT 300 116.1  46.0 116.1  46.0 5.56E-02 002.6 209.0  61.2 130.1520 190.7036 182.6881 hargrave 2020-09-12 12:18:09 
TT 350 120.2  44.3 120.2  44.3 5.34E-02 001.2 206.2  64.3 68.56948 56.01498 110.8823 hargrave 2020-09-14 09:56:10 
TT 400 124.1  44.5 124.1  44.5 5.01E-02 001.0 200.4  65.5 40.50839 60.82395 96.65014 hargrave 2020-09-14 15:46:07 
TT 425 125.5  45.3 125.5  45.3 4.41E-02 001.4 197.4  65.2 40.14001 97.42862 23.38391 hargrave 2020-09-15 12:10:51 
TT 450 122.3  44.5 122.3  44.5 4.03E-02 000.5 203.0  64.9 14.13574 34.26733 18.96327 hargrave 2020-09-16 14:35:27 
TT 475 121.7  44.2 121.7  44.2 3.58E-02 001.1 204.2  64.9 11.81397 68.93318 16.73846 hargrave 2020-09-17 11:40:12 
TT 500 123.4  45.7 123.4  45.7 3.05E-02 001.3 200.2  64.2 8.927183 70.22814 14.87852 hargrave 2020-09-17 19:52:48 
TT 520 121.7  46.1 121.7  46.1 2.52E-02 001.7 202.1  63.3 7.765348 72.77471 13.41607 hargrave 2020-09-18 16:01:11 
TT 530 123.2  47.2 123.2  47.2 2.20E-02 001.0 198.9  62.8 9.902664 38.16845 10.71533 hargrave 2020-09-21 16:44:03 
TT 540 125.0  48.9 125.0  48.9 1.80E-02 001.0 195.1  61.8 10.19292 28.64317 8.686795 hargrave 2020-09-22 12:48:41 
TT 545 122.7  49.2 122.7  49.2 1.51E-02 001.2 197.7  60.9 7.936119 30.19538 7.709652 hargrave 2020-09-23 16:45:26 
TT 550 129.3  56.8 129.3  56.8 8.40E-03 001.2 186.1  54.9 7.540712 15.91414 4.332609 hargrave 2020-09-24 13:09:20 
TT 556 141.4  65.4 141.4  65.4 4.80E-03 001.8 176.6  46.4 6.392407 13.62099 3.254105 hargrave 2020-09-25 11:33:05 
TT 561 165.3  71.3 165.3  71.3 3.34E-03 001.6 168.5  37.9 4.099975 8.413968 2.053081 hargrave 2020-09-25 19:10:33 
TT 566 178.0  75.8 178.0  75.8 2.82E-03 001.0 168.8  32.1 1.014610 3.976585 3.158126 hargrave 2020-09-28 14:06:25 
TT 570 233.9  69.4 233.9  69.4 1.78E-03 003.5 158.6  17.7 3.609819 10.18373 2.101540 hargrave 2020-09-29 12:11:06 
TT 575 247.3  66.8 247.3  66.8 1.32E-03 002.5 158.0  12.1 1.849330 5.190660 1.603214 hargrave 2020-09-29 18:00:55 
TT 580 249.2  62.9 249.2  62.9 1.02E-03 004.9 154.9  09.5 3.409013 7.966970 1.249859 hargrave 2020-09-30 13:32:50 
TT 590 259.5  58.4 259.5  58.4 4.90E-04 004.6 154.1  02.9 1.570729 3.551806 0.664392 hargrave 2020-09-30 19:53:19 
TT 600 256.8  54.9 256.8  54.9 3.45E-04 002.5 150.4  01.8 0.619670 1.305909 0.396541 hargrave 2020-10-01 14:14:11 
TT 620 272.4  57.2 272.4  57.2 1.07E-04 001.6 158.1 -02.9 0.143921 0.286802 0.086072 hargrave 2020-10-02 12:58:42 
