BD16- 5a mag compass orientation (IGRF corrected)
      0  51.8  20.0   0.0   0.0   1.0
NRM    160.1 -17.4 160.1 -17.4 7.03E-02 003.1 201.8 -36.3 334.7737 274.6175 126.2651 hargrave 2020-09-03 19:10:39 
TT 150 162.3 -17.7 162.3 -17.7 6.85E-02 002.8 204.5 -36.3 278.7422 194.5750 139.9593 hargrave 2020-09-04 15:42:35 
TT 300 157.4 -16.8 157.4 -16.8 6.75E-02 005.2 198.5 -36.0 633.2502 502.4134 65.97212 hargrave 2020-09-07 13:07:01 
TT 300 162.8 -16.1 162.8 -16.1 4.95E-02 003.1 204.7 -34.6 90.94732 253.6603 34.47530 hargrave 2020-09-12 12:13:40 
TT 350 164.9 -15.1 164.9 -15.1 3.20E-02 001.4 206.9 -33.3 26.29888 72.48949 24.88711 hargrave 2020-09-14 09:50:58 
TT 400 171.3 -10.6 171.3 -10.6 1.42E-02 002.3 213.2 -27.7 38.12658 39.78848 13.75567 hargrave 2020-09-14 15:40:08 
TT 425 180.1 -04.5 180.1 -04.5 7.95E-03 002.5 221.1 -20.0 25.39958 23.03077 9.079462 hargrave 2020-09-15 12:05:40 
TT 450 180.9 -01.5 180.9 -01.5 6.58E-03 001.6 221.2 -16.8 13.31269 9.721837 9.101088 hargrave 2020-09-16 14:30:11 
TT 475 183.9  02.0 183.9  02.0 5.25E-03 001.0 223.4 -12.7 1.725278 3.344329 8.460437 hargrave 2020-09-17 11:34:12 
TT 500 192.3  03.9 192.3  03.9 4.14E-03 002.8 231.1 -08.8 15.72592 10.96722 6.788880 hargrave 2020-09-17 19:46:48 
TT 520 194.9  09.0 194.9  09.0 3.28E-03 000.9 232.3 -03.2 1.041038 1.168550 4.730183 hargrave 2020-09-18 15:56:00 
TT 530 200.3  11.5 200.3  11.5 2.85E-03 001.0 236.7  00.7 1.515447 0.770910 4.826336 hargrave 2020-09-21 16:39:05 
TT 540 206.6  17.2 206.6  17.2 2.25E-03 003.0 240.8  08.0 9.932644 4.808670 3.667496 hargrave 2020-09-22 12:44:23 
TT 545 213.8  20.3 213.8  20.3 1.99E-03 000.9 246.4  13.1 0.945019 1.463934 2.841276 hargrave 2020-09-23 16:40:14 
TT 550 237.5  33.0 237.5  33.0 1.36E-03 001.0 262.6  32.7 1.719238 1.105146 1.302972 hargrave 2020-09-24 13:02:58 
TT 556 246.3  38.7 246.3  38.7 1.15E-03 000.8 267.7  40.9 1.348124 0.496815 0.775437 hargrave 2020-09-25 11:27:55 
TT 561 250.9  40.7 250.9  40.7 1.05E-03 001.6 270.8  44.2 2.801561 0.294768 0.574522 hargrave 2020-09-25 19:04:38 
TT 566 255.4  39.6 255.4  39.6 1.01E-03 000.8 275.8  44.8 1.249072 0.393260 0.655403 hargrave 2020-09-28 13:55:24 
TT 570 263.2  44.7 263.2  44.7 6.30E-04 001.5 280.0  52.0 1.639450 0.183830 0.344479 hargrave 2020-09-29 12:06:50 
TT 575 266.3  40.2 266.3  40.2 4.64E-04 000.8 286.4  49.0 0.412154 0.374771 0.282228 hargrave 2020-09-29 17:56:34 
TT 580 270.3  43.5 270.3  43.5 4.04E-04 001.1 288.4  53.3 0.734748 0.202388 0.266594 hargrave 2020-09-30 13:28:31 
TT 590 266.2  41.5 266.2  41.5 2.23E-04 000.7 285.4  50.1 0.093918 0.161328 0.198903 hargrave 2020-09-30 19:49:04 
TT 600 272.7  52.0 272.7  52.0 1.19E-04 001.2 283.2  61.4 0.159769 0.165656 0.093931 hargrave 2020-10-01 14:09:05 
TT 620 270.4  00.5 270.4  00.5 3.53E-05 004.6 306.8  12.8 0.213558 0.208625 0.110487 hargrave 2020-10-02 12:56:14 
