BD16- 6a mag compass orientation (IGRF corrected)
      0  58.8  20.0   0.0   0.0   1.0
NRM    162.8 -14.9 162.8 -14.9 5.87E-02 001.6 196.4 -34.2 138.7284 50.60681 86.68418 hargrave 2020-09-03 19:18:11 
TT 150 165.6 -14.7 165.6 -14.7 5.70E-02 002.0 199.6 -33.7 118.0284 144.2403 79.25801 hargrave 2020-09-04 15:44:08 
TT 300 168.8 -14.9 168.8 -14.9 5.64E-02 004.7 203.4 -33.5 203.0601 413.1760 45.51170 hargrave 2020-09-07 13:08:34 
TT 300 165.4 -13.8 165.4 -13.8 4.07E-02 002.7 199.3 -32.8 77.88379 177.0628 26.41161 hargrave 2020-09-12 12:14:57 
TT 350 168.2 -13.0 168.2 -13.0 2.72E-02 000.5 202.4 -31.8 8.630650 12.21339 17.85689 hargrave 2020-09-14 09:52:30 
TT 400 170.4 -08.4 170.4 -08.4 1.27E-02 000.8 204.1 -26.9 9.672001 11.48557 9.009099 hargrave 2020-09-14 15:42:29 
TT 425 175.7 -02.2 175.7 -02.2 7.61E-03 005.6 208.8 -19.9 36.91826 64.30156 6.785859 hargrave 2020-09-15 12:07:12 
TT 450 178.6  00.7 178.6  00.7 6.35E-03 000.7 211.3 -16.5 3.486436 2.672067 6.034160 hargrave 2020-09-16 14:31:45 
TT 475 188.6  03.4 188.6  03.4 5.13E-03 001.3 220.7 -12.0 5.243577 8.041406 6.355559 hargrave 2020-09-17 11:35:45 
TT 500 193.5  06.8 193.5  06.8 4.05E-03 002.1 224.8 -07.5 8.557742 10.31674 6.056909 hargrave 2020-09-17 19:48:21 
TT 520 198.3  10.1 198.3  10.1 3.26E-03 002.2 228.6 -03.1 8.527997 6.992076 5.457481 hargrave 2020-09-18 15:57:32 
TT 530 201.8  13.3 201.8  13.3 2.83E-03 002.0 231.0  00.9 6.901008 5.690121 4.319596 hargrave 2020-09-21 16:40:21 
TT 540 208.4  17.2 208.4  17.2 2.31E-03 000.8 236.0  06.4 1.418455 0.742453 2.822774 hargrave 2020-09-22 12:45:38 
TT 545 211.2  22.1 211.2  22.1 2.01E-03 001.0 237.0  11.9 1.623620 0.446680 3.046211 hargrave 2020-09-23 16:41:46 
TT 550 229.3  32.2 229.3  32.2 1.48E-03 001.6 249.4  26.9 2.847319 2.126654 1.940471 hargrave 2020-09-24 13:04:53 
TT 556 240.4  38.6 240.4  38.6 1.25E-03 000.9 256.1  36.4 0.869402 1.221941 1.390498 hargrave 2020-09-25 11:29:26 
TT 561 249.7  39.5 249.7  39.5 1.12E-03 000.8 263.9  40.4 0.491510 1.020608 1.189378 hargrave 2020-09-25 19:06:09 
TT 566 256.1  37.4 256.1  37.4 1.04E-03 003.9 271.0  40.7 6.900168 0.702351 1.124654 hargrave 2020-09-28 14:03:20 
TT 570 263.8  41.2 263.8  41.2 7.55E-04 002.2 276.2  46.7 2.875658 0.219161 0.635289 hargrave 2020-09-29 12:08:05 
TT 575 267.7  42.6 267.7  42.6 5.15E-04 000.8 279.1  49.2 0.386102 0.417330 0.471134 hargrave 2020-09-29 17:57:51 
TT 580 267.1  43.9 267.1  43.9 4.32E-04 000.7 277.5  50.2 0.187701 0.318205 0.384770 hargrave 2020-09-30 13:29:49 
TT 590 262.9  40.6 262.9  40.6 2.23E-04 002.3 275.6  45.9 0.878018 0.115497 0.215665 hargrave 2020-09-30 19:50:18 
TT 600 262.9  45.2 262.9  45.2 1.52E-04 001.1 272.5  49.9 0.168419 0.215579 0.152394 hargrave 2020-10-01 14:10:23 
TT 620 252.7  33.3 252.7  33.3 3.86E-05 004.1 270.1  35.8 0.181939 0.127935 0.175142 hargrave 2020-10-02 12:57:28 
