BD16- 8a mag compass orientation (IGRF corrected)
      0 227.8  68.0   0.0   0.0   1.0
NRM    144.2  60.1 144.2  60.1 6.85E-02 001.3 174.9  51.6 173.2355 66.00821 102.9681 hargrave 2020-09-03 19:23:09 
TT 150 140.4  59.2 140.4  59.2 6.68E-02 002.3 177.8  52.8 188.7889 229.7810 109.1523 hargrave 2020-09-04 15:50:13 
TT 300 144.7  58.6 144.7  58.6 6.65E-02 002.4 174.0  53.1 188.3359 243.5959 111.5818 hargrave 2020-09-07 13:13:07 
TT 300 144.9  54.5 144.9  54.5 5.79E-02 001.3 172.4  57.1 79.42079 94.87233 115.7791 hargrave 2020-09-12 12:19:28 
TT 350 143.2  53.5 143.2  53.5 5.32E-02 002.2 173.8  58.3 35.46376 194.6549 70.14686 hargrave 2020-09-14 09:57:45 
TT 400 146.4  52.8 146.4  52.8 4.72E-02 001.5 170.0  58.5 38.62892 115.4279 20.49908 hargrave 2020-09-14 15:47:41 
TT 425 149.5  53.1 149.5  53.1 3.94E-02 001.3 166.9  57.6 13.67788 83.40468 23.03727 hargrave 2020-09-15 12:12:25 
TT 450 146.6  54.2 146.6  54.2 3.50E-02 000.8 170.5  57.1 20.24789 42.04803 23.75642 hargrave 2020-09-16 14:37:02 
TT 475 147.0  54.9 147.0  54.9 3.01E-02 001.0 170.5  56.4 34.12706 27.52393 25.37174 hargrave 2020-09-17 11:41:46 
TT 500 148.8  55.4 148.8  55.4 2.52E-02 001.3 169.0  55.6 43.01999 26.73056 28.22441 hargrave 2020-09-17 19:54:21 
TT 520 148.5  56.4 148.5  56.4 2.07E-02 001.2 169.8  54.7 34.32758 10.88099 25.62233 hargrave 2020-09-18 16:02:44 
TT 530 152.0  56.7 152.0  56.7 1.79E-02 001.2 166.8  53.8 28.11860 9.190193 20.75475 hargrave 2020-09-21 16:46:02 
TT 540 152.0  58.2 152.0  58.2 1.49E-02 001.1 167.8  52.4 17.56488 14.96013 17.23337 hargrave 2020-09-22 12:50:41 
TT 545 153.5  59.0 153.5  59.0 1.25E-02 001.5 167.2  51.3 23.00547 18.75941 15.73753 hargrave 2020-09-23 16:47:00 
TT 550 157.9  62.0 157.9  62.0 8.31E-03 004.6 166.2  47.6 25.92993 60.96466 10.65822 hargrave 2020-09-24 13:11:19 
TT 556 171.6  65.1 171.6  65.1 4.94E-03 002.6 161.8  41.6 13.67405 16.37676 7.230989 hargrave 2020-09-25 11:34:39 
TT 561 189.4  66.6 189.4  66.6 3.33E-03 002.5 157.6  34.9 8.665927 10.90588 4.985617 hargrave 2020-09-25 19:12:06 
TT 566 202.2  66.9 202.2  66.9 2.67E-03 005.0 155.8  30.1 10.62870 20.66467 2.570057 hargrave 2020-09-28 14:07:41 
TT 570 235.2  63.8 235.2  63.8 1.57E-03 002.2 152.9  16.5 2.671952 5.278963 1.287118 hargrave 2020-09-29 12:12:23 
TT 575 248.2  57.5 248.2  57.5 1.09E-03 005.6 149.5  08.2 5.347991 9.267549 1.035235 hargrave 2020-09-29 18:02:16 
TT 580 253.1  52.9 253.1  52.9 8.16E-04 003.6 146.9  03.5 2.589197 4.368517 0.757562 hargrave 2020-09-30 13:34:06 
TT 590 259.0  52.8 259.0  52.8 4.18E-04 001.4 148.9  00.4 0.375343 0.859263 0.449247 hargrave 2020-09-30 19:54:34 
TT 600 258.3  47.1 258.3  47.1 3.22E-04 004.0 144.1 -02.6 1.118526 1.946145 0.292448 hargrave 2020-10-01 14:15:27 
TT 620 244.9  51.6 244.9  51.6 9.70E-05 002.4 143.2  07.1 0.177218 0.372678 0.127122 hargrave 2020-10-02 12:59:57 
