BD16- 4a mag compass orientation (IGRF corrected)
      0 270.8  11.0   0.0   0.0   1.0
NRM    065.9 -48.4 065.9 -48.4 8.61E-02 004.6 257.7 -51.9 479.9546 638.1700 79.43938 hargrave 2020-09-03 19:09:10 
TT 150 065.6 -48.4 065.6 -48.4 8.43E-02 004.2 257.4 -52.0 489.1402 500.7439 89.46708 hargrave 2020-09-04 15:41:05 
TT 300 063.2 -47.9 063.2 -47.9 8.38E-02 004.2 254.7 -51.9 434.6291 591.9926 87.21010 hargrave 2020-09-07 13:05:31 
TT 300 064.5 -49.0 064.5 -49.0 7.28E-02 003.1 256.5 -52.8 266.1579 361.6181 104.3051 hargrave 2020-09-12 12:12:23 
TT 350 066.4 -48.9 066.4 -48.9 6.92E-02 001.2 258.4 -52.4 122.4444 127.3113 113.7671 hargrave 2020-09-14 09:49:28 
TT 400 064.9 -50.3 064.9 -50.3 6.54E-02 001.8 257.5 -54.0 184.6703 87.02721 126.2960 hargrave 2020-09-14 15:38:39 
TT 425 063.1 -52.2 063.1 -52.2 6.19E-02 000.9 256.7 -56.1 45.90816 18.29015 129.6385 hargrave 2020-09-15 12:04:09 
TT 450 060.3 -53.4 060.3 -53.4 6.05E-02 001.8 254.4 -57.7 175.2599 46.85286 118.1442 hargrave 2020-09-16 14:28:41 
TT 475 061.2 -55.3 061.2 -55.3 5.80E-02 000.7 256.5 -59.4 25.03970 17.50240 110.0735 hargrave 2020-09-17 11:31:54 
TT 500 062.5 -57.2 062.5 -57.2 5.23E-02 002.2 259.1 -60.9 192.8092 28.36303 58.09332 hargrave 2020-09-17 19:45:19 
TT 520 059.2 -57.5 059.2 -57.5 4.54E-02 002.6 255.8 -61.8 203.4683 36.87558 40.77037 hargrave 2020-09-18 15:53:41 
TT 530 059.1 -56.9 059.1 -56.9 3.90E-02 000.9 255.3 -61.3 50.68674 12.13177 36.77648 hargrave 2020-09-21 16:37:52 
TT 540 063.1 -58.1 063.1 -58.1 2.76E-02 000.8 260.4 -61.6 35.17218 9.573071 24.11588 hargrave 2020-09-22 12:43:10 
TT 545 060.7 -57.8 060.7 -57.8 2.18E-02 000.8 257.7 -61.9 24.12299 13.19825 17.98495 hargrave 2020-09-23 16:38:45 
TT 550 071.4 -60.5 071.4 -60.5 4.89E-03 001.4 270.7 -62.3 11.74623 3.023627 2.206736 hargrave 2020-09-24 13:01:41 
TT 556 073.0 -60.6 073.0 -60.6 2.89E-03 002.4 272.3 -62.1 11.74287 1.990881 1.551442 hargrave 2020-09-25 11:26:27 
TT 561 077.2 -62.7 077.2 -62.7 2.10E-03 001.3 278.1 -63.2 4.654300 1.412683 1.019867 hargrave 2020-09-25 19:03:09 
TT 566 075.0 -62.0 075.0 -62.0 1.80E-03 000.6 275.4 -63.0 1.585161 0.911397 0.978765 hargrave 2020-09-28 13:52:17 
TT 570 083.6 -64.3 083.6 -64.3 6.42E-04 001.2 285.4 -63.5 1.187598 0.592708 0.282322 hargrave 2020-09-29 12:05:37 
TT 575 087.0 -61.3 087.0 -61.3 3.47E-04 000.9 285.9 -60.2 0.458698 0.224093 0.238624 hargrave 2020-09-29 17:55:18 
TT 580 080.8 -70.3 080.8 -70.3 2.53E-04 001.8 290.2 -69.3 0.771595 0.155091 0.103202 hargrave 2020-09-30 13:26:37 
TT 590 097.8 -62.0 097.8 -62.0 1.08E-04 001.0 295.7 -58.8 0.123756 0.111826 0.224122 hargrave 2020-09-30 19:47:08 
TT 600 163.1 -74.0 163.1 -74.0 5.80E-05 001.6 349.2 -63.4 0.043305 0.158689 0.047735 hargrave 2020-10-01 14:07:52 
TT 620 025.7 -42.2 025.7 -42.2 1.59E-05 004.6 210.4 -51.9 0.095373 0.077377 0.058773 hargrave 2020-10-02 12:52:30 
