BD16- 1a mag compass orientation (IGRF corrected)
      0  80.8  78.0   0.0   0.0   1.0
NRM    337.7 -11.5 337.7 -11.5 1.66E-01 006.6 330.5  63.2 1674.668 1193.638 86.97506 hargrave 2020-09-03 19:04:25 
TT 150 338.8 -12.0 338.8 -12.0 1.63E-01 006.8 333.1  63.3 1625.690 1269.149 125.6536 hargrave 2020-09-04 15:36:17 
TT 300 338.1 -12.3 338.1 -12.3 1.54E-01 011.8 332.2  62.7 2773.101 2163.373 252.8353 hargrave 2020-09-07 12:59:05 
TT 300 338.7 -10.3 338.7 -10.3 1.48E-01 005.9 331.3  64.7 1257.235 1060.048 299.3043 hargrave 2020-09-12 12:08:24 
TT 350 339.6 -11.1 339.6 -11.1 1.44E-01 006.3 333.9  64.4 1246.685 1115.307 146.5792 hargrave 2020-09-14 09:43:00 
TT 400 341.1 -10.5 341.1 -10.5 1.37E-01 006.2 336.4  65.5 1219.312 983.1619 115.3644 hargrave 2020-09-14 15:32:15 
TT 425 340.5 -09.4 340.5 -09.4 1.31E-01 005.5 334.1  66.3 982.3336 900.8665 80.60949 hargrave 2020-09-15 11:58:37 
TT 450 340.5 -08.4 340.5 -08.4 1.23E-01 004.2 332.9  67.2 763.5610 557.5952 62.10665 hargrave 2020-09-16 14:23:54 
TT 475 342.1 -08.2 342.1 -08.2 1.13E-01 003.5 336.5  68.1 525.7868 491.6424 70.86173 hargrave 2020-09-17 11:27:08 
TT 500 342.3 -06.3 342.3 -06.3 1.05E-01 003.2 334.8  69.9 584.0194 190.3571 38.31674 hargrave 2020-09-17 19:40:36 
TT 520 340.6 -04.4 340.6 -04.4 9.24E-02 003.2 327.7  70.7 515.5211 62.69730 78.96994 hargrave 2020-09-18 15:48:57 
TT 530 343.0 -04.3 343.0 -04.3 7.79E-02 002.3 334.1  71.9 305.4285 59.11958 59.33405 hargrave 2020-09-21 16:33:59 
TT 540 343.8 -01.3 343.8 -01.3 5.66E-02 001.8 331.8  75.0 165.5279 58.38698 65.42582 hargrave 2020-09-22 12:39:15 
TT 545 345.4  02.7 345.4  02.7 5.03E-02 001.6 329.7  79.3 137.6526 23.82638 54.23095 hargrave 2020-09-23 16:33:59 
TT 550 344.4  03.5 344.4  03.5 2.66E-02 001.4 323.0  79.4 57.10794 27.59222 13.16289 hargrave 2020-09-24 12:57:07 
TT 556 344.7  04.2 344.7  04.2 1.31E-02 001.9 321.8  80.1 40.12948 12.55761 5.686256 hargrave 2020-09-25 11:21:44 
TT 561 340.4  05.0 340.4  05.0 3.40E-03 001.2 303.3  77.5 6.776468 2.127858 1.374174 hargrave 2020-09-25 18:57:40 
TT 566 339.1  08.3 339.1  08.3 1.97E-03 000.4 286.6  77.9 1.411879 0.504395 0.429720 hargrave 2020-09-28 13:46:45 
TT 570 336.7  11.9 336.7  11.9 1.04E-03 000.6 268.9  76.2 0.589167 0.801858 0.179722 hargrave 2020-09-29 12:01:43 
TT 575 330.2  17.7 330.2  17.7 6.70E-04 000.7 251.6  69.3 0.403843 0.685424 0.198201 hargrave 2020-09-29 17:50:36 
TT 580 337.4  15.5 337.4  15.5 4.17E-04 001.3 253.3  76.5 0.570380 0.695298 0.430414 hargrave 2020-09-30 13:22:43 
TT 590 323.5  17.6 323.5  17.6 2.94E-04 002.9 254.8  63.1 1.305249 0.634331 0.381601 hargrave 2020-09-30 19:43:15 
TT 600 322.6  12.8 322.6  12.8 1.97E-04 002.0 265.2  62.4 0.633890 0.210409 0.200570 hargrave 2020-10-01 14:04:00 
TT 620 309.9  21.1 309.9  21.1 9.28E-05 003.3 251.4  49.9 0.344886 0.333172 0.252461 hargrave 2020-10-02 12:48:55 
