BD16- 3a mag compass orientation (IGRF corrected)
      0 283.8  14.0   0.0   0.0   1.0
NRM    060.2 -49.9 060.2 -49.9 1.23E-01 007.6 242.2 -58.2 1137.835 1370.702 221.5994 hargrave 2020-09-03 19:07:38 
TT 150 063.0 -50.3 063.0 -50.3 1.21E-01 007.0 245.7 -58.0 1072.233 1215.484 202.0130 hargrave 2020-09-04 15:39:32 
TT 300 064.0 -49.9 064.0 -49.9 1.18E-01 005.5 246.6 -57.3 707.6931 1090.394 289.1249 hargrave 2020-09-07 13:03:59 
TT 300 061.7 -50.3 061.7 -50.3 1.09E-01 006.3 244.1 -58.2 838.0263 1007.266 205.2861 hargrave 2020-09-12 12:11:06 
TT 350 064.7 -49.5 064.7 -49.5 1.01E-01 005.1 247.1 -56.8 612.4446 774.2702 76.27691 hargrave 2020-09-14 09:47:57 
TT 400 065.5 -49.7 065.5 -49.7 9.19E-02 004.0 248.0 -56.9 439.1618 576.5437 78.70439 hargrave 2020-09-14 15:37:08 
TT 425 066.2 -50.5 066.2 -50.5 8.38E-02 003.3 249.4 -57.5 367.9345 392.0842 75.06728 hargrave 2020-09-15 12:02:39 
TT 450 062.9 -50.1 062.9 -50.1 7.90E-02 002.6 245.5 -57.8 242.9085 326.7845 84.01105 hargrave 2020-09-16 14:27:09 
TT 475 060.9 -50.4 060.9 -50.4 7.38E-02 001.5 243.3 -58.5 154.3478 148.3299 81.88494 hargrave 2020-09-17 11:30:22 
TT 500 060.9 -52.0 060.9 -52.0 6.67E-02 002.4 244.4 -60.0 215.1263 186.5918 104.5571 hargrave 2020-09-17 19:43:47 
TT 520 059.2 -54.2 059.2 -54.2 6.04E-02 000.8 244.1 -62.4 28.88448 60.01214 107.3327 hargrave 2020-09-18 15:52:10 
TT 530 059.6 -58.4 059.6 -58.4 5.56E-02 000.8 248.4 -66.2 26.15992 60.13556 118.0274 hargrave 2020-09-21 16:36:37 
TT 540 057.6 -61.3 057.6 -61.3 3.78E-02 000.8 249.5 -69.2 45.78839 21.57394 18.80277 hargrave 2020-09-22 12:41:52 
TT 545 058.4 -61.6 058.4 -61.6 2.58E-02 000.6 250.9 -69.3 15.35104 20.92260 13.88437 hargrave 2020-09-23 16:37:11 
TT 550 062.2 -63.0 062.2 -63.0 5.47E-03 000.9 257.2 -69.6 2.454653 7.245040 2.956056 hargrave 2020-09-24 13:00:26 
TT 556 072.4 -64.0 072.4 -64.0 2.89E-03 001.2 269.3 -68.0 5.367517 2.361661 1.547268 hargrave 2020-09-25 11:24:57 
TT 561 070.6 -64.0 070.6 -64.0 2.05E-03 001.1 267.6 -68.5 3.861348 0.979501 0.900419 hargrave 2020-09-25 19:00:50 
TT 566 070.9 -64.2 070.9 -64.2 1.70E-03 000.8 268.1 -68.6 2.225293 0.945616 0.794764 hargrave 2020-09-28 13:50:47 
TT 570 069.1 -65.8 069.1 -65.8 5.07E-04 000.7 269.0 -70.3 0.473645 0.337520 0.288695 hargrave 2020-09-29 12:04:19 
TT 575 069.0 -64.2 069.0 -64.2 2.81E-04 001.0 266.3 -69.0 0.482496 0.140687 0.123511 hargrave 2020-09-29 17:53:19 
TT 580 058.3 -60.0 058.3 -60.0 2.02E-04 000.7 248.8 -67.9 0.180395 0.137635 0.230594 hargrave 2020-09-30 13:25:19 
TT 590 069.8 -57.6 069.8 -57.6 7.97E-05 001.5 259.0 -63.1 0.170012 0.120493 0.086208 hargrave 2020-09-30 19:45:50 
TT 600 351.0 -33.6 351.0 -33.6 2.63E-05 005.8 152.1 -46.3 0.069935 0.197075 0.173884 hargrave 2020-10-01 14:06:37 
TT 620 040.7 -19.9 040.7 -19.9 5.91E-05 002.0 210.2 -32.2 0.051908 0.197653 0.100837 hargrave 2020-10-02 12:51:16 
