BD17- 6a mag compass orientation (IGRF corrected)
      0 216.2  61.0   0.0   0.0   1.0
NRM    295.5  26.8 295.5  26.8 3.67E-03 002.1 168.6 -33.2 1.720996 12.20499 5.794388 hargrave 2020-09-03 19:32:03 
TT 150 293.9  26.3 293.9  26.3 3.63E-03 003.7 166.8 -33.5 2.056880 22.46199 5.704042 hargrave 2020-09-04 16:01:10 
TT 300 295.8  26.8 295.8  26.8 3.59E-03 003.1 168.9 -33.3 1.670545 19.15830 3.806100 hargrave 2020-09-07 13:23:12 
TT 300 295.4  26.2 295.4  26.2 3.45E-03 001.5 168.3 -33.9 1.124218 8.658813 2.177877 hargrave 2020-09-12 12:28:39 
TT 350 296.1  25.5 296.1  25.5 3.23E-03 001.7 168.9 -34.6 2.045053 9.357387 2.136065 hargrave 2020-09-14 10:07:49 
TT 400 298.8  25.9 298.8  25.9 2.98E-03 003.0 171.8 -34.7 1.716523 15.34594 2.016698 hargrave 2020-09-14 15:57:40 
TT 425 295.4  25.3 295.4  25.3 2.84E-03 000.8 168.1 -34.7 0.622082 3.436275 2.042524 hargrave 2020-09-15 12:22:23 
TT 450 296.3  25.4 296.3  25.4 2.74E-03 004.7 169.1 -34.8 3.418929 22.41335 2.075134 hargrave 2020-09-16 14:47:07 
TT 475 296.3  25.4 296.3  25.4 2.65E-03 001.0 169.1 -34.7 1.463551 3.334569 2.905211 hargrave 2020-09-17 11:51:49 
TT 500 296.3  25.5 296.3  25.5 2.50E-03 002.2 169.2 -34.7 4.364039 8.009596 3.445147 hargrave 2020-09-17 20:04:20 
TT 520 296.5  25.6 296.5  25.6 2.28E-03 002.5 169.4 -34.6 0.909752 9.281507 3.060434 hargrave 2020-09-18 16:12:46 
TT 530 294.2  25.1 294.2  25.1 2.17E-03 003.1 166.7 -34.7 0.875820 11.52426 2.606074 hargrave 2020-09-21 16:54:13 
TT 540 295.4  25.7 295.4  25.7 1.96E-03 002.6 168.2 -34.3 0.708370 8.332069 2.638447 hargrave 2020-09-22 12:59:31 
TT 545 296.2  25.9 296.2  25.9 1.85E-03 002.3 169.1 -34.3 0.832007 7.005636 2.603302 hargrave 2020-09-23 16:56:57 
TT 550 295.2  25.9 295.2  25.9 1.73E-03 002.0 168.0 -34.1 1.014055 5.492064 2.495916 hargrave 2020-09-24 13:19:38 
TT 556 295.1  25.9 295.1  25.9 1.60E-03 001.2 167.9 -34.1 1.907781 2.053423 2.182364 hargrave 2020-09-25 11:46:13 
TT 561 296.0  26.2 296.0  26.2 1.46E-03 002.0 169.0 -34.0 0.679405 4.790061 1.953824 hargrave 2020-09-25 19:22:00 
TT 566 297.1  26.5 297.1  26.5 1.36E-03 003.6 170.2 -33.8 0.942003 8.488469 0.985525 hargrave 2020-09-28 14:15:53 
TT 570 294.9  25.8 294.9  25.8 1.13E-03 002.2 167.7 -34.1 0.572591 4.271739 0.756708 hargrave 2020-09-29 12:20:43 
TT 575 294.9  25.5 294.9  25.5 8.56E-04 000.5 167.6 -34.5 0.518686 0.178312 0.580847 hargrave 2020-09-29 18:10:43 
TT 580 296.6  24.3 296.6  24.3 6.62E-04 002.9 169.2 -35.9 0.419518 3.286598 0.448887 hargrave 2020-09-30 13:43:00 
TT 590 300.3  24.7 300.3  24.7 5.24E-04 004.0 173.3 -36.0 0.274501 3.664399 0.374799 hargrave 2020-10-01 08:44:35 
TT 600 294.5  24.1 294.5  24.1 4.38E-04 002.0 166.8 -35.7 0.170570 1.501587 0.297151 hargrave 2020-10-01 14:24:25 
TT 620 295.4  23.9 295.4  23.9 2.71E-04 000.6 167.8 -36.1 0.146948 0.204578 0.182099 hargrave 2020-10-02 13:07:41 
