BD17- 3a mag compass orientation (IGRF corrected)
      0 215.2  66.0   0.0   0.0   1.0
NRM    285.5  27.3 285.5  27.3 4.93E-03 006.0 158.5 -35.3 11.14857 49.33373 10.51835 hargrave 2020-09-03 19:27:49 
TT 150 290.3  28.7 290.3  28.7 4.90E-03 001.5 163.9 -35.3 6.900233 3.181129 10.59925 hargrave 2020-09-04 15:55:09 
TT 300 288.4  28.3 288.4  28.3 4.81E-03 001.3 161.9 -35.2 3.857168 8.669036 6.166603 hargrave 2020-09-07 13:18:02 
TT 300 288.5  28.0 288.5  28.0 4.62E-03 002.1 161.8 -35.5 8.373280 14.18764 4.906508 hargrave 2020-09-12 12:24:15 
TT 350 289.0  27.1 289.0  27.1 4.44E-03 002.9 162.0 -36.6 5.231041 21.65777 4.330656 hargrave 2020-09-14 10:02:38 
TT 400 290.6  27.4 290.6  27.4 4.23E-03 003.7 163.8 -36.7 4.311747 26.74718 5.111165 hargrave 2020-09-14 15:52:33 
TT 425 297.5  28.9 297.5  28.9 4.10E-03 001.0 171.6 -36.6 3.975630 2.032156 5.471638 hargrave 2020-09-15 12:17:16 
TT 450 295.1  28.4 295.1  28.4 3.99E-03 001.4 168.9 -36.7 3.296826 6.639941 6.058762 hargrave 2020-09-16 14:41:57 
TT 475 291.0  27.6 291.0  27.6 3.87E-03 001.7 164.2 -36.6 2.521134 9.249409 6.156550 hargrave 2020-09-17 11:46:39 
TT 500 290.4  27.6 290.4  27.6 3.70E-03 003.4 163.6 -36.5 10.48182 17.82661 6.584080 hargrave 2020-09-17 19:59:12 
TT 520 291.5  28.1 291.5  28.1 3.49E-03 001.4 165.0 -36.3 5.296429 1.652104 6.340697 hargrave 2020-09-18 16:07:38 
TT 530 289.9  27.6 289.9  27.6 3.37E-03 002.3 163.2 -36.3 1.666807 12.03784 5.695479 hargrave 2020-09-21 16:50:00 
TT 540 289.7  27.5 289.7  27.5 3.09E-03 001.4 162.9 -36.4 3.526884 4.281647 5.413173 hargrave 2020-09-22 12:54:38 
TT 545 291.3  28.1 291.3  28.1 2.92E-03 001.4 164.7 -36.2 4.140242 1.561092 5.727870 hargrave 2020-09-23 16:51:50 
TT 550 292.1  28.2 292.1  28.2 2.62E-03 002.1 165.6 -36.3 2.443735 7.695798 4.926143 hargrave 2020-09-24 13:15:24 
TT 556 291.7  28.1 291.7  28.1 2.28E-03 001.6 165.2 -36.3 3.744854 2.962880 4.613689 hargrave 2020-09-25 11:41:07 
TT 561 289.7  27.8 289.7  27.8 1.97E-03 001.8 163.0 -36.1 3.919132 3.058381 3.469035 hargrave 2020-09-25 19:16:54 
TT 566 290.6  28.6 290.6  28.6 1.79E-03 000.7 164.2 -35.6 1.631476 0.687038 1.551335 hargrave 2020-09-28 14:11:39 
TT 570 292.7  28.7 292.7  28.7 1.28E-03 002.4 166.5 -35.9 0.566251 5.375789 0.960764 hargrave 2020-09-29 12:16:26 
TT 575 290.7  28.3 290.7  28.3 8.82E-04 003.4 164.2 -35.8 0.810121 5.109990 0.780805 hargrave 2020-09-29 18:06:22 
TT 580 289.9  27.4 289.9  27.4 6.18E-04 001.6 163.0 -36.5 0.293811 1.661587 0.524419 hargrave 2020-09-30 13:38:47 
TT 590 288.1  26.9 288.1  26.9 4.47E-04 001.6 161.0 -36.5 0.226922 1.175649 0.435620 hargrave 2020-09-30 19:58:31 
TT 600 288.5  26.1 288.5  26.1 3.93E-04 000.9 161.0 -37.3 0.336086 0.391815 0.381209 hargrave 2020-10-01 14:20:09 
TT 620 291.3  25.2 291.3  25.2 3.08E-04 000.8 163.7 -39.0 0.369692 0.192115 0.266598 hargrave 2020-10-02 13:03:53 
