BD17- 8a mag compass orientation (IGRF corrected)
      0 208.2  64.0   0.0   0.0   1.0
NRM    300.4  27.7 300.4  27.7 3.42E-03 001.6 182.4 -36.3 4.914743 4.298617 6.605877 hargrave 2020-09-03 19:34:39 
TT 150 298.9  27.4 298.9  27.4 3.37E-03 001.6 180.7 -36.6 4.758573 5.144321 6.536368 hargrave 2020-09-04 16:04:24 
TT 300 298.5  27.6 298.5  27.6 3.32E-03 002.8 180.4 -36.4 4.022825 15.20583 4.356063 hargrave 2020-09-07 13:27:14 
TT 300 301.6  26.8 301.6  26.8 3.15E-03 000.8 183.8 -37.1 2.706447 1.986192 3.248525 hargrave 2020-09-12 12:32:06 
TT 350 303.9  26.2 303.9  26.2 2.96E-03 000.9 186.4 -37.5 0.707804 3.971916 2.113475 hargrave 2020-09-14 10:11:03 
TT 400 301.4  26.6 301.4  26.6 2.75E-03 001.1 183.6 -37.3 1.885616 4.732536 2.180847 hargrave 2020-09-14 16:00:52 
TT 425 300.9  26.7 300.9  26.7 2.63E-03 001.9 183.1 -37.3 2.087942 8.035215 2.451720 hargrave 2020-09-15 12:26:25 
TT 450 300.9  26.6 300.9  26.6 2.54E-03 001.5 183.0 -37.4 2.078378 5.402288 2.905338 hargrave 2020-09-16 14:50:21 
TT 475 303.0  26.5 303.0  26.5 2.43E-03 002.9 185.4 -37.3 3.843386 11.18080 3.232686 hargrave 2020-09-17 11:55:01 
TT 500 303.7  26.5 303.7  26.5 2.29E-03 001.9 186.2 -37.3 4.103612 5.081170 3.853539 hargrave 2020-09-17 20:07:30 
TT 520 297.4  26.6 297.4  26.6 2.08E-03 002.1 179.1 -37.4 3.334474 5.719085 3.573575 hargrave 2020-09-18 16:15:57 
TT 530 303.9  26.4 303.9  26.4 1.97E-03 002.2 186.4 -37.3 3.295484 6.240766 2.932628 hargrave 2020-09-21 16:56:50 
TT 540 301.0  26.5 301.0  26.5 1.75E-03 003.0 183.1 -37.4 2.174569 8.452468 2.920022 hargrave 2020-09-22 13:02:06 
TT 545 300.2  26.5 300.2  26.5 1.64E-03 001.5 182.2 -37.5 3.112930 0.481672 3.177666 hargrave 2020-09-23 17:02:06 
TT 550 300.0  26.8 300.0  26.8 1.51E-03 001.5 182.1 -37.2 2.237177 2.466462 2.288304 hargrave 2020-09-24 13:22:14 
TT 556 299.4  26.8 299.4  26.8 1.34E-03 001.5 181.4 -37.2 2.718329 0.913267 2.381946 hargrave 2020-09-25 11:49:23 
TT 561 299.4  26.6 299.4  26.6 1.15E-03 001.3 181.4 -37.4 1.797718 0.415758 1.884879 hargrave 2020-09-25 19:25:11 
TT 566 300.9  26.2 300.9  26.2 1.02E-03 001.2 183.1 -37.7 1.102809 1.553275 0.929632 hargrave 2020-09-28 14:18:28 
TT 570 300.3  26.6 300.3  26.6 8.19E-04 002.2 182.4 -37.3 0.745045 3.061113 0.648152 hargrave 2020-09-29 12:23:18 
TT 575 301.6  25.9 301.6  25.9 6.47E-04 001.7 183.9 -38.0 0.567385 1.743253 0.457903 hargrave 2020-09-29 18:13:21 
TT 580 300.6  25.4 300.6  25.4 5.28E-04 000.7 182.8 -38.6 0.391166 0.348675 0.396257 hargrave 2020-09-30 13:45:35 
TT 590 301.8  25.0 301.8  25.0 4.22E-04 002.1 184.2 -38.8 0.426780 1.479998 0.351187 hargrave 2020-10-01 08:47:10 
TT 600 300.4  25.1 300.4  25.1 3.50E-04 000.8 182.6 -38.9 0.265651 0.336112 0.257379 hargrave 2020-10-01 14:27:00 
TT 620 305.2  25.5 305.2  25.5 2.22E-04 003.4 188.0 -38.0 0.364124 1.260862 0.215015 hargrave 2020-10-02 13:12:39 
