BD17- 5a mag compass orientation (IGRF corrected)
      0 216.2  60.0   0.0   0.0   1.0
NRM    292.0  26.4 292.0  26.4 3.54E-03 001.0 165.0 -32.0 2.009264 5.412079 1.813065 hargrave 2020-09-03 19:30:40 
TT 150 293.7  26.4 293.7  26.4 3.50E-03 001.8 166.7 -32.3 2.030715 10.25476 2.368145 hargrave 2020-09-04 15:59:28 
TT 300 292.0  26.2 292.0  26.2 3.45E-03 000.9 164.9 -32.1 2.215253 4.248905 2.581234 hargrave 2020-09-07 13:21:30 
TT 300 293.4  26.0 293.4  26.0 3.28E-03 002.9 166.3 -32.7 5.322089 15.58668 2.666800 hargrave 2020-09-12 12:27:13 
TT 350 291.5  25.1 291.5  25.1 3.08E-03 000.9 164.1 -33.1 2.533020 1.275893 4.202454 hargrave 2020-09-14 10:06:07 
TT 400 292.9  25.4 292.9  25.4 2.84E-03 002.3 165.6 -33.1 4.181095 10.13938 3.456317 hargrave 2020-09-14 15:56:00 
TT 425 291.5  25.0 291.5  25.0 2.69E-03 003.7 164.0 -33.2 4.183827 16.92847 2.351399 hargrave 2020-09-15 12:20:43 
TT 450 294.7  25.9 294.7  25.9 2.61E-03 001.0 167.6 -33.0 1.036276 4.017622 1.833669 hargrave 2020-09-16 14:45:26 
TT 475 294.3  25.8 294.3  25.8 2.52E-03 002.4 167.2 -33.0 2.236542 10.16440 1.719830 hargrave 2020-09-17 11:50:08 
TT 500 295.9  26.3 295.9  26.3 2.39E-03 000.7 169.0 -32.8 0.706475 2.329729 1.646992 hargrave 2020-09-17 20:02:40 
TT 520 296.5  26.7 296.5  26.7 2.18E-03 001.1 169.7 -32.6 0.528091 4.072288 1.594599 hargrave 2020-09-18 16:11:06 
TT 530 293.8  26.2 293.8  26.2 2.08E-03 001.0 166.7 -32.6 0.614327 3.410712 1.423626 hargrave 2020-09-21 16:52:51 
TT 540 290.6  25.5 290.6  25.5 1.88E-03 002.2 163.3 -32.5 2.548941 6.835122 1.292530 hargrave 2020-09-22 12:58:09 
TT 545 292.2  26.1 292.2  26.1 1.78E-03 000.5 165.1 -32.3 0.624196 0.652246 1.211502 hargrave 2020-09-23 16:55:17 
TT 550 293.8  26.5 293.8  26.5 1.66E-03 002.9 166.9 -32.3 1.470634 8.273334 1.120243 hargrave 2020-09-24 13:18:15 
TT 556 293.6  26.8 293.6  26.8 1.53E-03 002.5 166.7 -32.0 0.596516 6.491781 1.189705 hargrave 2020-09-25 11:44:32 
TT 561 291.8  26.5 291.8  26.5 1.40E-03 000.8 164.8 -31.8 0.367116 1.602194 1.007102 hargrave 2020-09-25 19:20:20 
TT 566 294.5  27.3 294.5  27.3 1.31E-03 001.1 167.8 -31.6 0.364623 1.940348 1.770364 hargrave 2020-09-28 14:14:31 
TT 570 292.7  26.8 292.7  26.8 1.08E-03 002.2 165.9 -31.8 1.141593 3.773732 1.379485 hargrave 2020-09-29 12:19:17 
TT 575 294.1  26.8 294.1  26.8 8.25E-04 001.6 167.2 -32.1 0.647373 1.995335 1.018130 hargrave 2020-09-29 18:09:18 
TT 580 294.4  25.6 294.4  25.6 6.43E-04 000.9 167.2 -33.3 0.368984 0.677145 0.759635 hargrave 2020-09-30 13:41:38 
TT 590 292.5  25.0 292.5  25.0 5.11E-04 001.7 165.1 -33.5 0.491696 1.358752 0.580073 hargrave 2020-09-30 20:01:22 
TT 600 291.3  24.9 291.3  24.9 4.30E-04 000.6 163.8 -33.3 0.144483 0.091949 0.513721 hargrave 2020-10-01 14:23:03 
TT 620 294.9  25.6 294.9  25.6 2.62E-04 001.3 167.8 -33.4 0.169970 0.505005 0.294999 hargrave 2020-10-02 13:06:26 
