BD17- 1a mag compass orientation (IGRF corrected)
      0 198.2  74.0   0.0   0.0   1.0
NRM    289.1  24.8 289.1  24.8 5.33E-03 001.5 181.2 -49.2 9.761665 2.762130 9.090084 hargrave 2020-09-03 19:25:06 
TT 150 290.3  24.6 290.3  24.6 5.30E-03 002.0 183.0 -49.4 10.80127 13.12726 8.383179 hargrave 2020-09-04 15:51:48 
TT 300 290.3  24.5 290.3  24.5 5.20E-03 001.7 183.0 -49.5 6.560259 13.68469 3.586776 hargrave 2020-09-07 13:14:42 
TT 300 292.1  24.4 292.1  24.4 5.01E-03 000.6 185.5 -49.4 3.437768 3.293013 2.532544 hargrave 2020-09-12 12:20:46 
TT 350 292.3  25.0 292.3  25.0 3.58E-03 003.3 185.7 -48.8 2.731177 20.25842 2.478101 hargrave 2020-09-14 09:59:19 
TT 400 295.2  27.7 295.2  27.7 2.14E-03 002.6 188.9 -45.7 2.588570 9.376312 1.722873 hargrave 2020-09-14 15:49:15 
TT 425 295.5  28.5 295.5  28.5 1.86E-03 000.9 189.1 -44.9 1.712820 1.460826 1.816673 hargrave 2020-09-15 12:13:59 
TT 450 296.4  29.3 296.4  29.3 1.84E-03 002.1 189.9 -44.0 2.659285 5.896626 1.983452 hargrave 2020-09-16 14:38:37 
TT 475 296.1  28.8 296.1  28.8 1.70E-03 001.0 189.8 -44.5 2.071847 1.046379 2.001579 hargrave 2020-09-17 11:43:21 
TT 500 291.9  30.0 291.9  30.0 1.60E-03 001.2 184.5 -43.8 2.377705 0.713452 2.491629 hargrave 2020-09-17 19:55:54 
TT 520 296.1  28.5 296.1  28.5 1.45E-03 001.3 189.9 -44.8 2.440360 0.819289 2.198644 hargrave 2020-09-18 16:04:20 
TT 530 292.7  29.2 292.7  29.2 1.39E-03 001.6 185.5 -44.6 2.301722 2.470853 1.951626 hargrave 2020-09-21 16:47:19 
TT 540 293.8  28.3 293.8  28.3 1.28E-03 003.2 187.1 -45.4 2.612487 6.426341 1.767135 hargrave 2020-09-22 12:51:57 
TT 545 295.5  28.0 295.5  28.0 1.22E-03 001.4 189.2 -45.5 1.683101 1.679203 1.805956 hargrave 2020-09-23 16:48:34 
TT 550 295.9  27.7 295.9  27.7 1.12E-03 001.2 189.8 -45.7 1.744998 0.703136 1.560822 hargrave 2020-09-24 13:12:39 
TT 556 295.6  27.6 295.6  27.6 1.01E-03 001.5 189.4 -45.8 2.199463 0.461833 1.488754 hargrave 2020-09-25 11:36:13 
TT 561 293.6  27.2 293.6  27.2 8.86E-04 001.2 187.0 -46.5 1.424449 0.386196 1.236009 hargrave 2020-09-25 19:13:39 
TT 566 294.6  27.4 294.6  27.4 8.07E-04 000.9 188.3 -46.2 0.815346 0.880582 0.503708 hargrave 2020-09-28 14:08:57 
TT 570 292.9  27.6 292.9  27.6 5.20E-04 000.6 186.0 -46.2 0.308790 0.343330 0.322762 hargrave 2020-09-29 12:13:42 
TT 575 294.2  26.0 294.2  26.0 3.39E-04 002.5 188.0 -47.6 0.366469 1.426040 0.244880 hargrave 2020-09-29 18:03:35 
TT 580 290.8  23.7 290.8  23.7 2.53E-04 000.9 183.7 -50.2 0.246829 0.244370 0.204690 hargrave 2020-09-30 13:35:22 
TT 590 293.3  25.7 293.3  25.7 2.20E-04 001.8 186.9 -48.0 0.214094 0.638331 0.232404 hargrave 2020-09-30 19:55:50 
TT 600 288.3  22.7 288.3  22.7 2.03E-04 002.0 180.1 -51.3 0.189683 0.649135 0.178424 hargrave 2020-10-01 14:16:43 
TT 620 295.7  24.5 295.7  24.5 1.68E-04 001.7 190.4 -48.8 0.260159 0.420137 0.117234 hargrave 2020-10-02 13:01:16 
