BD17- 2a mag compass orientation (IGRF corrected)
      0 196.2  74.0   0.0   0.0   1.0
NRM    287.6  25.8 287.6  25.8 6.51E-03 000.7 181.8 -48.2 3.686894 5.897879 3.426151 hargrave 2020-09-03 19:26:26 
TT 150 289.3  25.5 289.3  25.5 6.48E-03 000.5 184.2 -48.3 4.006874 3.004672 3.642180 hargrave 2020-09-04 15:53:27 
TT 300 288.5  25.8 288.5  25.8 6.38E-03 001.4 183.1 -48.2 3.502127 15.34552 3.962980 hargrave 2020-09-07 13:16:20 
TT 300 287.2  25.4 287.2  25.4 6.34E-03 002.4 181.4 -48.6 3.136397 25.84079 2.428330 hargrave 2020-09-12 12:22:49 
TT 350 287.8  25.1 287.8  25.1 5.70E-03 002.5 182.2 -48.9 5.785674 24.05322 5.179315 hargrave 2020-09-14 10:00:57 
TT 400 289.9  26.6 289.9  26.6 3.52E-03 001.7 184.9 -47.2 1.940878 9.812589 2.912552 hargrave 2020-09-14 15:50:52 
TT 425 291.6  27.4 291.6  27.4 2.76E-03 000.6 187.0 -46.3 1.518738 1.337652 1.848128 hargrave 2020-09-15 12:15:36 
TT 450 293.9  27.6 293.9  27.6 2.54E-03 002.4 189.8 -45.8 1.416902 10.61427 1.474553 hargrave 2020-09-16 14:40:16 
TT 475 292.8  28.0 292.8  28.0 2.29E-03 000.4 188.3 -45.5 0.673340 1.101704 1.290045 hargrave 2020-09-17 11:44:58 
TT 500 290.7  28.9 290.7  28.9 2.01E-03 000.7 185.6 -44.9 0.542797 2.011098 1.066740 hargrave 2020-09-17 19:57:32 
TT 520 292.8  28.8 292.8  28.8 1.75E-03 001.0 188.1 -44.7 0.508212 2.751940 1.025928 hargrave 2020-09-18 16:05:57 
TT 530 292.7  29.1 292.7  29.1 1.66E-03 001.1 188.0 -44.4 0.644870 2.971690 0.877027 hargrave 2020-09-21 16:48:38 
TT 540 291.6  29.1 291.6  29.1 1.53E-03 000.7 186.7 -44.6 0.426002 1.807757 0.825075 hargrave 2020-09-22 12:53:16 
TT 545 292.9  29.0 292.9  29.0 1.46E-03 000.9 188.2 -44.5 0.805828 2.073186 0.804815 hargrave 2020-09-23 16:50:11 
TT 550 293.0  28.6 293.0  28.6 1.35E-03 000.9 188.4 -44.9 0.707445 1.805085 0.707802 hargrave 2020-09-24 13:13:58 
TT 556 293.4  28.6 293.4  28.6 1.22E-03 001.1 188.9 -44.9 1.294213 1.972379 0.739729 hargrave 2020-09-25 11:37:49 
TT 561 291.0  28.0 291.0  28.0 1.06E-03 002.2 186.1 -45.7 0.794748 3.948602 0.592548 hargrave 2020-09-25 19:15:15 
TT 566 290.9  29.1 290.9  29.1 9.63E-04 001.0 185.7 -44.7 0.328360 1.340352 0.913462 hargrave 2020-09-28 14:10:17 
TT 570 291.0  27.2 291.0  27.2 6.19E-04 000.7 186.2 -46.5 0.368950 0.282421 0.651051 hargrave 2020-09-29 12:15:04 
TT 575 290.4  26.8 290.4  26.8 3.88E-04 000.9 185.5 -47.1 0.219152 0.462302 0.329998 hargrave 2020-09-29 18:04:56 
TT 580 288.9  27.7 288.9  27.7 3.03E-04 002.8 183.5 -46.2 0.125686 1.479878 0.281320 hargrave 2020-09-30 13:36:44 
TT 590 288.8  25.2 288.8  25.2 2.55E-04 000.6 183.5 -48.7 0.221632 0.124126 0.130071 hargrave 2020-09-30 19:57:08 
TT 600 281.1  23.7 281.1  23.7 2.32E-04 002.5 172.7 -49.9 0.232729 0.977205 0.170060 hargrave 2020-10-01 14:18:02 
TT 620 290.1  26.1 290.1  26.1 1.94E-04 002.6 185.2 -47.7 0.101835 0.853568 0.133617 hargrave 2020-10-02 13:02:35 
