BD17- 4a mag compass orientation (IGRF corrected)
      0 213.2  67.0   0.0   0.0   1.0
NRM    292.5  31.9 292.5  31.9 3.60E-03 001.7 169.1 -34.2 1.139102 10.29750 3.611252 hargrave 2020-09-03 19:29:14 
TT 150 294.6  31.9 294.6  31.9 3.56E-03 004.1 171.2 -34.4 1.759108 25.37611 4.223329 hargrave 2020-09-04 15:56:53 
TT 300 290.3  31.5 290.3  31.5 3.51E-03 003.0 166.7 -34.1 2.472489 18.22807 2.720224 hargrave 2020-09-07 13:19:47 
TT 300 290.6  31.7 290.6  31.7 3.36E-03 000.4 167.1 -34.0 1.181672 1.505526 1.309437 hargrave 2020-09-12 12:25:46 
TT 350 290.2  30.6 290.2  30.6 3.23E-03 001.0 166.3 -34.9 1.104461 4.835437 2.925014 hargrave 2020-09-14 10:04:23 
TT 400 291.7  31.2 291.7  31.2 3.07E-03 001.0 168.0 -34.7 1.589277 4.684505 2.275667 hargrave 2020-09-14 15:54:16 
TT 425 294.9  31.7 294.9  31.7 2.96E-03 000.5 171.4 -34.8 0.751381 1.608847 2.049145 hargrave 2020-09-15 12:18:59 
TT 450 294.2  31.6 294.2  31.6 2.87E-03 001.5 170.6 -34.7 1.233623 7.061470 1.908665 hargrave 2020-09-16 14:43:41 
TT 475 290.7  30.9 290.7  30.9 2.78E-03 000.5 166.9 -34.8 1.339807 1.302337 1.971226 hargrave 2020-09-17 11:48:23 
TT 500 292.2  31.0 292.2  31.0 2.64E-03 000.9 168.5 -35.0 1.203235 3.651068 2.082187 hargrave 2020-09-17 20:00:55 
TT 520 292.5  31.2 292.5  31.2 2.47E-03 002.8 168.9 -34.8 1.087458 11.66232 2.086562 hargrave 2020-09-18 16:09:22 
TT 530 293.0  31.3 293.0  31.3 2.36E-03 001.5 169.4 -34.9 0.940199 5.969321 1.869297 hargrave 2020-09-21 16:51:26 
TT 540 294.1  31.4 294.1  31.4 2.14E-03 001.8 170.6 -34.9 0.755862 6.549959 1.702722 hargrave 2020-09-22 12:56:03 
TT 545 289.7  30.8 289.7  30.8 2.03E-03 002.2 165.9 -34.7 0.849920 7.691466 1.841354 hargrave 2020-09-23 16:53:34 
TT 550 292.6  31.4 292.6  31.4 1.84E-03 000.7 169.0 -34.7 1.606380 0.761111 1.587846 hargrave 2020-09-24 13:16:49 
TT 556 290.1  30.9 290.1  30.9 1.63E-03 000.8 166.3 -34.7 1.708604 1.107466 1.466979 hargrave 2020-09-25 11:42:50 
TT 561 290.8  31.1 290.8  31.1 1.43E-03 000.8 167.1 -34.6 0.690447 1.619662 1.216463 hargrave 2020-09-25 19:18:37 
TT 566 291.8  31.9 291.8  31.9 1.31E-03 001.8 168.3 -34.0 0.555734 4.028293 1.022915 hargrave 2020-09-28 14:13:05 
TT 570 291.6  31.5 291.6  31.5 9.84E-04 004.2 168.0 -34.4 1.370008 6.987033 0.886853 hargrave 2020-09-29 12:17:51 
TT 575 293.4  31.8 293.4  31.8 6.62E-04 004.2 169.9 -34.4 0.700732 4.836899 0.560021 hargrave 2020-09-29 18:07:50 
TT 580 293.2  31.3 293.2  31.3 4.70E-04 002.6 169.6 -34.8 0.406346 2.076422 0.417681 hargrave 2020-09-30 13:40:12 
TT 590 293.3  31.1 293.3  31.1 3.54E-04 003.7 169.6 -35.0 0.362962 2.222032 0.244901 hargrave 2020-09-30 19:59:56 
TT 600 290.1  30.2 290.1  30.2 3.08E-04 000.7 166.1 -35.3 0.153722 0.334560 0.240440 hargrave 2020-10-01 14:21:34 
TT 620 294.0  29.1 294.0  29.1 2.29E-04 001.5 169.9 -37.2 0.097222 0.574033 0.173012 hargrave 2020-10-02 13:05:13 
