BD17- 7a mag compass orientation (IGRF corrected)
      0 206.2  60.0   0.0   0.0   1.0
NRM    299.6  29.0 299.6  29.0 3.20E-03 003.9 183.4 -30.9 3.902462 20.93659 4.514103 hargrave 2020-09-03 19:33:22 
TT 150 301.2  28.9 301.2  28.9 3.17E-03 002.6 185.1 -30.9 3.700088 13.00483 4.496428 hargrave 2020-09-04 16:02:49 
TT 300 298.8  29.2 298.8  29.2 3.12E-03 003.1 182.6 -30.8 2.931307 16.70287 2.923756 hargrave 2020-09-07 13:25:39 
TT 300 299.2  28.7 299.2  28.7 2.91E-03 002.0 183.1 -31.2 1.509496 9.978867 1.704307 hargrave 2020-09-12 12:30:48 
TT 350 302.0  28.4 302.0  28.4 2.75E-03 002.0 186.0 -31.4 0.896653 9.384066 1.787363 hargrave 2020-09-14 10:09:28 
TT 400 298.0  28.5 298.0  28.5 2.55E-03 000.6 181.9 -31.4 1.160666 1.579238 1.814648 hargrave 2020-09-14 15:59:18 
TT 425 300.4  28.2 300.4  28.2 2.42E-03 004.3 184.3 -31.6 1.759590 18.03193 1.655426 hargrave 2020-09-15 12:24:01 
TT 450 300.9  28.2 300.9  28.2 2.34E-03 003.8 184.9 -31.6 1.742777 15.54502 1.581039 hargrave 2020-09-16 14:48:46 
TT 475 302.6  27.8 302.6  27.8 2.25E-03 003.4 186.7 -31.8 2.568607 12.96280 1.965814 hargrave 2020-09-17 11:53:26 
TT 500 299.9  28.2 299.9  28.2 2.13E-03 001.1 183.8 -31.7 1.757006 2.869163 2.689631 hargrave 2020-09-17 20:05:57 
TT 520 298.2  28.2 298.2  28.2 1.94E-03 002.7 182.1 -31.8 2.272012 8.544861 2.653855 hargrave 2020-09-18 16:14:23 
TT 530 302.0  27.9 302.0  27.9 1.84E-03 002.4 186.0 -31.9 2.225576 7.098454 2.266390 hargrave 2020-09-21 16:55:34 
TT 540 301.3  27.9 301.3  27.9 1.66E-03 001.9 185.3 -31.9 1.870425 4.638940 2.087964 hargrave 2020-09-22 13:00:50 
TT 545 301.4  27.8 301.4  27.8 1.56E-03 001.7 185.4 -32.0 1.917595 3.686730 2.174396 hargrave 2020-09-23 16:58:34 
TT 550 302.6  27.7 302.6  27.7 1.44E-03 002.0 186.7 -32.0 1.857811 4.119095 2.003584 hargrave 2020-09-24 13:20:57 
TT 556 301.4  27.9 301.4  27.9 1.30E-03 004.3 185.4 -31.9 2.673973 9.181658 1.887764 hargrave 2020-09-25 11:47:50 
TT 561 300.4  27.7 300.4  27.7 1.13E-03 001.9 184.4 -32.1 1.324685 3.259108 1.424416 hargrave 2020-09-25 19:23:38 
TT 566 301.8  27.9 301.8  27.9 1.01E-03 001.9 185.8 -31.8 0.699379 3.293022 0.698981 hargrave 2020-09-28 14:17:12 
TT 570 300.1  27.4 300.1  27.4 7.99E-04 003.5 184.1 -32.4 0.566637 4.844343 0.514112 hargrave 2020-09-29 12:22:02 
TT 575 301.4  26.8 301.4  26.8 6.32E-04 002.6 185.6 -33.0 0.499606 2.830655 0.425820 hargrave 2020-09-29 18:12:05 
TT 580 301.9  25.5 301.9  25.5 4.99E-04 003.9 186.2 -34.3 0.505346 3.385625 0.331725 hargrave 2020-09-30 13:44:19 
TT 590 302.7  26.7 302.7  26.7 4.14E-04 000.8 186.9 -33.0 0.165985 0.451823 0.270201 hargrave 2020-10-01 08:45:54 
TT 600 297.4  28.2 297.4  28.2 3.55E-04 004.6 181.2 -31.8 0.222337 2.857765 0.233383 hargrave 2020-10-01 14:25:44 
TT 620 304.5  27.8 304.5  27.8 2.44E-04 001.5 188.6 -31.7 0.175115 0.592096 0.170103 hargrave 2020-10-02 13:11:23 
