BD2- 7a mag compass orientation (IGRF corrected)
      0  75.7  71.0   0.0   0.0   1.0
NRM    280.7  23.6 280.7  23.6 1.93E-03 000.4 253.0  29.8 0.710464 0.717660 0.982948 hargrave 2019-09-11 20:42:14 
AF  10 280.7  23.6 280.7  23.6 1.92E-03 000.4 253.1  29.8 0.743964 0.682801 0.973782 hargrave 2019-09-11 20:44:23 
AF  20 280.8  23.5 280.8  23.5 1.91E-03 000.4 253.2  29.8 0.846756 0.709435 0.975459 hargrave 2019-09-11 20:45:43 
AF  30 280.8  23.4 280.8  23.4 1.90E-03 000.4 253.3  29.8 0.808047 0.686473 0.993276 hargrave 2019-09-11 20:47:03 
AF  40 280.8  23.4 280.8  23.4 1.89E-03 000.4 253.4  29.8 0.753605 0.687368 0.989581 hargrave 2019-09-11 20:48:22 
AF  50 280.8  23.3 280.8  23.3 1.88E-03 000.4 253.5  29.8 0.804042 0.690055 0.971001 hargrave 2019-09-11 20:49:42 
AF  60 280.8  23.2 280.8  23.2 1.87E-03 000.4 253.6  29.8 0.858180 0.686381 0.979606 hargrave 2019-09-11 20:51:02 
AF  70 280.8  23.1 280.8  23.1 1.86E-03 000.4 253.7  29.8 0.720367 0.669315 0.981779 hargrave 2019-09-11 20:52:21 
AF  80 280.8  23.0 280.8  23.0 1.84E-03 000.4 253.8  29.8 0.789534 0.663516 0.948717 hargrave 2019-09-11 20:53:40 
AF  90 280.8  23.0 280.8  23.0 1.82E-03 000.4 253.8  29.7 0.760763 0.657486 0.944451 hargrave 2019-09-11 20:55:00 
AF 100 280.8  22.9 280.8  22.9 1.81E-03 000.4 253.9  29.7 0.812772 0.672157 0.948379 hargrave 2019-09-11 20:56:19 
AF 120 280.8  22.8 280.8  22.8 1.77E-03 000.4 254.0  29.7 0.734770 0.642110 0.933712 hargrave 2019-09-11 20:57:39 
AF 140 280.8  22.8 280.8  22.8 1.74E-03 000.4 254.1  29.8 0.738375 0.624259 0.896684 hargrave 2019-09-11 20:58:58 
AF 160 280.8  22.7 280.8  22.7 1.71E-03 000.4 254.1  29.7 0.733337 0.633425 0.880752 hargrave 2019-09-11 21:00:18 
AF 180 280.8  22.7 280.8  22.7 1.69E-03 000.4 254.2  29.7 0.716125 0.623239 0.869559 hargrave 2019-09-11 21:01:38 
AF 200 280.9  22.6 280.9  22.6 1.66E-03 000.4 254.3  29.8 0.698052 0.609477 0.871549 hargrave 2019-09-11 21:02:58 
AF 250 280.8  22.5 280.8  22.5 1.60E-03 000.4 254.3  29.7 0.659532 0.591489 0.839743 hargrave 2019-09-11 21:04:18 
AF 300 280.9  22.5 280.9  22.5 1.54E-03 000.4 254.4  29.7 0.644679 0.553703 0.808956 hargrave 2019-09-11 21:05:38 
AF 350 280.9  22.4 280.9  22.4 1.47E-03 000.4 254.5  29.7 0.572866 0.534099 0.771211 hargrave 2019-09-11 21:06:58 
AF 400 281.1  22.3 281.1  22.3 1.39E-03 000.4 254.6  29.9 0.628045 0.521599 0.730994 hargrave 2019-09-11 21:08:18 
AF 450 281.1  22.4 281.1  22.4 1.32E-03 000.4 254.6  29.9 0.551479 0.461984 0.697141 hargrave 2019-09-11 21:09:37 
AF 500 281.1  22.4 281.1  22.4 1.24E-03 000.4 254.6  29.9 0.531863 0.462838 0.645958 hargrave 2019-09-11 21:10:57 
AF 550 281.2  22.1 281.2  22.1 1.16E-03 000.4 254.9  29.9 0.472551 0.444495 0.607323 hargrave 2019-09-11 21:12:17 
AF 600 281.1  22.4 281.1  22.4 1.09E-03 000.4 254.5  29.9 0.441228 0.414388 0.570126 hargrave 2019-09-11 21:13:37 
AF 650 281.6  22.2 281.6  22.2 1.03E-03 000.4 254.8  30.3 0.438586 0.395799 0.530932 hargrave 2019-09-11 21:14:57 
AF 700 281.2  22.1 281.2  22.1 9.57E-04 000.4 254.9  30.0 0.385848 0.338265 0.500147 hargrave 2019-09-11 21:16:16 
AF 750 281.1  22.4 281.1  22.4 9.02E-04 000.4 254.5  29.9 0.388301 0.342695 0.468487 hargrave 2019-09-11 21:17:36 
AF 800 281.2  22.2 281.2  22.2 8.42E-04 000.4 254.8  30.0 0.309243 0.282114 0.420978 hargrave 2019-09-11 21:18:56 
AF 850 281.3  22.2 281.3  22.2 7.94E-04 000.5 254.8  30.1 0.361324 0.307228 0.412596 hargrave 2019-09-11 21:20:16 
AF 900 281.3  22.3 281.3  22.3 7.47E-04 000.4 254.7  30.1 0.316761 0.260311 0.390098 hargrave 2019-09-11 21:21:36 
AF 950 281.1  22.2 281.1  22.2 7.02E-04 000.4 254.7  29.9 0.263226 0.267521 0.366455 hargrave 2019-09-11 21:22:56 
AF1000 281.2  22.3 281.2  22.3 6.63E-04 000.4 254.7  30.0 0.290979 0.251289 0.345030 hargrave 2019-09-11 21:24:16 
AF1050 281.1  22.1 281.1  22.1 6.26E-04 000.4 254.9  29.9 0.271623 0.238306 0.327609 hargrave 2019-09-11 21:25:37 
AF1100 281.0  22.7 281.0  22.7 5.89E-04 000.4 254.1  29.9 0.217905 0.239468 0.308451 hargrave 2019-09-11 21:26:57 
AF1150 281.0  22.2 281.0  22.2 5.60E-04 000.4 254.7  29.8 0.232454 0.213640 0.290870 hargrave 2019-09-11 21:28:19 
AF1200 280.8  22.2 280.8  22.2 5.31E-04 000.4 254.7  29.7 0.168325 0.184900 0.277338 hargrave 2019-09-11 21:29:40 
AF1250 281.2  22.4 281.2  22.4 4.99E-04 000.4 254.5  30.1 0.176488 0.193887 0.259416 hargrave 2019-09-11 21:31:02 
AF1300 280.8  22.5 280.8  22.5 4.71E-04 000.4 254.4  29.7 0.158890 0.183021 0.247952 hargrave 2019-09-11 21:32:25 
