BD2- 2a mag compass orientation (IGRF corrected)
      0  85.7  71.0   0.0   0.0   1.0
NRM    291.5  34.3 291.5  34.3 5.00E-03 000.5 240.8  31.5 2.366825 2.139594 2.529768 hargrave 2019-09-11 16:19:13 
AF  10 291.7  29.8 291.7  29.8 5.17E-03 000.5 246.0  31.4 2.630251 2.144940 2.670181 hargrave 2019-09-11 16:20:33 
AF  20 292.1  25.0 292.1  25.0 5.16E-03 000.5 251.7  31.2 2.753544 2.079953 2.680010 hargrave 2019-09-11 16:21:53 
AF  30 292.1  22.3 292.1  22.3 4.99E-03 000.5 254.9  30.9 2.740176 1.978012 2.623254 hargrave 2019-09-11 16:23:12 
AF  40 292.0  19.7 292.0  19.7 4.74E-03 000.5 257.7  30.3 2.691520 1.844540 2.503556 hargrave 2019-09-11 16:24:32 
AF  50 291.7  18.1 291.7  18.1 4.53E-03 000.5 259.5  29.6 2.638665 1.702801 2.406646 hargrave 2019-09-11 16:25:51 
AF  60 291.5  16.7 291.5  16.7 4.28E-03 000.5 261.0  29.2 2.430168 1.586584 2.305941 hargrave 2019-09-11 16:27:11 
AF  70 291.3  15.7 291.3  15.7 4.04E-03 000.5 262.1  28.8 2.312130 1.487170 2.174677 hargrave 2019-09-11 16:28:30 
AF  80 291.1  14.7 291.1  14.7 3.78E-03 000.5 263.2  28.4 2.161213 1.382140 2.036105 hargrave 2019-09-11 16:29:50 
AF  90 290.9  14.0 290.9  14.0 3.54E-03 000.5 263.8  28.0 2.017092 1.261358 1.914481 hargrave 2019-09-11 16:31:10 
AF 100 290.7  13.4 290.7  13.4 3.32E-03 000.5 264.5  27.7 1.847657 1.212587 1.805258 hargrave 2019-09-11 16:32:30 
AF 120 290.5  12.9 290.5  12.9 2.96E-03 000.5 264.9  27.3 1.706565 1.076929 1.614358 hargrave 2019-09-11 16:33:50 
AF 140 290.2  12.7 290.2  12.7 2.64E-03 000.5 265.1  27.1 1.565865 0.937418 1.464277 hargrave 2019-09-11 16:35:09 
AF 160 290.1  12.5 290.1  12.5 2.39E-03 000.5 265.3  26.9 1.353288 0.861816 1.319916 hargrave 2019-09-11 16:36:29 
AF 180 290.2  12.7 290.2  12.7 2.20E-03 000.5 265.1  27.0 1.227833 0.798919 1.213029 hargrave 2019-09-11 16:37:49 
AF 200 289.7  12.1 289.7  12.1 2.00E-03 000.5 265.6  26.3 1.156603 0.723436 1.120540 hargrave 2019-09-11 16:39:09 
AF 250 289.7  11.9 289.7  11.9 1.71E-03 000.5 265.8  26.3 1.007057 0.621192 0.972947 hargrave 2019-09-11 16:40:28 
AF 300 289.9  11.4 289.9  11.4 1.48E-03 000.5 266.4  26.4 0.799031 0.544284 0.822233 hargrave 2019-09-11 16:41:48 
AF 350 289.6  11.0 289.6  11.0 1.30E-03 000.5 266.8  25.9 0.750518 0.481479 0.721975 hargrave 2019-09-11 16:43:08 
AF 400 289.3  11.0 289.3  11.0 1.18E-03 000.5 266.7  25.7 0.651616 0.421620 0.672941 hargrave 2019-09-11 16:44:28 
AF 450 289.1  10.7 289.1  10.7 1.06E-03 000.5 266.9  25.4 0.556666 0.417025 0.584732 hargrave 2019-09-11 16:45:48 
AF 500 289.6  09.5 289.6  09.5 9.69E-04 000.5 268.4  25.6 0.567328 0.382742 0.535593 hargrave 2019-09-11 16:47:08 
AF 550 289.2  10.5 289.2  10.5 9.19E-04 000.5 267.1  25.4 0.516486 0.339621 0.525995 hargrave 2019-09-11 16:48:27 
AF 600 290.7  10.0 290.7  10.0 8.61E-04 000.5 268.1  26.8 0.485163 0.351818 0.473247 hargrave 2019-09-11 16:49:47 
AF 650 289.9  08.5 289.9  08.5 8.10E-04 000.5 269.5  25.6 0.463639 0.322127 0.467941 hargrave 2019-09-11 16:51:07 
AF 700 289.8  10.7 289.8  10.7 7.67E-04 000.5 267.2  26.1 0.450691 0.295078 0.424088 hargrave 2019-09-11 16:52:26 
AF 750 288.6  10.7 288.6  10.7 7.21E-04 000.5 266.8  24.9 0.390397 0.268652 0.402742 hargrave 2019-09-11 16:53:46 
AF 800 290.7  10.4 290.7  10.4 7.23E-04 000.5 267.7  26.9 0.401446 0.311564 0.417246 hargrave 2019-09-11 16:55:06 
AF 850 290.0  09.7 290.0  09.7 6.81E-04 000.5 268.3  26.0 0.379438 0.298274 0.395786 hargrave 2019-09-11 16:56:26 
AF 900 290.0  09.5 290.0  09.5 6.25E-04 000.5 268.5  25.9 0.377601 0.232481 0.350756 hargrave 2019-09-11 16:57:47 
AF 950 290.5  08.9 290.5  08.9 6.36E-04 000.5 269.3  26.2 0.370685 0.274544 0.367649 hargrave 2019-09-11 16:59:07 
AF1000 289.7  08.5 289.7  08.5 5.86E-04 000.5 269.5  25.4 0.335878 0.245971 0.342006 hargrave 2019-09-11 17:00:27 
AF1050 291.5  08.6 291.5  08.6 5.90E-04 000.5 269.9  27.1 0.324969 0.257520 0.343500 hargrave 2019-09-11 17:01:47 
AF1100 290.1  07.6 290.1  07.6 5.49E-04 000.5 270.6  25.5 0.271493 0.236965 0.323434 hargrave 2019-09-11 17:03:08 
AF1150 289.1  08.9 289.1  08.9 5.59E-04 000.5 268.8  24.9 0.293695 0.227708 0.331581 hargrave 2019-09-11 17:04:28 
AF1200 291.9  07.7 291.9  07.7 5.35E-04 000.5 271.0  27.2 0.277416 0.248563 0.304472 hargrave 2019-09-11 17:05:50 
AF1250 293.4  08.7 293.4  08.7 5.12E-04 000.5 270.4  28.9 0.276888 0.237701 0.295842 hargrave 2019-09-11 17:07:11 
AF1300 290.7  07.6 290.7  07.6 4.94E-04 000.5 270.8  26.1 0.253062 0.423701 0.294754 hargrave 2019-09-11 17:08:34 
