BD2- 4a mag compass orientation (IGRF corrected)
      0  64.7  70.0   0.0   0.0   1.0
NRM    287.0  25.2 287.0  25.2 2.09E-03 000.5 254.0  45.9 1.074841 1.069130 0.856988 hargrave 2019-09-11 18:04:06 
AF  10 287.0  25.2 287.0  25.2 2.08E-03 000.5 254.0  45.8 1.176006 1.053164 0.888362 hargrave 2019-09-11 18:05:26 
AF  20 287.0  25.0 287.0  25.0 2.07E-03 000.5 254.2  45.8 1.197963 1.039148 0.877831 hargrave 2019-09-11 18:07:34 
AF  30 286.9  25.0 286.9  25.0 2.06E-03 000.5 254.3  45.8 1.199389 1.027181 0.900308 hargrave 2019-09-11 18:08:54 
AF  40 286.9  24.8 286.9  24.8 2.05E-03 000.5 254.5  45.8 1.201846 1.015612 0.883376 hargrave 2019-09-11 18:10:14 
AF  50 286.9  24.7 286.9  24.7 2.04E-03 000.5 254.7  45.7 1.193387 1.014378 0.896462 hargrave 2019-09-11 18:11:33 
AF  60 286.9  24.6 286.9  24.6 2.03E-03 000.5 254.8  45.7 1.191409 1.002703 0.876774 hargrave 2019-09-11 18:12:52 
AF  70 286.8  24.5 286.8  24.5 2.02E-03 000.5 255.0  45.7 1.155371 1.007799 0.884818 hargrave 2019-09-11 18:14:11 
AF  80 286.8  24.5 286.8  24.5 2.00E-03 000.5 255.0  45.7 1.172388 0.957659 0.868801 hargrave 2019-09-11 18:15:31 
AF  90 286.8  24.4 286.8  24.4 1.98E-03 000.5 255.1  45.6 1.137747 0.963460 0.868706 hargrave 2019-09-11 18:16:51 
AF 100 286.7  24.4 286.7  24.4 1.96E-03 000.5 255.2  45.6 1.153318 0.964862 0.840841 hargrave 2019-09-11 18:18:10 
AF 120 286.7  24.3 286.7  24.3 1.93E-03 000.5 255.3  45.6 1.129784 0.946630 0.843857 hargrave 2019-09-11 18:19:29 
AF 140 286.6  24.2 286.6  24.2 1.90E-03 000.5 255.4  45.4 1.099335 0.898893 0.809982 hargrave 2019-09-11 18:20:48 
AF 160 286.5  24.1 286.5  24.1 1.87E-03 000.5 255.5  45.4 1.063203 0.895793 0.816460 hargrave 2019-09-11 18:22:07 
AF 180 286.5  24.1 286.5  24.1 1.84E-03 000.5 255.6  45.4 1.003548 0.912614 0.798687 hargrave 2019-09-11 18:24:15 
AF 200 286.4  24.0 286.4  24.0 1.82E-03 000.5 255.6  45.2 1.074457 0.867489 0.777338 hargrave 2019-09-11 18:25:35 
AF 250 286.4  24.0 286.4  24.0 1.76E-03 000.5 255.7  45.2 0.940703 0.860908 0.760701 hargrave 2019-09-11 18:27:42 
AF 300 286.5  23.9 286.5  23.9 1.69E-03 000.5 255.8  45.3 0.961779 0.799187 0.711120 hargrave 2019-09-11 18:29:02 
AF 350 286.7  23.8 286.7  23.8 1.62E-03 000.5 255.9  45.5 0.960007 0.798503 0.679105 hargrave 2019-09-11 18:30:21 
AF 400 286.6  23.6 286.6  23.6 1.54E-03 000.5 256.2  45.4 0.873664 0.748200 0.663183 hargrave 2019-09-11 18:31:41 
AF 450 286.7  23.5 286.7  23.5 1.45E-03 000.5 256.4  45.5 0.861855 0.704077 0.604352 hargrave 2019-09-11 18:33:00 
AF 500 286.7  23.5 286.7  23.5 1.37E-03 000.5 256.4  45.5 0.781681 0.657021 0.586724 hargrave 2019-09-11 18:34:19 
AF 550 286.8  23.4 286.8  23.4 1.28E-03 000.5 256.6  45.5 0.766972 0.596056 0.547149 hargrave 2019-09-11 18:35:39 
AF 600 286.9  23.5 286.9  23.5 1.20E-03 000.5 256.4  45.7 0.679277 0.577334 0.495825 hargrave 2019-09-11 18:36:59 
AF 650 286.6  23.1 286.6  23.1 1.12E-03 000.5 256.9  45.4 0.625564 0.546489 0.477413 hargrave 2019-09-11 18:38:18 
AF 700 286.3  23.2 286.3  23.2 1.04E-03 000.5 256.8  45.1 0.602438 0.513031 0.432176 hargrave 2019-09-11 18:39:38 
AF 750 286.5  23.3 286.5  23.3 9.72E-04 000.5 256.7  45.3 0.562372 0.465803 0.414459 hargrave 2019-09-11 18:40:58 
AF 800 286.3  23.2 286.3  23.2 9.10E-04 000.5 256.8  45.1 0.512228 0.423247 0.387748 hargrave 2019-09-11 18:42:17 
AF 850 286.3  23.3 286.3  23.3 8.51E-04 000.5 256.7  45.1 0.473081 0.397613 0.360831 hargrave 2019-09-11 18:43:37 
AF 900 286.2  23.3 286.2  23.3 7.98E-04 000.5 256.6  45.0 0.486024 0.390015 0.341197 hargrave 2019-09-11 18:44:57 
AF 950 286.1  23.0 286.1  23.0 7.47E-04 000.5 257.0  44.9 0.415300 0.342436 0.321632 hargrave 2019-09-11 18:46:17 
AF1000 286.0  23.2 286.0  23.2 7.01E-04 000.5 256.7  44.8 0.396155 0.334128 0.302150 hargrave 2019-09-11 18:47:38 
AF1050 285.7  22.8 285.7  22.8 6.59E-04 000.5 257.3  44.5 0.357688 0.302855 0.285162 hargrave 2019-09-11 18:48:58 
AF1100 285.6  23.0 285.6  23.0 6.18E-04 000.5 257.0  44.4 0.324795 0.284414 0.268220 hargrave 2019-09-11 18:50:19 
AF1150 285.7  23.1 285.7  23.1 5.86E-04 000.5 256.8  44.5 0.323799 0.261886 0.254769 hargrave 2019-09-11 18:51:40 
AF1200 285.5  23.1 285.5  23.1 5.53E-04 000.5 256.8  44.4 0.307350 0.248513 0.240648 hargrave 2019-09-11 18:53:01 
AF1250 285.5  23.1 285.5  23.1 5.21E-04 000.5 256.8  44.3 0.287948 0.232538 0.227104 hargrave 2019-09-11 18:54:23 
AF1300 285.6  23.2 285.6  23.2 4.91E-04 000.5 256.7  44.4 0.256749 0.255922 0.216873 hargrave 2019-09-11 18:55:46 
