BD2- 1a mag compass orientation (IGRF corrected)
      0  49.7  62.0   0.0   0.0   1.0
NRM    300.2  19.3 300.2  19.3 1.56E-03 000.5 291.8  70.2 0.893636 0.970013 0.573257 hargrave 2019-09-11 15:28:13 
AF  10 300.1  19.0 300.1  19.0 1.55E-03 000.5 292.4  70.0 0.930810 0.911288 0.584918 hargrave 2019-09-11 15:29:35 
AF  20 300.1  18.4 300.1  18.4 1.54E-03 000.5 293.8  69.6 0.924297 0.937134 0.586734 hargrave 2019-09-11 15:30:54 
AF  30 300.1  17.9 300.1  17.9 1.53E-03 000.5 295.0  69.4 0.936244 0.879153 0.584091 hargrave 2019-09-11 15:32:14 
AF  40 300.1  17.5 300.1  17.5 1.51E-03 000.5 296.1  69.1 0.912613 0.891254 0.583555 hargrave 2019-09-11 15:33:34 
AF  50 300.1  17.1 300.1  17.1 1.48E-03 000.5 296.9  68.9 0.890847 0.881312 0.570746 hargrave 2019-09-11 15:34:54 
AF  60 300.1  16.7 300.1  16.7 1.46E-03 000.5 297.8  68.7 0.879034 0.811535 0.564432 hargrave 2019-09-11 15:36:13 
AF  70 300.1  16.5 300.1  16.5 1.43E-03 000.5 298.3  68.6 0.850279 0.805894 0.554635 hargrave 2019-09-11 15:37:33 
AF  80 300.2  16.2 300.2  16.2 1.39E-03 000.5 299.1  68.5 0.838053 0.787660 0.539938 hargrave 2019-09-11 15:38:53 
AF  90 300.3  16.1 300.3  16.1 1.36E-03 000.5 299.5  68.4 0.810856 0.783640 0.527022 hargrave 2019-09-11 15:40:13 
AF 100 300.1  16.0 300.1  16.0 1.32E-03 000.5 299.3  68.3 0.776280 0.763558 0.514694 hargrave 2019-09-11 15:41:33 
AF 120 300.2  15.6 300.2  15.6 1.26E-03 000.5 300.4  68.1 0.750227 0.736269 0.487887 hargrave 2019-09-11 15:42:53 
AF 140 300.1  15.5 300.1  15.5 1.19E-03 000.5 300.5  67.9 0.720027 0.695634 0.467089 hargrave 2019-09-11 15:44:13 
AF 160 299.9  15.1 299.9  15.1 1.13E-03 000.5 301.0  67.5 0.675082 0.640985 0.445033 hargrave 2019-09-11 15:45:32 
AF 180 299.8  15.1 299.8  15.1 1.08E-03 000.5 300.8  67.5 0.667012 0.626831 0.426447 hargrave 2019-09-11 15:46:52 
AF 200 299.8  14.7 299.8  14.7 1.03E-03 000.5 301.7  67.2 0.631552 0.603220 0.409780 hargrave 2019-09-11 15:48:12 
AF 250 299.4  14.5 299.4  14.5 9.16E-04 000.5 301.5  66.8 0.568437 0.543187 0.369421 hargrave 2019-09-11 15:49:32 
AF 300 299.7  14.1 299.7  14.1 8.16E-04 000.5 302.8  66.8 0.497717 0.485439 0.328551 hargrave 2019-09-11 15:50:52 
AF 350 300.5  13.8 300.5  13.8 7.32E-04 000.5 304.5  67.1 0.466080 0.447711 0.295546 hargrave 2019-09-11 15:52:11 
AF 400 299.7  13.1 299.7  13.1 6.63E-04 000.5 304.6  66.2 0.406670 0.397325 0.272442 hargrave 2019-09-11 15:53:31 
AF 450 300.0  11.8 300.0  11.8 5.96E-04 000.5 307.3  65.5 0.376469 0.352987 0.248790 hargrave 2019-09-11 15:54:51 
AF 500 300.5  11.1 300.5  11.1 5.40E-04 000.6 309.4  65.3 0.349005 0.333801 0.224948 hargrave 2019-09-11 15:56:11 
AF 550 300.0  10.8 300.0  10.8 4.88E-04 000.5 309.1  64.7 0.297957 0.302252 0.204609 hargrave 2019-09-11 15:57:30 
AF 600 300.5  10.0 300.5  10.0 4.53E-04 000.5 311.1  64.5 0.239033 0.267567 0.186783 hargrave 2019-09-11 15:58:50 
AF 650 300.2  09.1 300.2  09.1 4.12E-04 000.6 312.1  63.7 0.258796 0.278124 0.171043 hargrave 2019-09-11 16:00:10 
AF 700 300.7  07.1 300.7  07.1 3.78E-04 000.5 315.8  62.5 0.207944 0.212626 0.158464 hargrave 2019-09-11 16:01:30 
AF 750 300.6  05.2 300.6  05.2 3.44E-04 000.5 318.0  60.9 0.215734 0.187402 0.143486 hargrave 2019-09-11 16:02:49 
AF 800 300.4  03.7 300.4  03.7 3.16E-04 000.5 319.5  59.6 0.169086 0.217180 0.137395 hargrave 2019-09-11 16:04:09 
AF 850 301.3  01.5 301.3  01.5 2.94E-04 000.5 323.3  58.2 0.179722 0.155664 0.130155 hargrave 2019-09-11 16:05:30 
AF 900 302.0 -00.4 302.0 -00.4 2.88E-04 000.6 326.2  56.9 0.176195 0.183053 0.129051 hargrave 2019-09-11 16:06:51 
AF 950 299.0  00.2 299.0  00.2 2.63E-04 000.6 321.0  55.8 0.173433 0.185146 0.120686 hargrave 2019-09-11 16:08:11 
AF1000 300.5 -02.5 300.5 -02.5 2.59E-04 000.6 325.7  54.3 0.185983 0.140023 0.122843 hargrave 2019-09-11 16:09:31 
AF1050 298.1 -01.5 298.1 -01.5 2.38E-04 000.6 321.3  53.9 0.149779 0.165666 0.112929 hargrave 2019-09-11 16:10:51 
AF1100 298.4 -03.2 298.4 -03.2 2.38E-04 000.6 323.3  52.7 0.162270 0.162050 0.114911 hargrave 2019-09-11 16:12:12 
AF1150 299.2 -02.9 299.2 -02.9 2.24E-04 000.5 324.1  53.3 0.096752 0.159278 0.104882 hargrave 2019-09-11 16:13:33 
AF1200 300.1 -02.6 300.1 -02.6 2.21E-04 000.6 325.1  54.1 0.146278 0.145357 0.104361 hargrave 2019-09-11 16:14:54 
AF1250 299.7 -02.4 299.7 -02.4 2.18E-04 000.6 324.5  54.0 0.152094 0.122684 0.103951 hargrave 2019-09-11 16:16:16 
AF1300 297.4  00.3 297.4  00.3 2.16E-04 002.2 318.6  55.0 0.111047 0.916879 0.099927 hargrave 2019-09-11 16:17:39 
