BD2- 5a mag compass orientation (IGRF corrected)
      0  66.7  70.0   0.0   0.0   1.0
NRM    285.6  22.7 285.6  22.7 1.81E-03 000.5 257.1  42.6 0.842433 0.951878 0.828451 hargrave 2019-09-11 18:57:10 
AF  10 285.5  22.6 285.5  22.6 1.80E-03 000.5 257.2  42.5 0.997377 0.950316 0.844037 hargrave 2019-09-11 18:58:30 
AF  20 285.5  22.5 285.5  22.5 1.79E-03 000.5 257.3  42.4 1.018823 0.932740 0.850414 hargrave 2019-09-11 18:59:50 
AF  30 285.4  22.4 285.4  22.4 1.79E-03 000.5 257.4  42.3 1.016182 0.917989 0.837954 hargrave 2019-09-11 19:01:10 
AF  40 285.3  22.3 285.3  22.3 1.78E-03 000.5 257.6  42.2 1.022697 0.932611 0.857406 hargrave 2019-09-11 19:02:30 
AF  50 285.2  22.2 285.2  22.2 1.77E-03 000.5 257.7  42.2 1.046976 0.943971 0.854047 hargrave 2019-09-11 19:03:49 
AF  60 285.2  22.1 285.2  22.1 1.76E-03 000.5 257.8  42.1 1.044418 0.926806 0.831435 hargrave 2019-09-11 19:05:09 
AF  70 285.2  22.1 285.2  22.1 1.75E-03 000.5 257.9  42.1 0.995640 0.918401 0.846397 hargrave 2019-09-11 19:06:28 
AF  80 285.1  22.0 285.1  22.0 1.74E-03 000.5 258.0  42.1 1.017824 0.890119 0.839495 hargrave 2019-09-11 19:07:48 
AF  90 285.1  21.9 285.1  21.9 1.73E-03 000.5 258.1  42.0 1.031694 0.908216 0.834517 hargrave 2019-09-11 19:09:07 
AF 100 285.1  21.9 285.1  21.9 1.71E-03 000.5 258.1  42.0 1.032593 0.885077 0.826911 hargrave 2019-09-11 19:10:27 
AF 120 285.2  21.8 285.2  21.8 1.69E-03 000.5 258.3  42.1 0.959216 0.875062 0.815359 hargrave 2019-09-11 19:11:47 
AF 140 285.2  21.7 285.2  21.7 1.66E-03 000.5 258.3  42.1 0.948083 0.875834 0.803418 hargrave 2019-09-11 19:13:06 
AF 160 285.2  21.7 285.2  21.7 1.63E-03 000.5 258.3  42.0 0.986131 0.868408 0.790292 hargrave 2019-09-11 19:14:26 
AF 180 285.2  21.7 285.2  21.7 1.61E-03 000.5 258.4  42.1 0.967613 0.833383 0.778327 hargrave 2019-09-11 19:15:45 
AF 200 285.3  21.6 285.3  21.6 1.59E-03 000.5 258.5  42.2 0.936911 0.842489 0.748032 hargrave 2019-09-11 19:17:05 
AF 250 285.3  21.5 285.3  21.5 1.54E-03 000.5 258.7  42.1 0.855998 0.808364 0.738064 hargrave 2019-09-11 19:19:16 
AF 300 285.4  21.3 285.4  21.3 1.47E-03 000.5 258.9  42.2 0.859835 0.772730 0.692510 hargrave 2019-09-11 19:20:36 
AF 350 285.4  21.3 285.4  21.3 1.40E-03 000.5 258.9  42.2 0.790600 0.727454 0.658959 hargrave 2019-09-11 19:21:56 
AF 400 285.5  21.2 285.5  21.2 1.32E-03 000.5 259.0  42.3 0.792733 0.696825 0.619831 hargrave 2019-09-11 19:23:16 
AF 450 285.5  21.2 285.5  21.2 1.24E-03 000.5 259.1  42.3 0.720664 0.659730 0.581477 hargrave 2019-09-11 19:24:36 
AF 500 285.6  21.0 285.6  21.0 1.16E-03 000.5 259.3  42.3 0.715268 0.609029 0.561453 hargrave 2019-09-11 19:25:56 
AF 550 285.5  21.1 285.5  21.1 1.07E-03 000.5 259.2  42.2 0.639541 0.583673 0.506811 hargrave 2019-09-11 19:27:15 
AF 600 285.5  21.2 285.5  21.2 1.00E-03 000.5 259.1  42.3 0.583470 0.530700 0.486138 hargrave 2019-09-11 19:28:35 
AF 650 285.4  21.0 285.4  21.0 9.31E-04 000.5 259.4  42.2 0.558644 0.495519 0.454757 hargrave 2019-09-11 19:29:55 
AF 700 285.4  20.9 285.4  20.9 8.65E-04 000.5 259.5  42.2 0.477780 0.453895 0.419923 hargrave 2019-09-11 19:31:15 
AF 750 285.2  21.0 285.2  21.0 8.05E-04 000.5 259.3  41.9 0.441837 0.428622 0.390284 hargrave 2019-09-11 19:32:35 
AF 800 285.3  20.8 285.3  20.8 7.52E-04 000.5 259.6  42.1 0.448861 0.408935 0.347455 hargrave 2019-09-11 19:33:55 
AF 850 285.2  21.0 285.2  21.0 7.00E-04 000.5 259.3  42.0 0.404816 0.374663 0.341078 hargrave 2019-09-11 19:35:15 
AF 900 284.7  21.0 284.7  21.0 6.57E-04 000.5 259.2  41.5 0.352805 0.344569 0.321354 hargrave 2019-09-11 19:36:35 
AF 950 284.8  20.7 284.8  20.7 6.18E-04 000.5 259.6  41.5 0.352906 0.323049 0.305728 hargrave 2019-09-11 19:37:56 
AF1000 284.8  20.7 284.8  20.7 5.82E-04 000.5 259.6  41.5 0.306114 0.282054 0.285195 hargrave 2019-09-11 19:39:16 
AF1050 284.7  20.8 284.7  20.8 5.45E-04 000.5 259.5  41.4 0.272167 0.283557 0.269428 hargrave 2019-09-11 19:40:36 
AF1100 284.6  20.6 284.6  20.6 5.15E-04 000.5 259.8  41.4 0.244719 0.266180 0.255714 hargrave 2019-09-11 19:41:57 
AF1150 284.7  20.4 284.7  20.4 4.90E-04 000.5 260.0  41.4 0.272213 0.261827 0.242977 hargrave 2019-09-11 19:43:18 
AF1200 284.6  20.6 284.6  20.6 4.63E-04 000.5 259.7  41.4 0.257517 0.245246 0.213184 hargrave 2019-09-11 19:44:39 
AF1250 284.3  20.2 284.3  20.2 4.37E-04 000.5 260.1  41.0 0.205235 0.240109 0.217620 hargrave 2019-09-11 19:46:02 
AF1300 284.3  20.5 284.3  20.5 4.11E-04 000.5 259.8  41.1 0.198532 0.226609 0.204139 hargrave 2019-09-11 19:47:25 
