BD2- 3a mag compass orientation (IGRF corrected)
      0  89.7  81.0   0.0   0.0   1.0
NRM    292.5  34.6 292.5  34.6 1.05E-02 000.5 236.1  23.8 3.808570 5.019383 5.931190 hargrave 2019-09-11 17:10:05 
AF  10 292.0  34.1 292.0  34.1 1.05E-02 000.5 236.6  23.5 4.784086 4.629537 5.890926 hargrave 2019-09-11 17:11:25 
AF  20 291.5  33.1 291.5  33.1 1.03E-02 000.5 237.8  23.1 4.586638 4.617177 5.831964 hargrave 2019-09-11 17:13:34 
AF  30 291.0  32.0 291.0  32.0 1.01E-02 000.5 239.0  22.8 4.628289 4.399718 5.764041 hargrave 2019-09-11 17:14:54 
AF  40 290.5  30.8 290.5  30.8 9.82E-03 000.5 240.4  22.4 4.296838 4.252506 5.597152 hargrave 2019-09-11 17:17:02 
AF  50 290.0  29.9 290.0  29.9 9.52E-03 000.5 241.3  22.0 4.257815 4.042119 5.449501 hargrave 2019-09-11 17:18:22 
AF  60 289.6  29.0 289.6  29.0 9.10E-03 000.5 242.3  21.7 4.080265 3.755232 5.219138 hargrave 2019-09-11 17:19:41 
AF  70 289.1  28.3 289.1  28.3 8.66E-03 000.5 243.1  21.3 3.934592 3.534228 5.002341 hargrave 2019-09-11 17:21:01 
AF  80 288.8  27.6 288.8  27.6 8.17E-03 000.5 243.7  21.0 3.353340 3.344117 4.701398 hargrave 2019-09-11 17:23:09 
AF  90 288.4  27.1 288.4  27.1 7.67E-03 000.5 244.3  20.7 3.428653 3.137412 4.401566 hargrave 2019-09-11 17:24:28 
AF 100 288.1  26.7 288.1  26.7 7.20E-03 000.5 244.7  20.4 3.242838 2.879231 4.163111 hargrave 2019-09-11 17:25:48 
AF 120 287.6  26.3 287.6  26.3 6.40E-03 000.5 245.2  20.0 2.872718 2.538049 3.691997 hargrave 2019-09-11 17:27:07 
AF 140 287.3  26.0 287.3  26.0 5.70E-03 000.5 245.5  19.7 2.555951 2.282509 3.308873 hargrave 2019-09-11 17:28:27 
AF 160 286.8  25.9 286.8  25.9 5.13E-03 000.5 245.6  19.2 2.376384 2.056237 2.973659 hargrave 2019-09-11 17:29:47 
AF 180 286.6  26.0 286.6  26.0 4.65E-03 000.5 245.5  19.0 2.096974 1.818331 2.717167 hargrave 2019-09-11 17:31:06 
AF 200 286.6  26.0 286.6  26.0 4.23E-03 000.5 245.5  19.1 1.895301 1.697426 2.438413 hargrave 2019-09-11 17:32:26 
AF 250 286.4  25.9 286.4  25.9 3.45E-03 000.5 245.6  18.9 1.548346 1.377120 1.975914 hargrave 2019-09-11 17:33:45 
AF 300 286.4  26.1 286.4  26.1 2.87E-03 000.5 245.4  18.9 1.302390 1.147834 1.649304 hargrave 2019-09-11 17:35:05 
AF 350 286.3  26.0 286.3  26.0 2.46E-03 000.5 245.5  18.8 1.100179 0.980403 1.407521 hargrave 2019-09-11 17:36:25 
AF 400 286.1  26.4 286.1  26.4 2.18E-03 000.5 245.0  18.7 0.940764 0.901979 1.245822 hargrave 2019-09-11 17:37:44 
AF 450 286.0  26.0 286.0  26.0 1.97E-03 000.5 245.5  18.5 0.865802 0.808204 1.135119 hargrave 2019-09-11 17:39:04 
AF 500 285.9  26.3 285.9  26.3 1.75E-03 000.5 245.2  18.4 0.772781 0.739626 1.014985 hargrave 2019-09-11 17:40:23 
AF 550 285.4  25.7 285.4  25.7 1.66E-03 000.5 245.8  18.0 0.717875 0.682474 0.965995 hargrave 2019-09-11 17:41:43 
AF 600 286.2  25.7 286.2  25.7 1.51E-03 000.5 245.9  18.7 0.673336 0.639042 0.852824 hargrave 2019-09-11 17:43:02 
AF 650 285.0  25.9 285.0  25.9 1.43E-03 000.5 245.6  17.7 0.609253 0.578672 0.812516 hargrave 2019-09-11 17:44:22 
AF 700 285.0  25.0 285.0  25.0 1.37E-03 000.5 246.5  17.6 0.577508 0.559066 0.772468 hargrave 2019-09-11 17:45:42 
AF 750 284.3  25.0 284.3  25.0 1.28E-03 000.5 246.5  17.0 0.571745 0.564850 0.744396 hargrave 2019-09-11 17:47:01 
AF 800 285.0  24.5 285.0  24.5 1.25E-03 000.5 247.0  17.6 0.562358 0.519799 0.728320 hargrave 2019-09-11 17:48:21 
AF 850 284.7  25.8 284.7  25.8 1.17E-03 000.5 245.7  17.3 0.499117 0.486608 0.671757 hargrave 2019-09-11 17:49:41 
AF 900 285.4  24.5 285.4  24.5 1.14E-03 000.5 247.0  17.9 0.525906 0.501924 0.634857 hargrave 2019-09-11 17:51:01 
AF 950 285.6  24.2 285.6  24.2 1.09E-03 000.5 247.4  18.2 0.465081 0.482696 0.637698 hargrave 2019-09-11 17:52:21 
AF1000 286.8  23.8 286.8  23.8 1.06E-03 000.5 247.9  19.2 0.482221 0.470001 0.604267 hargrave 2019-09-11 17:53:41 
AF1050 285.2  23.2 285.2  23.2 1.06E-03 000.5 248.4  17.7 0.464047 0.459779 0.617815 hargrave 2019-09-11 17:55:01 
AF1100 285.1  24.6 285.1  24.6 1.01E-03 000.5 246.9  17.7 0.437565 0.461821 0.580826 hargrave 2019-09-11 17:57:12 
AF1150 286.2  24.7 286.2  24.7 9.87E-04 000.5 246.9  18.6 0.434124 0.445554 0.575768 hargrave 2019-09-11 17:58:32 
AF1200 286.0  22.9 286.0  22.9 9.58E-04 000.5 248.7  18.4 0.459354 0.441908 0.538252 hargrave 2019-09-11 17:59:54 
AF1250 286.8  22.2 286.8  22.2 9.46E-04 000.5 249.5  19.1 0.425443 0.418790 0.551676 hargrave 2019-09-11 18:01:15 
AF1300 287.0  23.5 287.0  23.5 9.06E-04 000.5 248.1  19.4 0.410753 0.412736 0.508506 hargrave 2019-09-11 18:02:38 
