BD2- 6a mag compass orientation (IGRF corrected)
      0  72.7  70.0   0.0   0.0   1.0
NRM    284.5  27.9 284.5  27.9 1.46E-03 000.5 249.5  36.7 0.727438 0.670910 0.616678 hargrave 2019-09-11 19:50:42 
AF  10 284.5  27.9 284.5  27.9 1.45E-03 000.5 249.5  36.7 0.810895 0.637840 0.607579 hargrave 2019-09-11 19:52:01 
AF  20 284.5  27.9 284.5  27.9 1.45E-03 000.5 249.6  36.7 0.838291 0.635773 0.629834 hargrave 2019-09-11 19:53:21 
AF  30 284.5  27.8 284.5  27.8 1.44E-03 000.5 249.6  36.7 0.878736 0.663311 0.633499 hargrave 2019-09-11 19:54:40 
AF  40 284.5  27.8 284.5  27.8 1.44E-03 000.5 249.7  36.7 0.814503 0.616568 0.630114 hargrave 2019-09-11 19:56:00 
AF  50 284.5  27.7 284.5  27.7 1.43E-03 000.5 249.8  36.7 0.835465 0.655649 0.628622 hargrave 2019-09-11 19:57:20 
AF  60 284.5  27.6 284.5  27.6 1.42E-03 000.5 249.9  36.7 0.828141 0.622413 0.624572 hargrave 2019-09-11 19:58:39 
AF  70 284.5  27.6 284.5  27.6 1.41E-03 000.5 249.9  36.7 0.775185 0.623085 0.617029 hargrave 2019-09-11 20:00:49 
AF  80 284.5  27.6 284.5  27.6 1.40E-03 000.5 249.9  36.7 0.847992 0.627260 0.613336 hargrave 2019-09-11 20:02:09 
AF  90 284.4  27.5 284.4  27.5 1.39E-03 000.5 250.0  36.6 0.818570 0.630189 0.609585 hargrave 2019-09-11 20:03:28 
AF 100 284.4  27.5 284.4  27.5 1.38E-03 000.5 250.0  36.6 0.816676 0.623373 0.602343 hargrave 2019-09-11 20:04:48 
AF 120 284.3  27.5 284.3  27.5 1.35E-03 000.5 250.0  36.5 0.797083 0.624352 0.591858 hargrave 2019-09-11 20:06:08 
AF 140 284.3  27.5 284.3  27.5 1.33E-03 000.5 250.0  36.4 0.809450 0.590370 0.580845 hargrave 2019-09-11 20:07:27 
AF 160 284.3  27.4 284.3  27.4 1.31E-03 000.5 250.1  36.5 0.748685 0.572384 0.571323 hargrave 2019-09-11 20:08:47 
AF 180 284.2  27.4 284.2  27.4 1.29E-03 000.5 250.2  36.4 0.739964 0.592361 0.561242 hargrave 2019-09-11 20:10:06 
AF 200 284.2  27.3 284.2  27.3 1.27E-03 000.5 250.2  36.4 0.772570 0.575488 0.550225 hargrave 2019-09-11 20:11:26 
AF 250 284.2  27.3 284.2  27.3 1.22E-03 000.5 250.2  36.4 0.733915 0.547515 0.532847 hargrave 2019-09-11 20:12:46 
AF 300 284.3  27.2 284.3  27.2 1.16E-03 000.5 250.4  36.4 0.665569 0.516530 0.505915 hargrave 2019-09-11 20:14:05 
AF 350 284.4  27.1 284.4  27.1 1.10E-03 000.5 250.6  36.5 0.640553 0.504899 0.475448 hargrave 2019-09-11 20:15:25 
AF 400 284.5  27.0 284.5  27.0 1.03E-03 000.5 250.7  36.6 0.621404 0.471846 0.442100 hargrave 2019-09-11 20:16:45 
AF 450 284.7  26.8 284.7  26.8 9.67E-04 000.5 250.9  36.8 0.586955 0.448675 0.411547 hargrave 2019-09-11 20:18:04 
AF 500 284.7  26.8 284.7  26.8 8.97E-04 000.5 250.9  36.8 0.504003 0.410616 0.381295 hargrave 2019-09-11 20:19:24 
AF 550 284.7  26.9 284.7  26.9 8.35E-04 000.5 250.8  36.8 0.486626 0.375250 0.350791 hargrave 2019-09-11 20:20:43 
AF 600 284.9  26.9 284.9  26.9 7.73E-04 000.5 250.8  37.0 0.448901 0.334726 0.322206 hargrave 2019-09-11 20:22:03 
AF 650 284.8  26.7 284.8  26.7 7.19E-04 000.5 251.1  36.9 0.448601 0.347798 0.299295 hargrave 2019-09-11 20:23:23 
AF 700 285.0  26.4 285.0  26.4 6.66E-04 000.5 251.5  37.0 0.374556 0.283797 0.275061 hargrave 2019-09-11 20:24:42 
AF 750 284.9  26.6 284.9  26.6 6.21E-04 000.5 251.2  36.9 0.336139 0.268643 0.260010 hargrave 2019-09-11 20:26:02 
AF 800 285.2  26.4 285.2  26.4 5.80E-04 000.5 251.4  37.2 0.354738 0.246477 0.237984 hargrave 2019-09-11 20:27:21 
AF 850 285.0  26.4 285.0  26.4 5.40E-04 000.5 251.5  37.0 0.304370 0.248654 0.224619 hargrave 2019-09-11 20:28:41 
AF 900 285.4  26.8 285.4  26.8 5.08E-04 000.5 251.0  37.4 0.253112 0.239090 0.209031 hargrave 2019-09-11 20:30:01 
AF 950 285.2  26.3 285.2  26.3 4.73E-04 000.4 251.6  37.2 0.215574 0.238735 0.192637 hargrave 2019-09-11 20:31:22 
AF1000 285.0  26.4 285.0  26.4 4.46E-04 000.5 251.4  37.0 0.253139 0.198097 0.182946 hargrave 2019-09-11 20:32:42 
AF1050 284.7  25.9 284.7  25.9 4.20E-04 000.5 252.0  36.7 0.225274 0.176216 0.173474 hargrave 2019-09-11 20:34:02 
AF1100 284.8  26.2 284.8  26.2 3.94E-04 000.4 251.7  36.8 0.199676 0.153720 0.161330 hargrave 2019-09-11 20:35:23 
AF1150 284.8  26.0 284.8  26.0 3.77E-04 000.4 251.9  36.8 0.177775 0.162355 0.157088 hargrave 2019-09-11 20:36:43 
AF1200 284.9  26.0 284.9  26.0 3.56E-04 000.5 252.0  36.9 0.182820 0.194159 0.147785 hargrave 2019-09-11 20:38:04 
AF1250 285.2  25.9 285.2  25.9 3.34E-04 000.5 252.1  37.1 0.181197 0.151669 0.136017 hargrave 2019-09-11 20:39:26 
AF1300 284.8  25.8 284.8  25.8 3.17E-04 000.4 252.1  36.8 0.154819 0.123387 0.133084 hargrave 2019-09-11 20:40:49 
