BD2- 8a mag compass orientation (IGRF corrected)
      0  74.7  71.0   0.0   0.0   1.0
NRM    277.6  22.8 277.6  22.8 1.55E-03 000.4 253.7  27.8 0.580462 0.552849 0.851554 hargrave 2019-09-11 21:33:52 
AF  10 277.6  22.8 277.6  22.8 1.55E-03 000.5 253.7  27.8 0.778267 0.529309 0.846663 hargrave 2019-09-11 21:35:12 
AF  20 277.7  22.7 277.7  22.7 1.54E-03 000.5 253.7  27.8 0.781010 0.525336 0.844219 hargrave 2019-09-11 21:36:31 
AF  30 277.7  22.7 277.7  22.7 1.53E-03 000.5 253.8  27.8 0.799611 0.516416 0.863460 hargrave 2019-09-11 21:37:51 
AF  40 277.7  22.5 277.7  22.5 1.53E-03 000.5 253.9  27.8 0.769160 0.512596 0.864239 hargrave 2019-09-11 21:39:10 
AF  50 277.7  22.5 277.7  22.5 1.52E-03 000.5 254.0  27.7 0.791442 0.499420 0.856219 hargrave 2019-09-11 21:40:31 
AF  60 277.7  22.5 277.7  22.5 1.51E-03 000.5 254.0  27.8 0.781376 0.496254 0.843793 hargrave 2019-09-11 21:41:51 
AF  70 277.7  22.4 277.7  22.4 1.50E-03 000.5 254.1  27.8 0.789776 0.508252 0.849866 hargrave 2019-09-11 21:43:10 
AF  80 277.7  22.4 277.7  22.4 1.49E-03 000.5 254.1  27.8 0.778855 0.483172 0.843329 hargrave 2019-09-11 21:44:29 
AF  90 277.7  22.4 277.7  22.4 1.47E-03 000.5 254.1  27.7 0.777423 0.497256 0.821671 hargrave 2019-09-11 21:45:49 
AF 100 277.7  22.3 277.7  22.3 1.46E-03 000.5 254.1  27.7 0.738533 0.481068 0.828885 hargrave 2019-09-11 21:47:09 
AF 120 277.7  22.2 277.7  22.2 1.43E-03 000.5 254.3  27.7 0.707506 0.456597 0.797912 hargrave 2019-09-11 21:48:28 
AF 140 277.7  22.2 277.7  22.2 1.41E-03 000.5 254.3  27.7 0.733421 0.462526 0.790381 hargrave 2019-09-11 21:49:48 
AF 160 277.8  22.2 277.8  22.2 1.38E-03 000.5 254.3  27.8 0.688641 0.455362 0.788058 hargrave 2019-09-11 21:51:08 
AF 180 277.8  22.1 277.8  22.1 1.36E-03 000.5 254.4  27.8 0.663686 0.477720 0.763281 hargrave 2019-09-11 21:52:27 
AF 200 277.9  22.1 277.9  22.1 1.34E-03 000.5 254.4  27.9 0.707058 0.453228 0.766515 hargrave 2019-09-11 21:53:48 
AF 250 277.8  22.1 277.8  22.1 1.29E-03 000.5 254.5  27.8 0.653262 0.430198 0.724579 hargrave 2019-09-11 21:55:07 
AF 300 277.8  22.1 277.8  22.1 1.24E-03 000.5 254.5  27.8 0.637489 0.416140 0.711986 hargrave 2019-09-11 21:56:27 
AF 350 277.8  22.0 277.8  22.0 1.17E-03 000.5 254.5  27.8 0.641292 0.402731 0.676138 hargrave 2019-09-11 21:57:46 
AF 400 278.0  22.0 278.0  22.0 1.11E-03 000.5 254.5  27.9 0.573691 0.376973 0.632391 hargrave 2019-09-11 21:59:06 
AF 450 278.0  22.0 278.0  22.0 1.05E-03 000.5 254.6  27.9 0.567120 0.366095 0.607072 hargrave 2019-09-11 22:00:25 
AF 500 278.0  22.1 278.0  22.1 9.79E-04 000.5 254.5  27.9 0.481115 0.336550 0.567768 hargrave 2019-09-11 22:01:45 
AF 550 277.9  21.9 277.9  21.9 9.16E-04 000.5 254.6  27.8 0.486144 0.325220 0.531689 hargrave 2019-09-11 22:03:05 
AF 600 277.7  21.8 277.7  21.8 8.49E-04 000.5 254.7  27.6 0.441424 0.290633 0.493549 hargrave 2019-09-11 22:04:24 
AF 650 277.6  21.7 277.6  21.7 7.94E-04 000.5 254.9  27.5 0.403443 0.275006 0.460632 hargrave 2019-09-11 22:05:44 
AF 700 277.7  21.4 277.7  21.4 7.36E-04 000.5 255.1  27.5 0.368697 0.241131 0.428876 hargrave 2019-09-11 22:07:04 
AF 750 277.3  21.5 277.3  21.5 6.84E-04 000.5 255.0  27.2 0.320340 0.229497 0.399831 hargrave 2019-09-11 22:08:24 
AF 800 277.7  21.3 277.7  21.3 6.37E-04 000.5 255.2  27.5 0.316419 0.199345 0.372614 hargrave 2019-09-11 22:09:44 
AF 850 277.4  21.3 277.4  21.3 5.98E-04 000.5 255.2  27.3 0.296982 0.191478 0.351253 hargrave 2019-09-11 22:11:04 
AF 900 277.3  21.4 277.3  21.4 5.56E-04 000.5 255.1  27.2 0.299806 0.187944 0.310826 hargrave 2019-09-11 22:12:24 
AF 950 277.5  21.2 277.5  21.2 5.23E-04 000.5 255.4  27.4 0.243891 0.201666 0.307033 hargrave 2019-09-11 22:13:44 
AF1000 276.7  21.4 276.7  21.4 4.90E-04 000.4 255.0  26.6 0.202575 0.144074 0.288066 hargrave 2019-09-11 22:15:04 
AF1050 277.3  21.2 277.3  21.2 4.61E-04 000.5 255.3  27.2 0.211973 0.142429 0.269529 hargrave 2019-09-11 22:16:24 
AF1100 277.5  21.3 277.5  21.3 4.34E-04 000.4 255.3  27.3 0.182075 0.122555 0.253335 hargrave 2019-09-11 22:17:44 
AF1150 277.0  20.9 277.0  20.9 4.09E-04 000.4 255.6  26.8 0.163959 0.119307 0.241084 hargrave 2019-09-11 22:19:05 
AF1200 276.9  20.7 276.9  20.7 3.84E-04 000.4 255.8  26.7 0.157872 0.114760 0.216560 hargrave 2019-09-11 22:20:27 
AF1250 277.0  20.5 277.0  20.5 3.62E-04 000.4 256.0  26.7 0.131000 0.095718 0.213077 hargrave 2019-09-11 22:21:49 
AF1300 277.3  21.1 277.3  21.1 3.42E-04 000.5 255.5  27.2 0.126706 0.115565 0.208877 hargrave 2019-09-11 22:23:11 
