BD3- 4a sun compass orientation
      0  48.0  70.0   0.0   0.0   1.0
NRM    291.7  23.5 291.7  23.5 4.60E-03 000.6 257.1  65.4 3.473803 3.327485 0.993025 hargrave 2019-09-15 04:15:35 
AF  10 291.7  23.5 291.7  23.5 4.59E-03 000.6 257.1  65.3 3.427227 3.274547 1.095580 hargrave 2019-09-15 04:16:54 
AF  20 291.6  23.5 291.6  23.5 4.58E-03 000.6 257.1  65.3 3.354637 3.251348 1.093670 hargrave 2019-09-15 04:18:15 
AF  30 291.6  23.4 291.6  23.4 4.56E-03 000.6 257.3  65.3 3.395606 3.275504 1.075028 hargrave 2019-09-15 04:19:34 
AF  40 291.6  23.3 291.6  23.3 4.55E-03 000.6 257.5  65.2 3.379396 3.237648 1.068890 hargrave 2019-09-15 04:20:54 
AF  50 291.5  23.3 291.5  23.3 4.52E-03 000.6 257.6  65.2 3.364028 3.191087 1.092576 hargrave 2019-09-15 04:22:13 
AF  60 291.5  23.2 291.5  23.2 4.50E-03 000.6 257.8  65.2 3.333793 3.218669 1.104358 hargrave 2019-09-15 04:23:32 
AF  70 291.4  23.1 291.4  23.1 4.47E-03 000.6 258.0  65.1 3.291321 3.150976 1.098661 hargrave 2019-09-15 04:24:52 
AF  80 291.4  23.1 291.4  23.1 4.43E-03 000.6 258.1  65.1 3.281798 3.142659 1.086868 hargrave 2019-09-15 04:26:11 
AF  90 291.3  23.0 291.3  23.0 4.38E-03 000.6 258.3  65.0 3.264436 3.135571 1.081136 hargrave 2019-09-15 04:27:31 
AF 100 291.3  22.9 291.3  22.9 4.33E-03 000.6 258.5  65.0 3.248830 3.089899 1.051991 hargrave 2019-09-15 04:28:50 
AF 120 291.3  22.8 291.3  22.8 4.23E-03 000.6 258.7  65.0 3.108048 3.005914 1.045288 hargrave 2019-09-15 04:30:09 
AF 140 291.2  22.7 291.2  22.7 4.12E-03 000.6 258.9  64.9 3.065883 2.916344 1.013669 hargrave 2019-09-15 04:31:30 
AF 160 291.1  22.7 291.1  22.7 4.00E-03 000.6 259.1  64.9 2.911485 2.821632 0.973125 hargrave 2019-09-15 04:32:49 
AF 180 291.1  22.5 291.1  22.5 3.89E-03 000.6 259.4  64.9 2.879768 2.737886 0.958932 hargrave 2019-09-15 04:34:09 
AF 200 291.1  22.5 291.1  22.5 3.76E-03 000.6 259.5  64.8 2.767690 2.649584 0.911227 hargrave 2019-09-15 04:35:29 
AF 250 291.1  22.3 291.1  22.3 3.51E-03 000.6 259.9  64.9 2.583262 2.448093 0.839973 hargrave 2019-09-15 04:36:48 
AF 300 291.1  22.1 291.1  22.1 3.24E-03 000.6 260.3  64.8 2.366940 2.278050 0.793955 hargrave 2019-09-15 04:38:08 
AF 350 291.1  21.9 291.1  21.9 3.01E-03 000.6 260.7  64.8 2.200843 2.138739 0.714511 hargrave 2019-09-15 04:39:27 
AF 400 291.2  21.9 291.2  21.9 2.81E-03 000.6 260.9  64.9 2.086907 1.998914 0.682834 hargrave 2019-09-15 04:40:47 
AF 450 291.2  21.7 291.2  21.7 2.64E-03 000.6 261.3  65.0 1.988527 1.864749 0.617833 hargrave 2019-09-15 04:42:06 
AF 500 291.1  21.5 291.1  21.5 2.49E-03 000.6 261.8  64.8 1.882880 1.784350 0.601078 hargrave 2019-09-15 04:43:26 
AF 550 291.0  21.6 291.0  21.6 2.35E-03 000.6 261.6  64.8 1.735003 1.670790 0.571511 hargrave 2019-09-15 04:44:45 
AF 600 291.0  21.5 291.0  21.5 2.23E-03 000.6 261.9  64.8 1.636446 1.581036 0.540108 hargrave 2019-09-15 04:46:05 
AF 650 291.0  21.3 291.0  21.3 2.12E-03 000.6 262.3  64.7 1.580556 1.515233 0.511743 hargrave 2019-09-15 04:47:25 
AF 700 291.0  21.4 291.0  21.4 2.02E-03 000.6 262.1  64.7 1.469770 1.465147 0.489651 hargrave 2019-09-15 04:48:44 
AF 750 290.9  21.1 290.9  21.1 1.94E-03 000.6 262.6  64.6 1.468232 1.392056 0.468374 hargrave 2019-09-15 04:50:04 
AF 800 291.1  21.2 291.1  21.2 1.86E-03 000.6 262.5  64.8 1.387777 1.337239 0.448680 hargrave 2019-09-15 04:51:24 
AF 850 291.0  21.1 291.0  21.1 1.79E-03 000.6 262.8  64.7 1.333377 1.282711 0.432395 hargrave 2019-09-15 04:52:44 
AF 900 290.8  21.1 290.8  21.1 1.73E-03 000.6 262.8  64.6 1.285557 1.212379 0.418874 hargrave 2019-09-15 04:54:04 
AF 950 290.9  21.0 290.9  21.0 1.68E-03 000.6 263.0  64.6 1.244209 1.175896 0.407417 hargrave 2019-09-15 04:55:23 
AF1000 291.1  21.0 291.1  21.0 1.63E-03 000.6 263.1  64.8 1.207811 1.175278 0.390753 hargrave 2019-09-15 04:56:43 
AF1050 291.1  21.0 291.1  21.0 1.58E-03 000.6 262.9  64.8 1.170036 1.143429 0.381794 hargrave 2019-09-15 04:58:04 
AF1100 291.0  21.0 291.0  21.0 1.54E-03 000.6 263.0  64.7 1.124202 1.135361 0.370592 hargrave 2019-09-15 04:59:24 
AF1150 290.8  20.9 290.8  20.9 1.49E-03 000.6 263.2  64.6 1.098705 1.107612 0.361748 hargrave 2019-09-15 05:00:45 
AF1200 291.1  20.9 291.1  20.9 1.45E-03 000.6 263.3  64.8 1.052760 1.040936 0.351645 hargrave 2019-09-15 05:02:06 
AF1250 290.8  20.8 290.8  20.8 1.42E-03 000.6 263.5  64.6 1.028205 1.021279 0.343738 hargrave 2019-09-15 05:03:27 
AF1300 290.9  20.8 290.9  20.8 1.39E-03 000.6 263.4  64.6 1.020610 1.000517 0.321963 hargrave 2019-09-15 05:04:50 
