BD3- 3a sun compass orientation
      0  47.6  76.0   0.0   0.0   1.0
NRM    287.7  28.2 287.7  28.2 4.15E-03 000.6 238.0  58.9 3.002081 3.011639 1.450381 hargrave 2019-09-15 03:23:54 
AF  10 287.8  28.2 287.8  28.2 4.15E-03 000.6 238.0  58.9 2.831778 2.931511 0.766246 hargrave 2019-09-15 03:25:14 
AF  20 287.7  28.2 287.7  28.2 4.14E-03 000.6 238.1  58.9 2.833037 2.960855 0.794254 hargrave 2019-09-15 03:26:35 
AF  30 287.7  28.1 287.7  28.1 4.13E-03 000.6 238.2  58.9 2.893974 2.966913 0.779768 hargrave 2019-09-15 03:27:54 
AF  40 287.7  28.1 287.7  28.1 4.11E-03 000.6 238.3  58.9 2.845425 2.921948 0.779208 hargrave 2019-09-15 03:29:14 
AF  50 287.7  28.0 287.7  28.0 4.10E-03 000.6 238.4  58.9 2.799968 2.875544 0.780639 hargrave 2019-09-15 03:30:33 
AF  60 287.7  28.0 287.7  28.0 4.07E-03 000.6 238.5  58.9 2.867690 2.916361 0.776249 hargrave 2019-09-15 03:31:53 
AF  70 287.7  28.0 287.7  28.0 4.05E-03 000.6 238.5  58.9 2.811917 2.870318 0.773987 hargrave 2019-09-15 03:33:13 
AF  80 287.6  27.9 287.6  27.9 4.02E-03 000.6 238.6  58.9 2.790201 2.850633 0.723285 hargrave 2019-09-15 03:34:32 
AF  90 287.6  27.9 287.6  27.9 3.99E-03 000.6 238.6  58.9 2.755494 2.869590 0.763481 hargrave 2019-09-15 03:35:52 
AF 100 287.6  27.9 287.6  27.9 3.95E-03 000.6 238.7  58.8 2.748827 2.820545 0.759190 hargrave 2019-09-15 03:37:11 
AF 120 287.6  27.9 287.6  27.9 3.88E-03 000.6 238.6  58.9 2.687768 2.770227 0.743415 hargrave 2019-09-15 03:38:31 
AF 140 287.6  27.9 287.6  27.9 3.79E-03 000.6 238.7  58.8 2.606814 2.692532 0.731830 hargrave 2019-09-15 03:39:51 
AF 160 287.6  27.9 287.6  27.9 3.71E-03 000.6 238.6  58.9 2.520064 2.604012 0.719055 hargrave 2019-09-15 03:41:11 
AF 180 287.6  27.9 287.6  27.9 3.62E-03 000.6 238.7  58.8 2.488989 2.596664 0.708501 hargrave 2019-09-15 03:42:31 
AF 200 287.6  28.0 287.6  28.0 3.54E-03 000.6 238.6  58.8 2.459195 2.564237 0.690460 hargrave 2019-09-15 03:43:50 
AF 250 287.6  28.0 287.6  28.0 3.33E-03 000.6 238.6  58.9 2.267481 2.398447 0.652607 hargrave 2019-09-15 03:45:10 
AF 300 287.6  28.0 287.6  28.0 3.12E-03 000.6 238.6  58.8 2.121654 2.237232 0.608263 hargrave 2019-09-15 03:47:19 
AF 350 287.6  28.0 287.6  28.0 2.93E-03 000.6 238.5  58.8 1.969712 2.119392 0.578764 hargrave 2019-09-15 03:48:39 
AF 400 287.5  28.0 287.5  28.0 2.75E-03 000.6 238.6  58.7 1.833565 1.947595 0.551899 hargrave 2019-09-15 03:49:59 
AF 450 287.5  28.0 287.5  28.0 2.60E-03 000.6 238.6  58.8 1.757963 1.896621 0.524677 hargrave 2019-09-15 03:51:18 
AF 500 287.5  28.0 287.5  28.0 2.48E-03 000.6 238.6  58.8 1.696833 1.788207 0.499902 hargrave 2019-09-15 03:52:38 
AF 550 287.5  28.0 287.5  28.0 2.35E-03 000.6 238.5  58.8 1.575447 1.714684 0.476387 hargrave 2019-09-15 03:53:58 
AF 600 287.5  28.1 287.5  28.1 2.25E-03 000.6 238.5  58.7 1.482485 1.633489 0.453121 hargrave 2019-09-15 03:55:18 
AF 650 287.3  27.9 287.3  27.9 2.15E-03 000.6 238.9  58.6 1.427105 1.520475 0.438415 hargrave 2019-09-15 03:56:37 
AF 700 287.1  27.8 287.1  27.8 2.06E-03 000.6 239.1  58.5 1.378715 1.486129 0.424589 hargrave 2019-09-15 03:57:57 
AF 750 287.2  27.9 287.2  27.9 1.99E-03 000.6 238.8  58.5 1.335925 1.427745 0.408938 hargrave 2019-09-15 03:59:16 
AF 800 286.9  27.8 286.9  27.8 1.92E-03 000.6 239.2  58.3 1.276220 1.353311 0.397030 hargrave 2019-09-15 04:00:36 
AF 850 286.8  27.7 286.8  27.7 1.85E-03 000.6 239.5  58.3 1.233426 1.343891 0.384561 hargrave 2019-09-15 04:01:56 
AF 900 286.8  27.7 286.8  27.7 1.80E-03 000.6 239.4  58.3 1.175401 1.291714 0.372914 hargrave 2019-09-15 04:03:16 
AF 950 286.5  27.7 286.5  27.7 1.75E-03 000.6 239.6  58.0 1.168829 1.252407 0.365011 hargrave 2019-09-15 04:04:36 
AF1000 286.5  27.7 286.5  27.7 1.69E-03 000.6 239.6  58.0 1.110757 1.194871 0.353114 hargrave 2019-09-15 04:05:57 
AF1050 286.3  27.6 286.3  27.6 1.65E-03 000.6 239.9  57.9 1.091866 1.186493 0.346608 hargrave 2019-09-15 04:07:17 
AF1100 286.2  27.6 286.2  27.6 1.61E-03 000.5 240.0  57.8 1.027071 1.102799 0.342462 hargrave 2019-09-15 04:08:38 
AF1150 286.2  27.4 286.2  27.4 1.57E-03 000.6 240.3  57.9 1.050774 1.114228 0.332022 hargrave 2019-09-15 04:09:58 
AF1200 285.7  27.4 285.7  27.4 1.53E-03 000.5 240.5  57.4 0.982820 1.056849 0.324826 hargrave 2019-09-15 04:11:19 
AF1250 285.8  27.3 285.8  27.3 1.50E-03 000.6 240.7  57.5 0.966429 1.075909 0.318483 hargrave 2019-09-15 04:12:41 
AF1300 285.6  27.3 285.6  27.3 1.46E-03 000.6 240.9  57.4 0.997978 1.040646 0.313301 hargrave 2019-09-15 04:14:03 
