BD3- 6a sun compass orientation
      0  41.5  70.0   0.0   0.0   1.0
NRM    286.6  31.6 286.6  31.6 3.80E-03 000.6 237.5  64.8 2.894867 2.867420 0.678136 hargrave 2019-09-15 06:03:34 
AF  10 286.6  31.6 286.6  31.6 3.79E-03 000.6 237.5  64.8 2.784293 2.813993 0.723389 hargrave 2019-09-15 06:04:54 
AF  20 286.5  31.6 286.5  31.6 3.78E-03 000.6 237.7  64.8 2.762366 2.799326 0.713598 hargrave 2019-09-15 06:06:13 
AF  30 286.5  31.5 286.5  31.5 3.77E-03 000.6 237.8  64.8 2.768741 2.852764 0.733792 hargrave 2019-09-15 06:07:33 
AF  40 286.4  31.4 286.4  31.4 3.76E-03 000.6 238.0  64.8 2.767484 2.833677 0.738156 hargrave 2019-09-15 06:08:53 
AF  50 286.4  31.4 286.4  31.4 3.74E-03 000.6 238.2  64.8 2.738006 2.771816 0.738079 hargrave 2019-09-15 06:10:12 
AF  60 286.4  31.3 286.4  31.3 3.71E-03 000.6 238.4  64.8 2.738284 2.768787 0.724948 hargrave 2019-09-15 06:12:21 
AF  70 286.3  31.3 286.3  31.3 3.69E-03 000.6 238.5  64.7 2.710848 2.745487 0.733449 hargrave 2019-09-15 06:13:41 
AF  80 286.2  31.2 286.2  31.2 3.66E-03 000.6 238.6  64.7 2.658771 2.732430 0.730585 hargrave 2019-09-15 06:15:02 
AF  90 286.2  31.2 286.2  31.2 3.62E-03 000.6 238.7  64.7 2.650625 2.711216 0.723219 hargrave 2019-09-15 06:16:22 
AF 100 286.2  31.1 286.2  31.1 3.59E-03 000.6 238.8  64.7 2.629406 2.683813 0.718751 hargrave 2019-09-15 06:17:41 
AF 120 286.2  31.1 286.2  31.1 3.52E-03 000.6 239.0  64.7 2.541005 2.609752 0.711897 hargrave 2019-09-15 06:19:01 
AF 140 286.1  31.0 286.1  31.0 3.44E-03 000.6 239.2  64.7 2.484175 2.583788 0.698337 hargrave 2019-09-15 06:20:21 
AF 160 286.1  31.0 286.1  31.0 3.36E-03 000.6 239.2  64.6 2.418650 2.502533 0.686869 hargrave 2019-09-15 06:21:41 
AF 180 286.1  31.0 286.1  31.0 3.29E-03 000.6 239.2  64.6 2.404299 2.478535 0.673351 hargrave 2019-09-15 06:23:00 
AF 200 286.0  31.0 286.0  31.0 3.21E-03 000.6 239.3  64.6 2.315069 2.397034 0.661349 hargrave 2019-09-15 06:24:20 
AF 250 286.0  30.9 286.0  30.9 3.03E-03 000.6 239.4  64.6 2.202029 2.286065 0.627993 hargrave 2019-09-15 06:25:40 
AF 300 285.9  30.9 285.9  30.9 2.85E-03 000.6 239.6  64.5 2.048258 2.120610 0.595625 hargrave 2019-09-15 06:27:00 
AF 350 285.9  30.9 285.9  30.9 2.69E-03 000.6 239.6  64.6 1.965578 2.037967 0.564453 hargrave 2019-09-15 06:28:21 
AF 400 285.8  30.8 285.8  30.8 2.55E-03 000.6 239.9  64.5 1.836386 1.895192 0.537521 hargrave 2019-09-15 06:29:41 
AF 450 285.8  30.8 285.8  30.8 2.43E-03 000.6 239.9  64.5 1.728293 1.814961 0.513977 hargrave 2019-09-15 06:31:00 
AF 500 285.9  30.6 285.9  30.6 2.32E-03 000.6 240.2  64.6 1.682757 1.741128 0.493115 hargrave 2019-09-15 06:32:20 
AF 550 285.9  30.6 285.9  30.6 2.21E-03 000.6 240.2  64.6 1.581850 1.658143 0.468922 hargrave 2019-09-15 06:33:40 
AF 600 285.9  30.7 285.9  30.7 2.11E-03 000.6 240.1  64.6 1.483969 1.546397 0.451253 hargrave 2019-09-15 06:35:00 
AF 650 285.8  30.5 285.8  30.5 2.04E-03 000.6 240.4  64.6 1.441510 1.510633 0.432642 hargrave 2019-09-15 06:36:19 
AF 700 285.8  30.7 285.8  30.7 1.96E-03 000.6 240.1  64.5 1.405623 1.479205 0.417433 hargrave 2019-09-15 06:37:39 
AF 750 285.7  30.5 285.7  30.5 1.89E-03 000.6 240.5  64.5 1.390450 1.439358 0.406739 hargrave 2019-09-15 06:38:59 
AF 800 285.5  30.5 285.5  30.5 1.82E-03 000.6 240.7  64.4 1.338692 1.355977 0.374644 hargrave 2019-09-15 06:40:18 
AF 850 285.6  30.5 285.6  30.5 1.77E-03 000.6 240.7  64.4 1.286863 1.351052 0.387989 hargrave 2019-09-15 06:41:39 
AF 900 285.6  30.6 285.6  30.6 1.71E-03 000.6 240.3  64.4 1.272114 1.314103 0.374501 hargrave 2019-09-15 06:43:00 
AF 950 285.8  30.6 285.8  30.6 1.66E-03 000.6 240.4  64.5 1.218756 1.266493 0.364536 hargrave 2019-09-15 06:44:20 
AF1000 285.6  30.5 285.6  30.5 1.61E-03 000.6 240.7  64.4 1.170856 1.205409 0.355278 hargrave 2019-09-15 06:45:40 
AF1050 285.7  30.5 285.7  30.5 1.57E-03 000.6 240.6  64.5 1.161830 1.203442 0.345629 hargrave 2019-09-15 06:47:01 
AF1100 285.7  30.4 285.7  30.4 1.53E-03 000.6 240.8  64.5 1.136394 1.193560 0.338678 hargrave 2019-09-15 06:48:22 
AF1150 285.9  30.4 285.9  30.4 1.50E-03 000.6 240.6  64.6 1.102848 1.135006 0.329872 hargrave 2019-09-15 06:49:43 
AF1200 286.0  30.5 286.0  30.5 1.46E-03 000.6 240.3  64.7 1.070463 1.125931 0.321856 hargrave 2019-09-15 06:51:04 
AF1250 285.9  30.2 285.9  30.2 1.43E-03 000.6 241.0  64.7 1.044149 1.076303 0.298165 hargrave 2019-09-15 06:52:26 
AF1300 285.9  30.3 285.9  30.3 1.39E-03 000.6 240.9  64.7 1.018078 1.044888 0.311656 hargrave 2019-09-15 06:53:48 
