BD3- 2a sun compass orientation
      0  52.0  62.0   0.0   0.0   1.0
NRM    279.9  35.7 279.9  35.7 3.34E-03 000.6 246.8  53.7 2.343994 2.316269 0.740245 hargrave 2019-09-15 02:33:02 
AF  10 279.9  35.7 279.9  35.7 3.33E-03 000.6 246.9  53.7 2.327308 2.297762 0.812882 hargrave 2019-09-15 02:34:22 
AF  20 279.8  35.6 279.8  35.6 3.32E-03 000.6 247.1  53.7 2.289058 2.226963 0.819828 hargrave 2019-09-15 02:35:41 
AF  30 279.8  35.5 279.8  35.5 3.32E-03 000.6 247.3  53.6 2.287351 2.235379 0.790857 hargrave 2019-09-15 02:37:01 
AF  40 279.8  35.4 279.8  35.4 3.31E-03 000.6 247.4  53.6 2.274556 2.204177 0.819422 hargrave 2019-09-15 02:38:20 
AF  50 279.8  35.3 279.8  35.3 3.30E-03 000.6 247.5  53.6 2.306279 2.249101 0.819821 hargrave 2019-09-15 02:39:40 
AF  60 279.8  35.3 279.8  35.3 3.28E-03 000.6 247.6  53.6 2.215311 2.182511 0.813496 hargrave 2019-09-15 02:40:59 
AF  70 279.7  35.2 279.7  35.2 3.27E-03 000.6 247.8  53.6 2.264400 2.186444 0.810664 hargrave 2019-09-15 02:42:19 
AF  80 279.7  35.1 279.7  35.1 3.25E-03 000.6 247.8  53.5 2.273336 2.210749 0.806360 hargrave 2019-09-15 02:43:39 
AF  90 279.7  35.1 279.7  35.1 3.23E-03 000.6 247.9  53.5 2.234019 2.156359 0.804085 hargrave 2019-09-15 02:44:58 
AF 100 279.7  35.0 279.7  35.0 3.20E-03 000.6 248.0  53.5 2.241140 2.162312 0.796773 hargrave 2019-09-15 02:46:19 
AF 120 279.7  35.0 279.7  35.0 3.16E-03 000.6 248.1  53.5 2.228117 2.154455 0.782632 hargrave 2019-09-15 02:47:38 
AF 140 279.7  34.9 279.7  34.9 3.11E-03 000.5 248.2  53.5 2.076079 2.038923 0.772636 hargrave 2019-09-15 02:48:58 
AF 160 279.6  34.8 279.6  34.8 3.05E-03 000.6 248.3  53.4 2.091441 2.028728 0.757090 hargrave 2019-09-15 02:50:17 
AF 180 279.6  34.8 279.6  34.8 2.98E-03 000.6 248.4  53.4 2.045123 1.983894 0.736731 hargrave 2019-09-15 02:51:37 
AF 200 279.6  34.8 279.6  34.8 2.90E-03 000.5 248.4  53.5 1.945600 1.913274 0.718875 hargrave 2019-09-15 02:52:57 
AF 250 279.7  34.8 279.7  34.8 2.70E-03 000.6 248.4  53.5 1.818074 1.783677 0.691409 hargrave 2019-09-15 02:54:16 
AF 300 279.7  34.8 279.7  34.8 2.47E-03 000.6 248.4  53.5 1.725559 1.666804 0.597347 hargrave 2019-09-15 02:55:36 
AF 350 279.7  34.7 279.7  34.7 2.26E-03 000.6 248.6  53.5 1.573262 1.528191 0.544978 hargrave 2019-09-15 02:56:56 
AF 400 279.8  34.7 279.8  34.7 2.07E-03 000.6 248.6  53.6 1.429400 1.414020 0.496372 hargrave 2019-09-15 02:58:15 
AF 450 279.8  34.6 279.8  34.6 1.93E-03 000.6 248.7  53.6 1.305243 1.291327 0.461939 hargrave 2019-09-15 02:59:36 
AF 500 279.9  34.6 279.9  34.6 1.80E-03 000.5 248.8  53.7 1.224002 1.178590 0.431633 hargrave 2019-09-15 03:00:55 
AF 550 280.1  34.5 280.1  34.5 1.69E-03 000.5 248.9  53.9 1.133407 1.122855 0.401764 hargrave 2019-09-15 03:02:15 
AF 600 280.1  34.6 280.1  34.6 1.59E-03 000.6 248.7  53.8 1.108564 1.059294 0.379776 hargrave 2019-09-15 03:03:34 
AF 650 279.9  34.4 279.9  34.4 1.51E-03 000.6 249.0  53.7 1.048071 1.016395 0.359335 hargrave 2019-09-15 03:04:54 
AF 700 279.7  34.3 279.7  34.3 1.43E-03 000.6 249.3  53.5 1.025594 0.988616 0.342006 hargrave 2019-09-15 03:06:14 
AF 750 280.0  34.4 280.0  34.4 1.37E-03 000.6 249.1  53.8 0.998191 0.941186 0.328906 hargrave 2019-09-15 03:07:33 
AF 800 279.8  34.1 279.8  34.1 1.32E-03 000.6 249.5  53.6 0.927742 0.905670 0.317461 hargrave 2019-09-15 03:08:53 
AF 850 279.7  34.1 279.7  34.1 1.26E-03 000.6 249.5  53.5 0.927454 0.909286 0.302355 hargrave 2019-09-15 03:10:13 
AF 900 279.8  34.0 279.8  34.0 1.22E-03 000.6 249.7  53.6 0.899700 0.860158 0.291998 hargrave 2019-09-15 03:11:33 
AF 950 279.7  34.0 279.7  34.0 1.18E-03 000.6 249.7  53.5 0.862868 0.826437 0.284366 hargrave 2019-09-15 03:12:53 
AF1000 279.6  33.9 279.6  33.9 1.14E-03 000.6 249.9  53.5 0.818465 0.800108 0.276141 hargrave 2019-09-15 03:14:13 
AF1050 279.7  34.0 279.7  34.0 1.11E-03 000.6 249.8  53.5 0.809440 0.781715 0.271840 hargrave 2019-09-15 03:15:34 
AF1100 279.4  33.9 279.4  33.9 1.08E-03 000.6 249.9  53.2 0.766488 0.748355 0.263990 hargrave 2019-09-15 03:16:54 
AF1150 279.4  33.9 279.4  33.9 1.05E-03 000.6 249.9  53.3 0.763914 0.770863 0.257917 hargrave 2019-09-15 03:18:15 
AF1200 279.4  33.7 279.4  33.7 1.03E-03 000.6 250.2  53.3 0.739998 0.708237 0.252815 hargrave 2019-09-15 03:19:36 
AF1250 279.2  33.6 279.2  33.6 1.00E-03 000.6 250.4  53.0 0.731120 0.693517 0.247314 hargrave 2019-09-15 03:20:58 
AF1300 279.1  33.4 279.1  33.4 9.78E-04 000.6 250.6  53.0 0.705547 0.683222 0.242545 hargrave 2019-09-15 03:22:20 
