BD3- 7a sun compass orientation
      0  29.3  63.0   0.0   0.0   1.0
NRM    290.7  27.1 290.7  27.1 3.45E-03 000.6 267.6  82.4 2.619944 2.636359 0.641919 hargrave 2019-09-15 06:55:24 
AF  10 290.7  27.0 290.7  27.0 3.45E-03 000.6 267.7  82.4 2.609126 2.636027 0.683235 hargrave 2019-09-15 06:56:43 
AF  20 290.7  27.0 290.7  27.0 3.44E-03 000.6 268.0  82.3 2.604132 2.626488 0.679850 hargrave 2019-09-15 06:58:03 
AF  30 290.7  27.0 290.7  27.0 3.43E-03 000.6 268.4  82.3 2.595373 2.626913 0.663535 hargrave 2019-09-15 06:59:23 
AF  40 290.7  26.9 290.7  26.9 3.42E-03 000.6 268.9  82.3 2.583886 2.601930 0.682906 hargrave 2019-09-15 07:00:43 
AF  50 290.6  26.8 290.6  26.8 3.41E-03 000.6 269.3  82.3 2.571038 2.592291 0.686801 hargrave 2019-09-15 07:02:02 
AF  60 290.6  26.8 290.6  26.8 3.40E-03 000.6 269.7  82.3 2.564048 2.585520 0.708118 hargrave 2019-09-15 07:03:22 
AF  70 290.6  26.7 290.6  26.7 3.39E-03 000.6 270.0  82.2 2.564640 2.579248 0.681873 hargrave 2019-09-15 07:04:42 
AF  80 290.6  26.7 290.6  26.7 3.38E-03 000.6 270.3  82.2 2.552235 2.575194 0.682406 hargrave 2019-09-15 07:06:02 
AF  90 290.6  26.7 290.6  26.7 3.36E-03 000.6 270.4  82.2 2.539925 2.554981 0.680510 hargrave 2019-09-15 07:07:21 
AF 100 290.6  26.6 290.6  26.6 3.34E-03 000.6 270.7  82.2 2.548160 2.535414 0.667992 hargrave 2019-09-15 07:09:31 
AF 120 290.5  26.6 290.5  26.6 3.30E-03 000.6 271.1  82.2 2.531657 2.513588 0.654726 hargrave 2019-09-15 07:10:50 
AF 140 290.5  26.5 290.5  26.5 3.26E-03 000.6 271.5  82.1 2.493897 2.448101 0.662421 hargrave 2019-09-15 07:12:10 
AF 160 290.5  26.5 290.5  26.5 3.20E-03 000.6 271.5  82.1 2.411526 2.403459 0.635280 hargrave 2019-09-15 07:13:30 
AF 180 290.5  26.5 290.5  26.5 3.15E-03 000.6 271.9  82.1 2.371209 2.386369 0.648044 hargrave 2019-09-15 07:14:50 
AF 200 290.4  26.4 290.4  26.4 3.09E-03 000.6 272.3  82.0 2.365544 2.337828 0.636908 hargrave 2019-09-15 07:16:09 
AF 250 290.3  26.2 290.3  26.2 2.94E-03 000.6 273.5  81.9 2.227927 2.229979 0.607201 hargrave 2019-09-15 07:17:29 
AF 300 290.3  26.2 290.3  26.2 2.75E-03 000.6 273.8  81.9 2.082968 2.087871 0.568028 hargrave 2019-09-15 07:18:49 
AF 350 290.2  26.0 290.2  26.0 2.58E-03 000.6 274.8  81.8 1.940354 1.916345 0.532465 hargrave 2019-09-15 07:20:09 
AF 400 290.1  25.8 290.1  25.8 2.42E-03 000.6 276.0  81.7 1.817273 1.795089 0.500420 hargrave 2019-09-15 07:21:29 
AF 450 290.0  25.7 290.0  25.7 2.28E-03 000.6 276.7  81.5 1.720523 1.702735 0.472262 hargrave 2019-09-15 07:22:49 
AF 500 289.9  25.6 289.9  25.6 2.16E-03 000.6 277.1  81.5 1.634757 1.610985 0.445410 hargrave 2019-09-15 07:24:08 
AF 550 289.7  25.6 289.7  25.6 2.04E-03 000.6 277.4  81.3 1.540956 1.525586 0.420523 hargrave 2019-09-15 07:25:28 
AF 600 289.7  25.5 289.7  25.5 1.95E-03 000.6 277.8  81.2 1.451343 1.460833 0.404025 hargrave 2019-09-15 07:26:48 
AF 650 289.6  25.3 289.6  25.3 1.85E-03 000.6 278.6  81.1 1.400713 1.388254 0.386799 hargrave 2019-09-15 07:28:08 
AF 700 289.6  25.3 289.6  25.3 1.78E-03 000.6 278.7  81.1 1.328291 1.324611 0.373085 hargrave 2019-09-15 07:29:27 
AF 750 289.3  25.3 289.3  25.3 1.71E-03 000.6 278.4  80.9 1.271336 1.283160 0.356158 hargrave 2019-09-15 07:30:47 
AF 800 289.2  25.1 289.2  25.1 1.64E-03 000.6 279.5  80.7 1.229372 1.196262 0.349633 hargrave 2019-09-15 07:32:07 
AF 850 289.2  25.2 289.2  25.2 1.59E-03 000.6 279.2  80.8 1.180417 1.202411 0.335212 hargrave 2019-09-15 07:33:27 
AF 900 289.0  25.0 289.0  25.0 1.53E-03 000.6 279.6  80.5 1.127331 1.116465 0.325354 hargrave 2019-09-15 07:34:47 
AF 950 289.0  25.0 289.0  25.0 1.48E-03 000.6 279.7  80.5 1.086171 1.072934 0.317139 hargrave 2019-09-15 07:36:07 
AF1000 288.9  24.9 288.9  24.9 1.44E-03 000.6 280.4  80.4 1.083536 1.041778 0.308623 hargrave 2019-09-15 07:37:28 
AF1050 288.7  24.8 288.7  24.8 1.39E-03 000.6 280.3  80.2 1.053067 1.023751 0.298802 hargrave 2019-09-15 07:38:48 
AF1100 288.8  24.8 288.8  24.8 1.35E-03 000.6 280.8  80.3 0.978844 0.988305 0.288920 hargrave 2019-09-15 07:40:09 
AF1150 288.5  24.8 288.5  24.8 1.31E-03 000.6 280.4  80.1 0.954289 0.952361 0.286381 hargrave 2019-09-15 07:41:29 
AF1200 288.5  24.7 288.5  24.7 1.28E-03 000.6 280.7  80.0 0.940832 0.925280 0.279026 hargrave 2019-09-15 07:42:51 
AF1250 288.7  24.7 288.7  24.7 1.24E-03 000.6 281.2  80.2 0.911300 0.906582 0.267454 hargrave 2019-09-15 07:44:12 
AF1300 288.3  24.7 288.3  24.7 1.21E-03 000.6 280.9  79.8 0.887424 0.882658 0.263891 hargrave 2019-09-15 07:45:35 
