BD3- 5a sun compass orientation
      0  50.8  61.0   0.0   0.0   1.0
NRM    287.0  28.8 287.0  28.8 4.02E-03 000.6 262.0  60.5 2.916993 2.795961 1.005359 hargrave 2019-09-15 05:06:22 
AF  10 286.9  28.8 286.9  28.8 4.01E-03 000.6 262.0  60.5 2.891735 2.760782 1.036848 hargrave 2019-09-15 05:08:31 
AF  20 286.9  28.7 286.9  28.7 4.00E-03 000.6 262.1  60.5 2.778860 2.761588 1.044139 hargrave 2019-09-15 05:09:50 
AF  30 286.9  28.7 286.9  28.7 4.00E-03 000.6 262.2  60.4 2.826525 2.740374 1.004593 hargrave 2019-09-15 05:11:11 
AF  40 286.9  28.6 286.9  28.6 3.98E-03 000.6 262.4  60.4 2.856275 2.747949 1.015375 hargrave 2019-09-15 05:12:31 
AF  50 286.9  28.6 286.9  28.6 3.97E-03 000.6 262.5  60.4 2.795730 2.739837 1.046156 hargrave 2019-09-15 05:13:51 
AF  60 286.9  28.5 286.9  28.5 3.95E-03 000.6 262.6  60.4 2.835306 2.707289 1.028523 hargrave 2019-09-15 05:15:59 
AF  70 286.9  28.4 286.9  28.4 3.92E-03 000.6 262.7  60.3 2.752923 2.685114 0.990686 hargrave 2019-09-15 05:17:18 
AF  80 286.9  28.3 286.9  28.3 3.89E-03 000.6 262.9  60.3 2.847279 2.677611 1.018396 hargrave 2019-09-15 05:19:27 
AF  90 286.9  28.3 286.9  28.3 3.86E-03 000.6 263.0  60.3 2.786671 2.643750 1.010056 hargrave 2019-09-15 05:21:35 
AF 100 286.8  28.2 286.8  28.2 3.82E-03 000.6 263.1  60.3 2.662752 2.610998 1.010887 hargrave 2019-09-15 05:22:55 
AF 120 286.8  28.1 286.8  28.1 3.74E-03 000.6 263.3  60.3 2.667942 2.583886 0.993548 hargrave 2019-09-15 05:24:16 
AF 140 286.8  28.1 286.8  28.1 3.66E-03 000.6 263.4  60.3 2.702631 2.504799 0.968577 hargrave 2019-09-15 05:25:35 
AF 160 286.8  28.0 286.8  28.0 3.57E-03 000.6 263.5  60.2 2.574351 2.478067 0.950022 hargrave 2019-09-15 05:26:55 
AF 180 286.8  28.0 286.8  28.0 3.49E-03 000.6 263.5  60.2 2.514929 2.411000 0.924857 hargrave 2019-09-15 05:28:15 
AF 200 286.9  28.0 286.9  28.0 3.40E-03 000.6 263.5  60.3 2.485944 2.367607 0.905626 hargrave 2019-09-15 05:29:35 
AF 250 286.8  27.9 286.8  27.9 3.19E-03 000.6 263.7  60.2 2.319970 2.238449 0.851659 hargrave 2019-09-15 05:30:54 
AF 300 286.8  27.9 286.8  27.9 2.98E-03 000.6 263.8  60.2 2.159572 2.046009 0.795005 hargrave 2019-09-15 05:32:14 
AF 350 286.8  27.9 286.8  27.9 2.79E-03 000.6 263.8  60.2 2.046386 1.926830 0.736748 hargrave 2019-09-15 05:34:23 
AF 400 286.9  27.9 286.9  27.9 2.63E-03 000.6 263.9  60.3 1.928238 1.845554 0.699870 hargrave 2019-09-15 05:35:43 
AF 450 287.0  27.8 287.0  27.8 2.49E-03 000.6 263.9  60.3 1.830299 1.752974 0.663616 hargrave 2019-09-15 05:37:04 
AF 500 286.9  27.8 286.9  27.8 2.36E-03 000.6 264.0  60.2 1.706372 1.657637 0.629926 hargrave 2019-09-15 05:38:23 
AF 550 286.9  27.8 286.9  27.8 2.24E-03 000.6 263.9  60.2 1.629152 1.579234 0.597695 hargrave 2019-09-15 05:39:43 
AF 600 287.0  27.8 287.0  27.8 2.14E-03 000.6 263.9  60.3 1.570074 1.489142 0.571557 hargrave 2019-09-15 05:41:03 
AF 650 287.0  27.8 287.0  27.8 2.05E-03 000.6 264.1  60.3 1.492647 1.439426 0.544303 hargrave 2019-09-15 05:42:23 
AF 700 287.0  27.7 287.0  27.7 1.97E-03 000.6 264.2  60.3 1.411445 1.398512 0.521766 hargrave 2019-09-15 05:43:43 
AF 750 286.7  28.0 286.7  28.0 1.90E-03 000.6 263.6  60.1 1.358982 1.338313 0.506562 hargrave 2019-09-15 05:45:03 
AF 800 286.8  28.1 286.8  28.1 1.83E-03 000.6 263.4  60.2 1.292842 1.302073 0.482449 hargrave 2019-09-15 05:46:23 
AF 850 286.5  27.9 286.5  27.9 1.77E-03 000.6 263.6  59.9 1.240098 1.234115 0.474928 hargrave 2019-09-15 05:47:43 
AF 900 286.5  27.9 286.5  27.9 1.72E-03 000.6 263.6  59.9 1.221047 1.189512 0.456769 hargrave 2019-09-15 05:49:03 
AF 950 286.5  27.9 286.5  27.9 1.67E-03 000.6 263.8  60.0 1.216055 1.141101 0.446227 hargrave 2019-09-15 05:50:24 
AF1000 286.4  28.0 286.4  28.0 1.62E-03 000.6 263.4  59.9 1.130925 1.121423 0.432183 hargrave 2019-09-15 05:51:44 
AF1050 286.6  28.0 286.6  28.0 1.58E-03 000.6 263.5  60.0 1.148400 1.079488 0.419286 hargrave 2019-09-15 05:53:05 
AF1100 286.4  27.9 286.4  27.9 1.54E-03 000.6 263.6  59.9 1.085359 1.085955 0.413558 hargrave 2019-09-15 05:54:26 
AF1150 286.3  28.0 286.3  28.0 1.51E-03 000.6 263.4  59.8 1.096810 1.037423 0.401751 hargrave 2019-09-15 05:55:47 
AF1200 286.1  27.8 286.1  27.8 1.47E-03 000.6 263.6  59.6 1.026742 1.043258 0.395274 hargrave 2019-09-15 05:57:08 
AF1250 286.3  28.1 286.3  28.1 1.44E-03 000.6 263.2  59.8 1.013088 1.015723 0.385953 hargrave 2019-09-15 05:58:30 
AF1300 286.1  27.8 286.1  27.8 1.41E-03 000.6 263.8  59.6 1.013194 0.964165 0.378981 hargrave 2019-09-15 05:59:53 
