BD3- 8a sun compass orientation
      0  22.7  54.0   0.0   0.0   1.0
NRM    279.7  32.0 279.7  32.0 4.37E-03 000.6 286.9  78.5 3.311980 3.093946 0.769249 hargrave 2019-09-15 07:47:08 
AF  10 279.7  31.9 279.7  31.9 4.36E-03 000.6 286.9  78.5 3.312042 3.078819 0.731486 hargrave 2019-09-15 07:48:27 
AF  20 279.6  31.9 279.6  31.9 4.35E-03 000.6 287.1  78.4 3.305456 3.066621 0.679507 hargrave 2019-09-15 07:49:47 
AF  30 279.6  31.8 279.6  31.8 4.33E-03 000.6 287.5  78.3 3.316226 3.069836 0.697507 hargrave 2019-09-15 07:51:56 
AF  40 279.5  31.7 279.5  31.7 4.32E-03 000.6 287.9  78.2 3.258066 3.017573 0.676841 hargrave 2019-09-15 07:53:15 
AF  50 279.5  31.6 279.5  31.6 4.30E-03 000.6 288.2  78.2 3.253846 3.023151 0.675191 hargrave 2019-09-15 07:54:35 
AF  60 279.5  31.5 279.5  31.5 4.27E-03 000.6 288.5  78.1 3.238575 3.009341 0.690586 hargrave 2019-09-15 07:55:54 
AF  70 279.5  31.4 279.5  31.4 4.24E-03 000.6 288.8  78.1 3.204944 3.003259 0.685636 hargrave 2019-09-15 07:57:14 
AF  80 279.4  31.3 279.4  31.3 4.21E-03 000.6 289.1  78.0 3.183373 2.980525 0.682517 hargrave 2019-09-15 07:58:34 
AF  90 279.4  31.3 279.4  31.3 4.17E-03 000.6 289.3  78.0 3.128121 2.935914 0.673632 hargrave 2019-09-15 07:59:53 
AF 100 279.4  31.2 279.4  31.2 4.13E-03 000.6 289.6  77.9 3.121756 2.906731 0.646330 hargrave 2019-09-15 08:01:14 
AF 120 279.4  31.1 279.4  31.1 4.06E-03 000.6 290.0  77.9 3.038961 2.820874 0.659137 hargrave 2019-09-15 08:02:33 
AF 140 279.4  31.1 279.4  31.1 3.97E-03 000.6 290.2  77.9 2.959191 2.795300 0.644807 hargrave 2019-09-15 08:03:53 
AF 160 279.3  31.0 279.3  31.0 3.88E-03 000.6 290.4  77.8 2.913895 2.730610 0.627128 hargrave 2019-09-15 08:05:12 
AF 180 279.3  30.9 279.3  30.9 3.79E-03 000.6 290.8  77.7 2.840451 2.664989 0.615008 hargrave 2019-09-15 08:06:32 
AF 200 279.3  30.8 279.3  30.8 3.70E-03 000.6 290.9  77.7 2.748587 2.564540 0.597384 hargrave 2019-09-15 08:07:52 
AF 250 279.4  30.8 279.4  30.8 3.47E-03 000.6 291.3  77.7 2.581237 2.401461 0.554062 hargrave 2019-09-15 08:09:11 
AF 300 279.2  30.7 279.2  30.7 3.25E-03 000.6 291.5  77.5 2.440511 2.262211 0.521770 hargrave 2019-09-15 08:10:31 
AF 350 279.3  30.6 279.3  30.6 3.03E-03 000.6 292.1  77.6 2.230670 2.106784 0.481242 hargrave 2019-09-15 08:11:51 
AF 400 279.4  30.5 279.4  30.5 2.84E-03 000.6 292.6  77.6 2.115027 1.960123 0.455081 hargrave 2019-09-15 08:13:11 
AF 450 279.4  30.4 279.4  30.4 2.68E-03 000.6 293.0  77.5 1.961006 1.866592 0.426580 hargrave 2019-09-15 08:14:32 
AF 500 279.5  30.2 279.5  30.2 2.53E-03 000.7 293.8  77.6 1.873132 2.253318 0.401425 hargrave 2019-09-15 08:15:52 
AF 550 279.5  30.1 279.5  30.1 2.40E-03 000.6 294.3  77.5 1.778085 1.667306 0.378761 hargrave 2019-09-15 08:17:12 
AF 600 279.6  30.2 279.6  30.2 2.28E-03 000.6 294.1  77.6 1.688353 1.589425 0.360787 hargrave 2019-09-15 08:18:32 
AF 650 279.6  29.8 279.6  29.8 2.18E-03 000.6 295.7  77.4 1.594426 1.538409 0.349485 hargrave 2019-09-15 08:19:51 
AF 700 279.6  29.8 279.6  29.8 2.08E-03 000.6 295.7  77.4 1.549786 1.456899 0.332160 hargrave 2019-09-15 08:21:11 
AF 750 279.5  29.6 279.5  29.6 2.01E-03 000.6 296.2  77.2 1.471555 1.398754 0.324274 hargrave 2019-09-15 08:22:30 
AF 800 279.5  29.7 279.5  29.7 1.93E-03 000.6 295.9  77.2 1.394313 1.331200 0.310456 hargrave 2019-09-15 08:23:50 
AF 850 279.6  29.4 279.6  29.4 1.86E-03 000.6 297.0  77.2 1.360275 1.288049 0.299846 hargrave 2019-09-15 08:25:10 
AF 900 279.6  29.5 279.6  29.5 1.81E-03 000.6 296.8  77.3 1.315340 1.267378 0.290445 hargrave 2019-09-15 08:26:30 
AF 950 279.8  29.1 279.8  29.1 1.75E-03 000.6 298.8  77.2 1.264422 1.209411 0.289067 hargrave 2019-09-15 08:27:50 
AF1000 279.8  29.1 279.8  29.1 1.71E-03 000.6 298.6  77.2 1.243331 1.162097 0.277990 hargrave 2019-09-15 08:29:10 
AF1050 279.8  29.0 279.8  29.0 1.65E-03 000.6 299.3  77.1 1.212403 1.126421 0.272183 hargrave 2019-09-15 08:30:31 
AF1100 280.0  29.0 280.0  29.0 1.62E-03 000.6 299.4  77.2 1.183149 1.125531 0.269778 hargrave 2019-09-15 08:32:41 
AF1150 280.0  28.7 280.0  28.7 1.57E-03 000.6 300.6  77.1 1.149924 1.063395 0.260671 hargrave 2019-09-15 08:34:01 
AF1200 279.9  28.6 279.9  28.6 1.53E-03 000.6 300.8  76.9 1.094021 1.039921 0.258931 hargrave 2019-09-15 08:35:23 
AF1250 280.2  28.4 280.2  28.4 1.50E-03 000.6 302.1  77.0 1.065140 1.010005 0.254483 hargrave 2019-09-15 08:36:44 
AF1300 280.2  28.3 280.2  28.3 1.46E-03 000.6 302.6  76.9 1.068667 0.989860 0.248381 hargrave 2019-09-15 08:38:07 
