BD3- 1a sun compass orientation
      0  53.8  70.0   0.0   0.0   1.0
NRM    288.6  30.7 288.6  30.7 2.56E-03 000.6 244.2  56.6 1.680809 1.809079 0.714166 hargrave 2019-09-15 01:40:25 
AF  10 288.6  30.7 288.6  30.7 2.56E-03 000.6 244.2  56.6 1.749313 1.843787 0.702347 hargrave 2019-09-15 01:41:45 
AF  20 288.6  30.7 288.6  30.7 2.56E-03 000.6 244.1  56.6 1.835942 1.829190 0.695089 hargrave 2019-09-15 01:43:05 
AF  30 288.6  30.7 288.6  30.7 2.56E-03 000.6 244.2  56.6 1.680856 1.863707 0.737372 hargrave 2019-09-15 01:44:25 
AF  40 288.6  30.6 288.6  30.6 2.56E-03 000.6 244.3  56.6 1.678040 1.853272 0.695163 hargrave 2019-09-15 01:45:45 
AF  50 288.6  30.6 288.6  30.6 2.55E-03 000.6 244.3  56.6 1.727199 1.850727 0.734732 hargrave 2019-09-15 01:47:53 
AF  60 288.6  30.6 288.6  30.6 2.55E-03 000.5 244.4  56.6 1.602017 1.803336 0.731710 hargrave 2019-09-15 01:49:13 
AF  70 288.5  30.7 288.5  30.7 2.54E-03 000.5 244.3  56.5 1.290701 1.802436 0.691073 hargrave 2019-09-15 01:50:32 
AF  80 288.5  30.6 288.5  30.6 2.54E-03 000.6 244.5  56.6 1.697398 1.829269 0.713008 hargrave 2019-09-15 01:51:52 
AF  90 288.5  30.6 288.5  30.6 2.53E-03 000.7 244.4  56.5 2.456450 1.824650 0.987650 hargrave 2019-09-15 01:53:12 
AF 100 288.5  30.4 288.5  30.4 2.52E-03 000.6 244.7  56.6 1.607710 1.791716 0.723008 hargrave 2019-09-15 01:55:20 
AF 120 288.4  30.6 288.4  30.6 2.50E-03 000.7 244.5  56.5 2.294459 1.811769 0.697365 hargrave 2019-09-15 01:56:40 
AF 140 288.4  30.4 288.4  30.4 2.48E-03 000.6 244.8  56.5 1.622037 1.779699 0.705253 hargrave 2019-09-15 01:57:59 
AF 160 288.4  30.3 288.4  30.3 2.45E-03 000.6 244.9  56.5 1.736183 1.767417 0.682004 hargrave 2019-09-15 01:59:19 
AF 180 288.4  30.3 288.4  30.3 2.42E-03 000.6 245.0  56.5 1.522772 1.737057 0.680332 hargrave 2019-09-15 02:00:39 
AF 200 288.4  30.2 288.4  30.2 2.38E-03 000.5 245.1  56.5 1.308680 1.736697 0.703983 hargrave 2019-09-15 02:01:58 
AF 250 288.4  30.1 288.4  30.1 2.30E-03 000.6 245.3  56.6 1.595443 1.660704 0.671968 hargrave 2019-09-15 02:03:18 
AF 300 288.4  29.9 288.4  29.9 2.19E-03 000.6 245.6  56.6 1.562902 1.565475 0.622348 hargrave 2019-09-15 02:04:38 
AF 350 288.4  29.8 288.4  29.8 2.08E-03 000.6 245.9  56.6 1.409685 1.490831 0.595288 hargrave 2019-09-15 02:05:58 
AF 400 288.5  29.7 288.5  29.7 1.98E-03 000.6 246.0  56.7 1.204999 1.436721 0.561764 hargrave 2019-09-15 02:07:18 
AF 450 288.5  29.7 288.5  29.7 1.89E-03 000.6 246.1  56.7 1.183125 1.351239 0.530627 hargrave 2019-09-15 02:08:38 
AF 500 288.6  29.6 288.6  29.6 1.81E-03 000.6 246.2  56.8 1.114306 1.310175 0.508485 hargrave 2019-09-15 02:09:57 
AF 550 288.5  29.6 288.5  29.6 1.73E-03 000.6 246.3  56.7 1.146404 1.240414 0.476895 hargrave 2019-09-15 02:11:17 
AF 600 288.6  29.5 288.6  29.5 1.65E-03 000.6 246.4  56.8 1.101797 1.218487 0.464117 hargrave 2019-09-15 02:12:37 
AF 650 288.7  29.3 288.7  29.3 1.58E-03 000.6 246.6  56.9 1.015908 1.134084 0.438669 hargrave 2019-09-15 02:13:57 
AF 700 288.7  29.3 288.7  29.3 1.52E-03 000.5 246.7  56.9 0.693029 1.076250 0.433493 hargrave 2019-09-15 02:15:16 
AF 750 288.9  29.2 288.9  29.2 1.47E-03 000.6 246.8  57.1 0.933023 1.080330 0.410461 hargrave 2019-09-15 02:16:36 
AF 800 288.7  29.3 288.7  29.3 1.41E-03 000.8 246.7  56.9 1.730661 1.013241 0.369552 hargrave 2019-09-15 02:17:56 
AF 850 288.6  29.1 288.6  29.1 1.36E-03 000.7 247.1  56.9 0.961191 1.010709 1.101752 hargrave 2019-09-15 02:19:16 
AF 900 288.8  29.0 288.8  29.0 1.32E-03 000.7 247.2  57.0 1.262111 0.929299 0.326591 hargrave 2019-09-15 02:20:36 
AF 950 288.8  28.9 288.8  28.9 1.27E-03 000.5 247.5  57.0 0.804115 0.875314 0.339952 hargrave 2019-09-15 02:21:57 
AF1000 288.8  29.0 288.8  29.0 1.23E-03 000.5 247.3  57.0 0.670356 0.862696 0.334142 hargrave 2019-09-15 02:23:17 
AF1050 288.9  28.7 288.9  28.7 1.20E-03 000.6 247.8  57.1 0.830427 0.879145 0.313935 hargrave 2019-09-15 02:24:37 
AF1100 288.9  28.7 288.9  28.7 1.17E-03 000.6 247.8  57.1 0.755596 0.830092 0.317743 hargrave 2019-09-15 02:25:58 
AF1150 289.0  28.5 289.0  28.5 1.13E-03 000.6 248.1  57.2 0.739576 0.832876 0.300950 hargrave 2019-09-15 02:27:19 
AF1200 288.9  28.4 288.9  28.4 1.10E-03 000.6 248.3  57.2 0.698302 0.781202 0.289435 hargrave 2019-09-15 02:28:40 
AF1250 288.9  28.6 288.9  28.6 1.07E-03 000.5 247.9  57.1 0.401482 0.759398 0.308392 hargrave 2019-09-15 02:30:02 
AF1300 289.0  28.2 289.0  28.2 1.04E-03 000.6 248.7  57.3 0.661194 0.763281 0.277377 hargrave 2019-09-15 02:31:24 
