BD4- 4a mag compass orientation (IGRF corrected)
      0  66.1  52.0   0.0   0.0   1.0
NRM    310.9  43.0 310.9  43.0 3.22E-03 000.6 247.2  70.3 2.386492 2.418560 0.483936 hargrave 2019-09-15 11:15:41 
AF  10 311.1  42.5 311.1  42.5 3.18E-03 000.6 248.9  70.4 2.352905 2.393249 0.483051 hargrave 2019-09-15 11:17:50 
AF  20 310.8  41.7 310.8  41.7 3.11E-03 000.6 251.3  70.3 2.274217 2.301532 0.479629 hargrave 2019-09-15 11:19:59 
AF  30 310.6  40.9 310.6  40.9 3.03E-03 000.6 253.7  70.2 2.237028 2.214738 0.484122 hargrave 2019-09-15 11:21:18 
AF  40 310.3  40.0 310.3  40.0 2.92E-03 000.6 256.1  69.9 2.166652 2.104081 0.474162 hargrave 2019-09-15 11:22:38 
AF  50 309.9  39.5 309.9  39.5 2.80E-03 000.6 257.7  69.6 2.068517 2.009026 0.466519 hargrave 2019-09-15 11:23:58 
AF  60 309.9  39.0 309.9  39.0 2.67E-03 000.6 259.1  69.5 1.985967 1.902960 0.443020 hargrave 2019-09-15 11:26:06 
AF  70 309.3  38.5 309.3  38.5 2.51E-03 000.6 260.3  69.0 1.845738 1.797235 0.430726 hargrave 2019-09-15 11:27:26 
AF  80 308.9  38.2 308.9  38.2 2.34E-03 000.6 261.0  68.7 1.747333 1.668062 0.408898 hargrave 2019-09-15 11:29:35 
AF  90 308.5  37.9 308.5  37.9 2.18E-03 000.6 261.6  68.3 1.628058 1.518241 0.390586 hargrave 2019-09-15 11:30:55 
AF 100 307.8  37.5 307.8  37.5 2.01E-03 000.6 262.5  67.7 1.485726 1.421294 0.378118 hargrave 2019-09-15 11:32:15 
AF 120 307.3  36.7 307.3  36.7 1.76E-03 000.6 264.2  67.1 1.244858 1.221990 0.342873 hargrave 2019-09-15 11:33:35 
AF 140 306.6  36.8 306.6  36.8 1.54E-03 000.6 263.9  66.6 1.094157 1.056715 0.308559 hargrave 2019-09-15 11:34:55 
AF 160 305.6  36.2 305.6  36.2 1.36E-03 000.6 264.8  65.7 1.014210 0.949260 0.283788 hargrave 2019-09-15 11:36:15 
AF 180 304.5  36.0 304.5  36.0 1.22E-03 000.6 264.7  64.8 0.890647 0.867073 0.263394 hargrave 2019-09-15 11:37:34 
AF 200 303.8  35.9 303.8  35.9 1.11E-03 000.6 264.7  64.2 0.795220 0.774437 0.248730 hargrave 2019-09-15 11:38:54 
AF 250 302.9  34.1 302.9  34.1 9.22E-04 000.6 268.0  63.1 0.649180 0.641043 0.223843 hargrave 2019-09-15 11:40:14 
AF 300 302.7  33.4 302.7  33.4 7.67E-04 000.6 269.3  62.6 0.545677 0.525543 0.192802 hargrave 2019-09-15 11:41:34 
AF 350 300.2  33.0 300.2  33.0 6.49E-04 000.6 268.8  60.5 0.453278 0.450860 0.174013 hargrave 2019-09-15 11:42:54 
AF 400 302.1  33.2 302.1  33.2 5.80E-04 000.6 269.4  62.1 0.419545 0.411735 0.148567 hargrave 2019-09-15 11:44:14 
AF 450 301.2  33.3 301.2  33.3 5.13E-04 000.6 268.6  61.4 0.357990 0.365115 0.138714 hargrave 2019-09-15 11:45:34 
AF 500 299.7  33.4 299.7  33.4 4.55E-04 000.6 267.8  60.3 0.314932 0.326102 0.129058 hargrave 2019-09-15 11:46:54 
AF 550 299.3  34.7 299.3  34.7 4.08E-04 000.6 265.0  60.3 0.276825 0.270999 0.115393 hargrave 2019-09-15 11:48:13 
AF 600 298.8  32.4 298.8  32.4 3.69E-04 000.6 269.1  59.2 0.233046 0.272288 0.107266 hargrave 2019-09-15 11:49:33 
AF 650 299.6  31.6 299.6  31.6 3.44E-04 000.5 271.0  59.6 0.206515 0.220124 0.100426 hargrave 2019-09-15 11:50:53 
AF 700 299.6  31.9 299.6  31.9 3.06E-04 000.6 270.5  59.7 0.228150 0.212407 0.087868 hargrave 2019-09-15 11:52:13 
AF 750 295.6  33.6 295.6  33.6 2.95E-04 000.6 265.2  57.1 0.212433 0.195627 0.087637 hargrave 2019-09-15 11:53:32 
AF 800 297.1  30.8 297.1  30.8 2.62E-04 000.6 270.9  57.3 0.186073 0.174421 0.085039 hargrave 2019-09-15 11:54:52 
AF 850 299.4  32.1 299.4  32.1 2.52E-04 000.5 270.0  59.6 0.130019 0.188037 0.066528 hargrave 2019-09-15 11:56:13 
AF 900 297.1  31.6 297.1  31.6 2.42E-04 000.5 269.4  57.6 0.147665 0.164970 0.071797 hargrave 2019-09-15 11:57:33 
AF 950 300.8  31.4 300.8  31.4 2.11E-04 000.5 272.1  60.4 0.102877 0.162803 0.062343 hargrave 2019-09-15 11:58:54 
AF1000 299.4  33.3 299.4  33.3 2.24E-04 000.6 267.8  60.0 0.170489 0.150427 0.064358 hargrave 2019-09-15 12:00:14 
AF1050 297.3  37.6 297.3  37.6 1.86E-04 000.6 258.5  59.6 0.131723 0.130339 0.057388 hargrave 2019-09-15 12:01:34 
AF1100 295.6  38.0 295.6  38.0 1.98E-04 000.5 257.3  58.3 0.082589 0.148823 0.058180 hargrave 2019-09-15 12:02:55 
AF1150 305.4  33.7 305.4  33.7 1.66E-04 000.5 270.5  64.8 0.103556 0.104459 0.043232 hargrave 2019-09-15 12:04:16 
AF1200 300.8  29.8 300.8  29.8 1.75E-04 000.6 275.0  59.8 0.126467 0.113083 0.049687 hargrave 2019-09-15 12:05:37 
AF1250 295.7  32.8 295.7  32.8 1.42E-04 000.6 266.6  56.9 0.059044 0.125362 0.042138 hargrave 2019-09-15 12:06:59 
AF1300 299.9  26.8 299.9  26.8 1.28E-04 000.6 279.4  57.7 0.093710 0.085541 0.046532 hargrave 2019-09-15 12:08:22 
