BD4- 1a mag compass orientation (IGRF corrected)
      0  68.1  39.0   0.0   0.0   1.0
NRM    306.7  42.2 306.7  42.2 3.03E-03 000.6 280.0  66.9 2.133466 2.220329 0.642648 hargrave 2019-09-15 08:39:36 
AF  10 306.5  42.0 306.5  42.0 3.00E-03 000.6 280.3  66.6 2.165711 2.186778 0.649821 hargrave 2019-09-15 08:40:56 
AF  20 306.0  41.3 306.0  41.3 2.94E-03 000.6 281.2  66.0 2.115008 2.131357 0.653081 hargrave 2019-09-15 08:42:16 
AF  30 305.6  40.7 305.6  40.7 2.87E-03 000.6 281.9  65.4 2.048288 2.073241 0.654269 hargrave 2019-09-15 08:43:36 
AF  40 305.0  40.1 305.0  40.1 2.77E-03 000.7 282.5  64.6 2.031593 2.464551 0.637444 hargrave 2019-09-15 08:45:44 
AF  50 304.5  39.7 304.5  39.7 2.65E-03 000.6 282.7  64.1 1.873282 1.872297 0.627586 hargrave 2019-09-15 08:47:03 
AF  60 304.3  39.4 304.3  39.4 2.52E-03 000.6 283.0  63.8 1.780714 1.773319 0.600880 hargrave 2019-09-15 08:48:23 
AF  70 303.8  39.0 303.8  39.0 2.35E-03 000.6 283.2  63.3 1.682652 1.638027 0.571385 hargrave 2019-09-15 08:49:42 
AF  80 303.5  38.9 303.5  38.9 2.17E-03 000.6 283.1  63.0 1.553885 1.512149 0.532601 hargrave 2019-09-15 08:51:02 
AF  90 303.2  38.8 303.2  38.8 1.99E-03 000.6 283.0  62.7 1.388826 1.354693 0.492576 hargrave 2019-09-15 08:52:22 
AF 100 302.8  38.8 302.8  38.8 1.83E-03 000.6 282.6  62.5 1.306304 1.250910 0.459756 hargrave 2019-09-15 08:53:42 
AF 120 302.5  38.9 302.5  38.9 1.56E-03 000.6 281.9  62.4 1.088334 1.099648 0.391272 hargrave 2019-09-15 08:55:02 
AF 140 301.4  38.8 301.4  38.8 1.34E-03 000.6 281.2  61.7 0.931983 0.914034 0.344191 hargrave 2019-09-15 08:56:22 
AF 160 300.9  38.8 300.9  38.8 1.16E-03 000.6 280.6  61.4 0.787401 0.821809 0.298515 hargrave 2019-09-15 08:57:41 
AF 180 300.0  38.9 300.0  38.9 1.03E-03 000.5 279.6  60.9 0.660103 0.704210 0.270119 hargrave 2019-09-15 08:59:01 
AF 200 299.1  38.9 299.1  38.9 9.30E-04 000.5 278.7  60.3 0.604932 0.631553 0.249260 hargrave 2019-09-15 09:00:20 
AF 250 298.8  38.7 298.8  38.7 7.53E-04 000.5 278.7  60.0 0.477163 0.513370 0.193235 hargrave 2019-09-15 09:01:40 
AF 300 298.4  37.6 298.4  37.6 6.28E-04 000.5 280.0  59.0 0.392489 0.393256 0.169510 hargrave 2019-09-15 09:03:00 
AF 350 297.5  40.6 297.5  40.6 5.36E-04 000.5 274.4  60.3 0.314290 0.377406 0.135196 hargrave 2019-09-15 09:04:19 
AF 400 298.1  38.5 298.1  38.5 4.76E-04 000.5 278.4  59.4 0.307275 0.317683 0.128570 hargrave 2019-09-15 09:06:28 
AF 450 298.0  39.7 298.0  39.7 4.04E-04 000.6 276.3  60.1 0.284641 0.308429 0.106848 hargrave 2019-09-15 09:07:47 
AF 500 295.2  40.5 295.2  40.5 3.79E-04 000.5 272.7  58.7 0.237159 0.265408 0.101783 hargrave 2019-09-15 09:09:07 
AF 550 297.1  39.8 297.1  39.8 3.34E-04 000.5 275.3  59.6 0.179196 0.262300 0.093931 hargrave 2019-09-15 09:10:27 
AF 600 296.7  39.4 296.7  39.4 2.89E-04 000.6 275.7  59.1 0.142318 0.238247 0.079457 hargrave 2019-09-15 09:11:46 
AF 650 299.8  44.9 299.8  44.9 2.68E-04 000.5 268.4  63.9 0.162427 0.191390 0.057483 hargrave 2019-09-15 09:13:06 
AF 700 298.8  41.0 298.8  41.0 2.57E-04 000.5 274.8  61.3 0.127117 0.191815 0.074882 hargrave 2019-09-15 09:14:25 
AF 750 300.5  45.3 300.5  45.3 2.36E-04 000.6 268.0  64.6 0.109116 0.202305 0.058056 hargrave 2019-09-15 09:15:45 
AF 800 299.2  39.2 299.2  39.2 2.12E-04 000.6 278.2  60.5 0.104632 0.196379 0.059797 hargrave 2019-09-15 09:17:53 
AF 850 304.3  41.0 304.3  41.0 1.95E-04 000.7 280.0  64.8 0.127286 0.193045 0.046949 hargrave 2019-09-15 09:19:13 
AF 900 301.3  45.5 301.3  45.5 1.88E-04 000.5 268.2  65.2 0.068703 0.163359 0.041863 hargrave 2019-09-15 09:20:33 
AF 950 299.9  46.1 299.9  46.1 1.63E-04 000.6 265.9  64.5 0.104205 0.130604 0.038615 hargrave 2019-09-15 09:21:53 
AF1000 297.6  44.5 297.6  44.5 1.52E-04 000.6 267.6  62.4 0.093253 0.112400 0.036341 hargrave 2019-09-15 09:23:13 
AF1050 297.0  44.1 297.0  44.1 1.57E-04 000.6 267.9  61.8 0.099743 0.122973 0.042494 hargrave 2019-09-15 09:24:34 
AF1100 302.4  37.6 302.4  37.6 1.52E-04 000.6 284.1  61.5 0.090254 0.139475 0.040740 hargrave 2019-09-15 09:25:54 
AF1150 297.1  38.0 297.1  38.0 1.35E-04 000.6 278.2  58.5 0.098399 0.102641 0.036123 hargrave 2019-09-15 09:27:15 
AF1200 299.3  39.0 299.3  39.0 1.31E-04 000.6 278.8  60.4 0.090089 0.099056 0.039142 hargrave 2019-09-15 09:28:36 
AF1250 292.9  46.8 292.9  46.8 1.02E-04 000.5 260.2  60.5 0.054139 0.054090 0.030250 hargrave 2019-09-15 09:29:58 
AF1300 297.9  49.0 297.9  49.0 1.03E-04 000.5 258.6  64.4 0.071816 0.062899 0.022399 hargrave 2019-09-15 09:31:20 
