BD4- 2a mag compass orientation (IGRF corrected)
      0  84.1  44.0   0.0   0.0   1.0
NRM    314.3  41.1 314.3  41.1 2.52E-03 000.6 265.3  61.0 1.827322 1.985590 0.695606 hargrave 2019-09-15 09:32:48 
AF  10 314.0  40.8 314.0  40.8 2.50E-03 000.6 265.6  60.7 1.765780 1.939498 0.724477 hargrave 2019-09-15 09:34:08 
AF  20 313.5  40.3 313.5  40.3 2.45E-03 000.6 266.2  60.2 1.725881 1.919667 0.722808 hargrave 2019-09-15 09:35:27 
AF  30 313.2  39.9 313.2  39.9 2.40E-03 000.6 266.8  59.8 1.692335 1.816032 0.713968 hargrave 2019-09-15 09:36:47 
AF  40 312.8  39.5 312.8  39.5 2.31E-03 000.6 267.2  59.3 1.608986 1.778792 0.682607 hargrave 2019-09-15 09:38:06 
AF  50 312.5  39.2 312.5  39.2 2.22E-03 000.6 267.6  59.0 1.571798 1.704254 0.675770 hargrave 2019-09-15 09:39:26 
AF  60 312.5  39.0 312.5  39.0 2.11E-03 000.6 267.9  59.0 1.470506 1.581843 0.646012 hargrave 2019-09-15 09:40:46 
AF  70 312.3  38.8 312.3  38.8 1.98E-03 000.6 268.1  58.7 1.390479 1.506942 0.613229 hargrave 2019-09-15 09:42:05 
AF  80 312.2  38.8 312.2  38.8 1.84E-03 000.6 268.1  58.6 1.312683 1.399047 0.572143 hargrave 2019-09-15 09:43:25 
AF  90 312.5  38.5 312.5  38.5 1.71E-03 000.6 268.7  58.7 1.187563 1.277960 0.533388 hargrave 2019-09-15 09:44:44 
AF 100 312.7  38.4 312.7  38.4 1.58E-03 000.6 269.1  58.8 1.092105 1.212307 0.481127 hargrave 2019-09-15 09:46:04 
AF 120 312.9  38.0 312.9  38.0 1.39E-03 000.6 269.9  58.7 0.967719 1.007797 0.431311 hargrave 2019-09-15 09:47:23 
AF 140 312.7  38.1 312.7  38.1 1.21E-03 000.6 269.6  58.6 0.811920 0.882623 0.375283 hargrave 2019-09-15 09:48:43 
AF 160 313.2  37.4 313.2  37.4 1.06E-03 000.6 271.1  58.6 0.708478 0.780042 0.333639 hargrave 2019-09-15 09:50:03 
AF 180 314.0  37.7 314.0  37.7 9.54E-04 000.6 271.2  59.4 0.606815 0.678101 0.294403 hargrave 2019-09-15 09:51:22 
AF 200 314.0  37.1 314.0  37.1 8.70E-04 000.6 272.1  59.1 0.575242 0.614542 0.269842 hargrave 2019-09-15 09:52:44 
AF 250 314.0  36.8 314.0  36.8 7.32E-04 000.6 272.6  58.9 0.472694 0.524972 0.231163 hargrave 2019-09-15 09:54:04 
AF 300 315.0  36.0 315.0  36.0 6.35E-04 000.6 274.8  59.2 0.428345 0.462164 0.192395 hargrave 2019-09-15 09:55:24 
AF 350 315.8  36.8 315.8  36.8 5.40E-04 000.6 274.1  60.2 0.336456 0.396982 0.162260 hargrave 2019-09-15 09:56:44 
AF 400 315.3  37.6 315.3  37.6 4.95E-04 000.6 272.4  60.2 0.329810 0.344152 0.147338 hargrave 2019-09-15 09:58:04 
AF 450 317.8  36.9 317.8  36.9 4.36E-04 000.6 275.6  61.6 0.283154 0.328731 0.130346 hargrave 2019-09-15 09:59:26 
AF 500 320.1  35.7 320.1  35.7 3.92E-04 000.6 279.9  62.5 0.303021 0.310347 0.116411 hargrave 2019-09-15 10:00:46 
AF 550 322.4  36.8 322.4  36.8 3.54E-04 000.6 280.0  64.7 0.207648 0.293683 0.103136 hargrave 2019-09-15 10:02:07 
AF 600 318.6  35.2 318.6  35.2 3.20E-04 000.6 279.5  61.3 0.207870 0.263682 0.095974 hargrave 2019-09-15 10:03:27 
AF 650 319.7  36.5 319.7  36.5 2.83E-04 000.6 278.1  62.7 0.179101 0.233921 0.081284 hargrave 2019-09-15 10:04:48 
AF 700 323.2  36.0 323.2  36.0 2.94E-04 000.6 282.3  64.8 0.170998 0.245868 0.082302 hargrave 2019-09-15 10:06:08 
AF 750 321.4  35.0 321.4  35.0 2.58E-04 000.7 282.4  63.0 0.190039 0.228950 0.075963 hargrave 2019-09-15 10:07:28 
AF 800 327.6  32.6 327.6  32.6 2.40E-04 000.7 294.1  65.7 0.167742 0.210861 0.072106 hargrave 2019-09-15 10:08:48 
AF 850 320.9  34.7 320.9  34.7 2.13E-04 000.7 282.4  62.6 0.147237 0.194679 0.063253 hargrave 2019-09-15 10:10:08 
AF 900 327.8  34.4 327.8  34.4 1.93E-04 000.7 290.8  67.0 0.141532 0.184351 0.055196 hargrave 2019-09-15 10:11:29 
AF 950 323.7  36.6 323.7  36.6 1.97E-04 000.6 281.6  65.5 0.105202 0.192832 0.057008 hargrave 2019-09-15 10:12:50 
AF1000 328.0  35.1 328.0  35.1 1.92E-04 000.7 289.7  67.6 0.134587 0.183231 0.057145 hargrave 2019-09-15 10:14:10 
AF1050 331.2  33.2 331.2  33.2 1.71E-04 000.7 298.2  68.3 0.097055 0.181018 0.048412 hargrave 2019-09-15 10:15:31 
AF1100 330.7  33.2 330.7  33.2 1.58E-04 000.7 297.4  68.0 0.099683 0.166209 0.040273 hargrave 2019-09-15 10:16:52 
AF1150 331.0  35.5 331.0  35.5 1.59E-04 000.7 293.0  69.7 0.109880 0.155836 0.040589 hargrave 2019-09-15 10:18:13 
AF1200 330.1  35.2 330.1  35.2 1.58E-04 000.7 292.3  69.0 0.087646 0.157805 0.042885 hargrave 2019-09-15 10:19:34 
AF1250 327.6  26.7 327.6  26.7 1.50E-04 000.6 303.5  61.5 0.059658 0.147127 0.051856 hargrave 2019-09-15 10:20:56 
AF1300 330.4  35.0 330.4  35.0 1.32E-04 000.7 293.2  69.1 0.097153 0.144273 0.033075 hargrave 2019-09-15 10:22:19 
