BD4- 3a mag compass orientation (IGRF corrected)
      0  66.1  41.0   0.0   0.0   1.0
NRM    313.1  43.4 313.1  43.4 3.69E-03 000.6 280.6  73.2 2.759497 2.702128 0.501996 hargrave 2019-09-15 10:23:52 
AF  10 312.8  43.0 312.8  43.0 3.65E-03 000.6 281.5  72.9 2.636873 2.667414 0.515653 hargrave 2019-09-15 10:25:12 
AF  20 312.4  42.4 312.4  42.4 3.57E-03 000.6 282.9  72.2 2.572779 2.536512 0.528361 hargrave 2019-09-15 10:26:32 
AF  30 311.9  41.7 311.9  41.7 3.48E-03 000.6 284.2  71.6 2.522893 2.460028 0.531343 hargrave 2019-09-15 10:27:52 
AF  40 311.5  41.0 311.5  41.0 3.36E-03 000.6 285.5  71.0 2.420038 2.326566 0.532488 hargrave 2019-09-15 10:29:12 
AF  50 311.1  40.4 311.1  40.4 3.21E-03 000.6 286.6  70.4 2.276978 2.187330 0.525858 hargrave 2019-09-15 10:30:31 
AF  60 311.1  40.0 311.1  40.0 3.04E-03 000.6 287.6  70.1 2.164901 2.069517 0.509258 hargrave 2019-09-15 10:31:51 
AF  70 310.9  39.6 310.9  39.6 2.83E-03 000.6 288.2  69.8 2.044058 1.900756 0.485025 hargrave 2019-09-15 10:33:11 
AF  80 310.8  39.2 310.8  39.2 2.61E-03 000.6 288.9  69.5 1.851527 1.735369 0.454325 hargrave 2019-09-15 10:34:31 
AF  90 310.7  38.9 310.7  38.9 2.39E-03 000.6 289.5  69.3 1.692397 1.590838 0.421601 hargrave 2019-09-15 10:35:51 
AF 100 310.5  38.8 310.5  38.8 2.18E-03 000.6 289.5  69.1 1.543457 1.452462 0.388009 hargrave 2019-09-15 10:37:11 
AF 120 310.5  38.4 310.5  38.4 1.85E-03 000.5 290.3  68.8 1.292563 1.210374 0.336288 hargrave 2019-09-15 10:38:31 
AF 140 311.1  38.1 311.1  38.1 1.55E-03 000.5 291.8  69.0 1.040481 0.991560 0.287791 hargrave 2019-09-15 10:39:51 
AF 160 311.4  37.6 311.4  37.6 1.34E-03 000.5 293.4  68.9 0.910140 0.860973 0.255782 hargrave 2019-09-15 10:41:11 
AF 180 311.9  37.4 311.9  37.4 1.17E-03 000.5 294.6  69.0 0.765023 0.773778 0.225470 hargrave 2019-09-15 10:42:31 
AF 200 311.6  36.9 311.6  36.9 1.03E-03 000.6 295.2  68.5 0.717871 0.683108 0.203392 hargrave 2019-09-15 10:43:51 
AF 250 313.0  35.5 313.0  35.5 8.03E-04 000.6 300.1  68.4 0.545191 0.559302 0.172465 hargrave 2019-09-15 10:45:11 
AF 300 313.7  36.9 313.7  36.9 6.69E-04 000.6 298.5  69.7 0.480982 0.471115 0.134409 hargrave 2019-09-15 10:47:20 
AF 350 313.6  34.9 313.6  34.9 5.49E-04 000.6 302.0  68.3 0.367435 0.383005 0.123221 hargrave 2019-09-15 10:48:39 
AF 400 316.8  35.0 316.8  35.0 4.46E-04 000.6 307.4  70.1 0.307518 0.332023 0.097835 hargrave 2019-09-15 10:49:59 
AF 450 316.5  36.1 316.5  36.1 4.01E-04 000.7 304.9  70.7 0.322779 0.326121 0.083053 hargrave 2019-09-15 10:51:19 
AF 500 317.7  35.6 317.7  35.6 3.34E-04 000.6 308.1  71.0 0.247934 0.266860 0.068189 hargrave 2019-09-15 10:52:40 
AF 550 317.5  35.0 317.5  35.0 3.00E-04 000.6 308.8  70.4 0.178920 0.242344 0.065203 hargrave 2019-09-15 10:54:00 
AF 600 316.5  35.5 316.5  35.5 2.82E-04 000.6 305.8  70.3 0.173472 0.207143 0.061019 hargrave 2019-09-15 10:55:19 
AF 650 321.0  33.5 321.0  33.5 2.50E-04 000.6 318.6  70.8 0.180825 0.184751 0.054171 hargrave 2019-09-15 10:56:39 
AF 700 327.2  36.3 327.2  36.3 2.07E-04 000.6 329.7  75.7 0.160483 0.158323 0.032178 hargrave 2019-09-15 10:57:59 
AF 750 330.9  34.6 330.9  34.6 2.12E-04 000.7 343.2  75.1 0.186932 0.186608 0.039934 hargrave 2019-09-15 10:59:19 
AF 800 332.2  37.5 332.2  37.5 1.93E-04 000.6 344.7  78.1 0.110801 0.159029 0.025751 hargrave 2019-09-15 11:00:38 
AF 850 329.0  39.5 329.0  39.5 1.66E-04 000.8 329.5  79.2 0.156798 0.164014 0.022148 hargrave 2019-09-15 11:01:59 
AF 900 338.9  34.9 338.9  34.9 1.72E-04 000.7 009.4  75.7 0.139906 0.146255 0.027865 hargrave 2019-09-15 11:03:19 
AF 950 329.5  37.6 329.5  37.6 1.48E-04 000.5 334.8  77.7 0.078354 0.115312 0.021334 hargrave 2019-09-15 11:04:39 
AF1000 333.6  22.2 333.6  22.2 1.52E-04 000.6 354.8  63.1 0.105268 0.113239 0.036212 hargrave 2019-09-15 11:06:00 
AF1050 333.2  31.7 333.2  31.7 1.39E-04 000.4 351.7  72.6 0.055495 0.082037 0.025771 hargrave 2019-09-15 11:07:21 
AF1100 333.4  33.2 333.4  33.2 1.32E-04 000.4 351.9  74.0 0.080892 0.049094 0.029435 hargrave 2019-09-15 11:08:42 
AF1150 332.1  32.4 332.1  32.4 1.25E-04 000.4 348.2  73.1 0.053011 0.056679 0.021179 hargrave 2019-09-15 11:10:03 
AF1200 331.6  33.3 331.6  33.3 1.18E-04 000.4 346.2  73.9 0.055701 0.068098 0.016971 hargrave 2019-09-15 11:11:24 
AF1250 331.3  33.9 331.3  33.9 9.75E-05 000.5 345.1  74.5 0.034392 0.070494 0.015480 hargrave 2019-09-15 11:12:46 
AF1300 334.5  30.1 334.5  30.1 1.37E-04 000.4 355.8  71.1 0.058916 0.075195 0.030933 hargrave 2019-09-15 11:14:09 
