BD4- 7a sun compass orientation
      0  53.1  80.0   0.0   0.0   1.0
NRM    236.1  40.9 236.1  40.9 1.24E-03 000.4 229.8  08.8 0.324924 0.615912 0.549520 hargrave 2019-09-15 13:53:19 
AF  10 243.1  41.8 243.1  41.8 1.32E-03 000.4 229.2  14.1 0.429519 0.730481 0.568918 hargrave 2019-09-15 13:54:39 
AF  20 259.2  43.4 259.2  43.4 1.54E-03 000.5 226.5  25.7 0.670826 0.984990 0.657700 hargrave 2019-09-15 13:56:00 
AF  30 273.0  43.5 273.0  43.5 1.81E-03 000.5 223.0  35.3 0.947677 1.292633 0.755216 hargrave 2019-09-15 13:57:20 
AF  40 281.9  42.8 281.9  42.8 2.03E-03 000.6 220.2  41.4 1.174742 1.524911 0.812040 hargrave 2019-09-15 13:58:40 
AF  50 285.1  42.3 285.1  42.3 2.10E-03 000.6 219.0  43.7 1.253500 1.564280 0.804567 hargrave 2019-09-15 14:00:00 
AF  60 286.8  42.2 286.8  42.2 2.06E-03 000.6 218.2  44.8 1.239137 1.537039 0.784911 hargrave 2019-09-15 14:01:21 
AF  70 287.7  41.9 287.7  41.9 1.98E-03 000.6 217.9  45.5 1.180724 1.490285 0.756877 hargrave 2019-09-15 14:02:41 
AF  80 288.3  41.7 288.3  41.7 1.86E-03 000.6 217.8  46.0 1.124890 1.377598 0.693608 hargrave 2019-09-15 14:04:01 
AF  90 288.3  41.8 288.3  41.8 1.70E-03 000.6 217.7  45.9 1.023244 1.302347 0.642093 hargrave 2019-09-15 14:05:21 
AF 100 288.5  41.6 288.5  41.6 1.56E-03 000.6 217.9  46.2 0.947931 1.192617 0.592248 hargrave 2019-09-15 14:06:41 
AF 120 288.8  41.6 288.8  41.6 1.32E-03 000.6 217.6  46.4 0.785555 0.990252 0.495193 hargrave 2019-09-15 14:08:01 
AF 140 289.7  41.7 289.7  41.7 1.09E-03 000.6 216.9  46.8 0.661354 0.829997 0.407909 hargrave 2019-09-15 14:09:22 
AF 160 288.8  41.8 288.8  41.8 9.05E-04 000.6 217.4  46.3 0.570106 0.712250 0.322490 hargrave 2019-09-15 14:10:42 
AF 180 289.7  41.2 289.7  41.2 7.68E-04 000.6 217.5  47.2 0.465909 0.612543 0.283824 hargrave 2019-09-15 14:12:02 
AF 200 289.0  42.0 289.0  42.0 6.53E-04 000.6 217.1  46.2 0.405235 0.528242 0.227764 hargrave 2019-09-15 14:13:21 
AF 250 290.8  41.3 290.8  41.3 4.94E-04 000.6 216.7  47.7 0.308286 0.396095 0.182422 hargrave 2019-09-15 14:14:42 
AF 300 294.5  40.2 294.5  40.2 3.86E-04 000.6 215.2  50.5 0.248254 0.321027 0.130754 hargrave 2019-09-15 14:16:01 
AF 350 296.1  43.7 296.1  43.7 2.98E-04 000.5 210.0  49.0 0.174476 0.210355 0.103039 hargrave 2019-09-15 14:17:21 
AF 400 293.9  40.7 293.9  40.7 2.49E-04 000.6 215.0  49.9 0.171530 0.215910 0.090588 hargrave 2019-09-15 14:18:41 
AF 450 296.3  38.9 296.3  38.9 2.01E-04 000.6 215.2  52.5 0.156484 0.144871 0.064811 hargrave 2019-09-15 14:20:00 
AF 500 294.8  46.4 294.8  46.4 1.69E-04 000.6 208.3  46.4 0.119025 0.121038 0.058336 hargrave 2019-09-15 14:21:20 
AF 550 299.0  42.2 299.0  42.2 1.62E-04 000.6 209.1  51.5 0.113518 0.132731 0.058814 hargrave 2019-09-15 14:22:41 
AF 600 293.0  42.8 293.0  42.8 1.37E-04 000.6 213.3  48.0 0.121964 0.095855 0.047732 hargrave 2019-09-15 14:24:01 
AF 650 290.2  37.4 290.2  37.4 1.23E-04 000.6 221.8  49.7 0.106427 0.088121 0.050392 hargrave 2019-09-15 14:25:21 
AF 700 287.2  49.0 287.2  49.0 1.11E-04 000.6 210.6  40.8 0.089689 0.105553 0.033537 hargrave 2019-09-15 14:26:40 
AF 750 297.2  37.7 297.2  37.7 9.87E-05 000.8 215.8  53.8 0.107557 0.111962 0.030341 hargrave 2019-09-15 14:28:00 
AF 800 288.5  46.6 288.5  46.6 1.06E-04 000.7 212.3  43.1 0.094105 0.096856 0.045333 hargrave 2019-09-15 14:29:20 
AF 850 287.7  49.8 287.7  49.8 8.55E-05 000.7 209.5  40.6 0.094045 0.068431 0.040078 hargrave 2019-09-15 14:30:40 
AF 900 303.9  55.0 303.9  55.0 7.48E-05 000.7 194.8  42.5 0.110903 0.042804 0.027824 hargrave 2019-09-15 14:32:00 
AF 950 296.5  52.8 296.5  52.8 7.90E-05 000.7 201.4  42.1 0.082693 0.045478 0.033535 hargrave 2019-09-15 14:33:20 
AF1000 300.0  38.2 300.0  38.2 7.67E-05 000.8 212.5  55.1 0.095609 0.052184 0.029728 hargrave 2019-09-15 14:34:41 
AF1050 278.2  40.1 278.2  40.1 7.54E-05 000.8 225.0  40.2 0.056809 0.099359 0.030973 hargrave 2019-09-15 14:36:02 
AF1100 292.9  45.1 292.9  45.1 5.57E-05 000.9 210.9  46.3 0.085351 0.035475 0.025254 hargrave 2019-09-15 14:37:22 
AF1150 328.7  43.6 328.7  43.6 7.73E-05 000.9 172.7  56.1 0.094676 0.078234 0.022016 hargrave 2019-09-15 14:38:43 
AF1200 299.4  49.6 299.4  49.6 7.42E-05 000.8 201.9  45.7 0.083098 0.082921 0.023403 hargrave 2019-09-15 14:40:05 
AF1250 318.9  39.6 318.9  39.6 4.96E-05 001.4 186.6  60.2 0.104148 0.068671 0.019074 hargrave 2019-09-15 14:41:27 
AF1300 288.5  50.0 288.5  50.0 6.36E-05 000.8 208.8  40.8 0.077022 0.067531 0.030095 hargrave 2019-09-15 14:42:49 
