BD4- 8a sun compass orientation
      0  55.7  74.0   0.0   0.0   1.0
NRM    305.6  83.0 305.6  83.0 7.47E-04 000.5 182.6  22.5 0.206640 0.480294 0.288297 hargrave 2019-09-15 14:46:27 
AF  10 315.6  79.2 315.6  79.2 8.08E-04 000.4 182.1  26.6 0.232974 0.454603 0.310912 hargrave 2019-09-15 14:47:47 
AF  20 326.0  70.3 326.0  70.3 9.58E-04 000.5 179.9  35.7 0.373372 0.615929 0.330029 hargrave 2019-09-15 14:49:08 
AF  30 329.7  63.3 329.7  63.3 1.11E-03 000.5 177.6  42.6 0.531467 0.751219 0.315696 hargrave 2019-09-15 14:50:27 
AF  40 331.4  58.6 331.4  58.6 1.24E-03 000.5 175.6  47.2 0.637229 0.865939 0.314052 hargrave 2019-09-15 14:51:47 
AF  50 331.8  57.0 331.8  57.0 1.29E-03 000.5 174.9  48.7 0.682010 0.909202 0.305125 hargrave 2019-09-15 14:53:07 
AF  60 331.3  56.0 331.3  56.0 1.28E-03 000.5 175.1  49.7 0.687863 0.926522 0.305802 hargrave 2019-09-15 14:54:26 
AF  70 331.4  56.2 331.4  56.2 1.23E-03 000.5 175.1  49.6 0.665422 0.863050 0.283275 hargrave 2019-09-15 14:55:46 
AF  80 330.7  55.5 330.7  55.5 1.19E-03 000.5 175.6  50.3 0.657481 0.889529 0.268348 hargrave 2019-09-15 14:57:06 
AF  90 330.4  55.2 330.4  55.2 1.13E-03 000.5 175.8  50.6 0.598704 0.806961 0.250804 hargrave 2019-09-15 14:58:26 
AF 100 330.3  54.7 330.3  54.7 1.06E-03 000.5 175.8  51.1 0.569278 0.753264 0.232433 hargrave 2019-09-15 14:59:46 
AF 120 329.6  54.2 329.6  54.2 9.33E-04 000.5 176.4  51.7 0.497580 0.686111 0.196377 hargrave 2019-09-15 15:02:46 
AF 140 329.9  53.8 329.9  53.8 8.15E-04 000.5 176.0  52.0 0.436971 0.577941 0.167918 hargrave 2019-09-15 15:04:06 
AF 160 330.2  54.3 330.2  54.3 7.08E-04 000.5 175.8  51.5 0.354306 0.497816 0.149182 hargrave 2019-09-15 15:05:26 
AF 180 330.3  53.2 330.3  53.2 6.38E-04 000.5 175.5  52.6 0.333666 0.448152 0.127089 hargrave 2019-09-15 15:06:47 
AF 200 330.6  52.4 330.6  52.4 5.86E-04 000.5 175.0  53.4 0.290393 0.420571 0.109372 hargrave 2019-09-15 15:08:07 
AF 250 328.4  52.1 328.4  52.1 4.74E-04 000.5 177.2  53.9 0.211791 0.348621 0.092813 hargrave 2019-09-15 15:09:28 
AF 300 329.5  53.3 329.5  53.3 3.90E-04 000.5 176.3  52.6 0.152193 0.275816 0.079341 hargrave 2019-09-15 15:10:48 
AF 350 330.5  54.4 330.5  54.4 3.41E-04 000.5 175.6  51.4 0.132645 0.233670 0.068604 hargrave 2019-09-15 15:12:09 
AF 400 326.7  55.5 326.7  55.5 3.01E-04 000.4 179.1  50.5 0.144198 0.161568 0.068332 hargrave 2019-09-15 15:13:30 
AF 450 329.6  57.7 329.6  57.7 2.69E-04 000.6 176.9  48.2 0.159673 0.210893 0.060960 hargrave 2019-09-15 15:14:51 
AF 500 330.3  57.0 330.3  57.0 2.36E-04 000.6 176.2  48.8 0.138015 0.191426 0.052351 hargrave 2019-09-15 15:16:12 
AF 550 335.1  59.4 335.1  59.4 2.33E-04 000.5 173.1  46.0 0.123761 0.171263 0.056820 hargrave 2019-09-15 15:17:32 
AF 600 331.8  57.2 331.8  57.2 1.92E-04 000.4 175.0  48.5 0.068455 0.099283 0.037920 hargrave 2019-09-15 15:18:52 
AF 650 327.7  62.4 327.7  62.4 1.72E-04 000.5 178.7  43.6 0.110398 0.098319 0.043814 hargrave 2019-09-15 15:20:13 
AF 700 327.1  58.0 327.1  58.0 1.68E-04 000.6 178.9  48.0 0.107524 0.142205 0.041777 hargrave 2019-09-15 15:21:33 
AF 750 326.6  60.7 326.6  60.7 1.53E-04 000.6 179.4  45.3 0.105226 0.132031 0.041620 hargrave 2019-09-15 15:22:54 
AF 800 337.0  61.4 337.0  61.4 1.34E-04 000.7 172.5  43.9 0.094730 0.125789 0.033474 hargrave 2019-09-15 15:24:14 
AF 850 342.8  55.8 342.8  55.8 1.35E-04 000.5 165.6  48.1 0.080939 0.087786 0.026775 hargrave 2019-09-15 15:25:35 
AF 900 346.8  59.8 346.8  59.8 1.28E-04 000.4 165.6  43.6 0.049333 0.073781 0.035459 hargrave 2019-09-15 15:26:57 
AF 950 347.5  63.0 347.5  63.0 1.08E-04 000.3 167.2  40.5 0.054636 0.059291 0.030218 hargrave 2019-09-15 15:28:18 
AF1000 325.3  53.2 325.3  53.2 1.10E-04 000.5 180.4  52.8 0.073368 0.075302 0.020569 hargrave 2019-09-15 15:29:39 
AF1050 339.2  57.9 339.2  57.9 1.11E-04 000.5 169.5  46.9 0.086840 0.073100 0.026826 hargrave 2019-09-15 15:31:00 
AF1100 341.8  53.6 341.8  53.6 1.03E-04 000.6 165.1  50.3 0.070620 0.092534 0.018793 hargrave 2019-09-15 15:32:21 
AF1150 320.1  57.1 320.1  57.1 8.31E-05 000.5 184.6  48.6 0.072698 0.051247 0.021200 hargrave 2019-09-15 15:33:43 
AF1200 343.6  52.3 343.6  52.3 8.69E-05 000.6 162.6  51.1 0.081218 0.040079 0.017350 hargrave 2019-09-15 15:35:05 
AF1250 343.0  61.1 343.0  61.1 7.80E-05 000.3 168.6  43.2 0.036524 0.037736 0.016485 hargrave 2019-09-15 15:36:28 
AF1300 340.7  58.2 340.7  58.2 8.77E-05 000.6 168.6  46.4 0.068868 0.060532 0.021749 hargrave 2019-09-15 15:37:51 
