BD4- 5a sun compass orientation
      0  48.3  67.0   0.0   0.0   1.0
NRM    241.4  17.9 241.4  17.9 5.81E-04 000.4 257.9  18.6 0.281112 0.309618 0.222943 hargrave 2019-09-15 12:09:51 
AF  10 242.0  25.6 242.0  25.6 6.78E-04 000.5 250.3  21.5 0.352690 0.375121 0.263247 hargrave 2019-09-15 12:11:12 
AF  20 257.3  34.2 257.3  34.2 8.58E-04 000.5 243.5  36.0 0.479263 0.604725 0.293320 hargrave 2019-09-15 12:12:31 
AF  30 271.3  37.4 271.3  37.4 1.05E-03 000.6 239.1  47.4 0.633156 0.813951 0.301655 hargrave 2019-09-15 12:13:51 
AF  40 280.1  38.3 280.1  38.3 1.19E-03 000.6 235.9  54.1 0.773799 0.940707 0.302117 hargrave 2019-09-15 12:15:11 
AF  50 283.4  38.2 283.4  38.2 1.24E-03 000.6 234.8  56.6 0.822975 0.987400 0.294680 hargrave 2019-09-15 12:16:31 
AF  60 285.0  38.1 285.0  38.1 1.23E-03 000.6 234.3  57.8 0.834813 0.975770 0.284753 hargrave 2019-09-15 12:17:50 
AF  70 285.8  38.1 285.8  38.1 1.19E-03 000.6 233.8  58.5 0.798234 0.949641 0.269756 hargrave 2019-09-15 12:19:10 
AF  80 286.2  38.1 286.2  38.1 1.12E-03 000.6 233.6  58.7 0.747035 0.907859 0.252649 hargrave 2019-09-15 12:20:30 
AF  90 286.8  38.1 286.8  38.1 1.04E-03 000.6 233.3  59.2 0.708798 0.831488 0.228865 hargrave 2019-09-15 12:21:50 
AF 100 286.3  37.9 286.3  37.9 9.75E-04 000.6 233.9  58.9 0.664308 0.788282 0.212847 hargrave 2019-09-15 12:23:10 
AF 120 285.8  37.2 285.8  37.2 8.47E-04 000.6 235.5  58.7 0.577314 0.680991 0.183923 hargrave 2019-09-15 12:24:30 
AF 140 284.9  37.0 284.9  37.0 7.24E-04 000.6 236.3  58.1 0.470295 0.561137 0.161382 hargrave 2019-09-15 12:25:50 
AF 160 284.9  36.3 284.9  36.3 6.28E-04 000.6 237.6  58.3 0.407912 0.484361 0.140796 hargrave 2019-09-15 12:27:10 
AF 180 283.6  37.1 283.6  37.1 5.66E-04 000.6 236.6  57.1 0.354675 0.413990 0.132596 hargrave 2019-09-15 12:28:30 
AF 200 284.3  38.5 284.3  38.5 5.02E-04 000.6 233.9  57.2 0.313131 0.390810 0.116012 hargrave 2019-09-15 12:29:49 
AF 250 285.0  36.2 285.0  36.2 4.08E-04 000.6 237.7  58.4 0.255980 0.333881 0.091062 hargrave 2019-09-15 12:31:09 
AF 300 286.7  36.3 286.7  36.3 3.42E-04 000.6 236.7  59.7 0.201518 0.282417 0.074076 hargrave 2019-09-15 12:32:29 
AF 350 286.7  34.9 286.7  34.9 2.85E-04 000.6 239.4  60.1 0.177136 0.224408 0.052983 hargrave 2019-09-15 12:33:48 
AF 400 283.9  33.4 283.9  33.4 2.50E-04 000.5 243.2  58.1 0.148488 0.175004 0.049675 hargrave 2019-09-15 12:35:08 
AF 450 282.4  35.0 282.4  35.0 2.09E-04 000.5 240.7  56.6 0.113100 0.134991 0.039829 hargrave 2019-09-15 12:36:28 
AF 500 287.9  38.4 287.9  38.4 1.93E-04 000.6 232.3  59.9 0.124330 0.140063 0.032720 hargrave 2019-09-15 12:37:48 
AF 550 278.2  35.8 278.2  35.8 1.93E-04 000.5 240.5  53.1 0.112047 0.118131 0.044460 hargrave 2019-09-15 12:39:07 
AF 600 279.3  36.4 279.3  36.4 1.63E-04 000.6 239.2  53.8 0.098553 0.131977 0.034916 hargrave 2019-09-15 12:40:27 
AF 650 284.0  38.3 284.0  38.3 1.48E-04 000.6 234.3  57.0 0.066885 0.159561 0.025951 hargrave 2019-09-15 12:41:47 
AF 700 282.7  34.5 282.7  34.5 1.36E-04 000.6 241.5  56.9 0.084835 0.101401 0.024650 hargrave 2019-09-15 12:43:06 
AF 750 280.3  45.1 280.3  45.1 1.45E-04 000.7 225.1  52.1 0.123728 0.121060 0.030365 hargrave 2019-09-15 12:44:26 
AF 800 276.5  28.5 276.5  28.5 1.15E-04 000.6 252.6  52.1 0.067005 0.113064 0.025623 hargrave 2019-09-15 12:45:46 
AF 850 282.4  34.8 282.4  34.8 1.08E-04 000.7 241.2  56.6 0.051692 0.126542 0.017897 hargrave 2019-09-15 12:47:06 
AF 900 283.9  31.0 283.9  31.0 1.16E-04 000.7 247.8  58.4 0.087607 0.112620 0.018130 hargrave 2019-09-15 12:48:26 
AF 950 276.4  28.3 276.4  28.3 1.09E-04 000.6 253.0  52.1 0.067203 0.101819 0.024275 hargrave 2019-09-15 12:49:47 
AF1000 285.8  34.1 285.8  34.1 1.03E-04 000.6 241.4  59.5 0.055850 0.095480 0.015375 hargrave 2019-09-15 12:51:08 
AF1050 270.5  39.7 270.5  39.7 8.73E-05 000.6 235.9  46.5 0.041668 0.085679 0.020435 hargrave 2019-09-15 12:52:28 
AF1100 272.4  46.6 272.4  46.6 9.28E-05 000.6 225.7  46.4 0.074231 0.080453 0.023954 hargrave 2019-09-15 12:53:49 
AF1150 266.4  28.1 266.4  28.1 8.15E-05 000.7 252.3  43.2 0.032292 0.116349 0.022682 hargrave 2019-09-15 12:55:10 
AF1200 279.9  33.5 279.9  33.5 9.00E-05 000.6 244.0  54.8 0.042724 0.086858 0.024679 hargrave 2019-09-15 12:56:31 
AF1250 280.7  41.6 280.7  41.6 6.36E-05 000.9 230.1  53.6 0.056569 0.101668 0.010389 hargrave 2019-09-15 12:57:53 
AF1300 276.5  35.5 276.5  35.5 7.32E-05 000.8 241.3  51.7 0.080182 0.077520 0.012998 hargrave 2019-09-15 12:59:15 
