BD4- 6a sun compass orientation
      0  50.9  86.0   0.0   0.0   1.0
NRM    233.8  29.8 233.8  29.8 1.36E-03 000.3 240.4  04.5 0.448428 0.392721 0.606105 hargrave 2019-09-15 13:00:44 
AF  10 239.8  31.7 239.8  31.7 1.44E-03 000.4 238.5  09.7 0.480790 0.478338 0.651037 hargrave 2019-09-15 13:02:03 
AF  20 254.2  36.1 254.2  36.1 1.66E-03 000.4 232.7  21.1 0.587265 0.784252 0.706719 hargrave 2019-09-15 13:03:24 
AF  30 267.5  38.8 267.5  38.8 1.94E-03 000.5 226.6  30.5 0.826697 1.105925 0.760831 hargrave 2019-09-15 13:04:44 
AF  40 277.2  39.9 277.2  39.9 2.20E-03 000.5 221.4  36.7 1.034737 1.442447 0.800028 hargrave 2019-09-15 13:06:04 
AF  50 281.0  40.4 281.0  40.4 2.29E-03 000.5 218.9  38.9 1.115306 1.507156 0.806757 hargrave 2019-09-15 13:07:23 
AF  60 282.8  40.6 282.8  40.6 2.26E-03 000.5 217.7  39.9 1.112350 1.545270 0.783349 hargrave 2019-09-15 13:08:43 
AF  70 283.6  40.6 283.6  40.6 2.18E-03 000.5 217.2  40.4 1.099567 1.506677 0.748996 hargrave 2019-09-15 13:10:03 
AF  80 283.9  41.0 283.9  41.0 2.05E-03 000.5 216.6  40.3 1.004816 1.379865 0.697578 hargrave 2019-09-15 13:11:22 
AF  90 283.9  41.0 283.9  41.0 1.89E-03 000.5 216.5  40.3 0.916323 1.277936 0.637605 hargrave 2019-09-15 13:12:42 
AF 100 284.0  41.3 284.0  41.3 1.73E-03 000.5 216.2  40.2 0.847497 1.179450 0.580672 hargrave 2019-09-15 13:14:02 
AF 120 283.6  41.4 283.6  41.4 1.46E-03 000.5 216.3  39.9 0.727700 1.020518 0.500532 hargrave 2019-09-15 13:15:22 
AF 140 282.9  41.9 282.9  41.9 1.20E-03 000.5 216.2  39.2 0.576917 0.816114 0.412228 hargrave 2019-09-15 13:16:43 
AF 160 282.1  42.8 282.1  42.8 1.00E-03 000.5 215.8  38.1 0.480006 0.684437 0.350366 hargrave 2019-09-15 13:18:52 
AF 180 282.1  43.2 282.1  43.2 8.37E-04 000.5 215.4  37.9 0.415001 0.581848 0.293775 hargrave 2019-09-15 13:20:12 
AF 200 281.9  43.2 281.9  43.2 7.15E-04 000.5 215.5  37.8 0.330569 0.507127 0.234584 hargrave 2019-09-15 13:21:31 
AF 250 280.4  43.4 280.4  43.4 5.23E-04 000.5 216.1  36.7 0.258108 0.377113 0.187263 hargrave 2019-09-15 13:22:51 
AF 300 280.7  43.5 280.7  43.5 3.82E-04 000.5 215.8  36.9 0.185476 0.273037 0.134900 hargrave 2019-09-15 13:24:11 
AF 350 280.6  45.9 280.6  45.9 3.07E-04 000.5 213.5  35.4 0.128716 0.224034 0.114058 hargrave 2019-09-15 13:25:31 
AF 400 278.2  43.2 278.2  43.2 2.57E-04 000.5 217.4  35.6 0.111366 0.172593 0.099940 hargrave 2019-09-15 13:26:50 
AF 450 278.9  46.7 278.9  46.7 2.04E-04 000.5 213.6  34.0 0.097077 0.143992 0.082232 hargrave 2019-09-15 13:28:10 
AF 500 277.6  50.4 277.6  50.4 1.82E-04 000.5 210.7  31.1 0.092195 0.132826 0.074529 hargrave 2019-09-15 13:29:31 
AF 550 269.5  50.1 269.5  50.1 1.37E-04 000.5 214.2  26.9 0.078220 0.071062 0.063113 hargrave 2019-09-15 13:30:51 
AF 600 286.9  54.9 286.9  54.9 1.34E-04 000.5 202.3  32.2 0.088378 0.070467 0.048056 hargrave 2019-09-15 13:32:10 
AF 650 279.3  62.3 279.3  62.3 1.07E-04 000.5 199.8  24.2 0.114864 0.082889 0.040924 hargrave 2019-09-15 13:33:30 
AF 700 279.8  43.8 279.8  43.8 9.49E-05 000.6 216.0  36.2 0.085876 0.091501 0.028699 hargrave 2019-09-15 13:34:50 
AF 750 278.2  49.6 278.2  49.6 1.10E-04 000.5 211.2  31.9 0.078136 0.061057 0.044162 hargrave 2019-09-15 13:36:10 
AF 800 286.3  51.7 286.3  51.7 8.77E-05 000.8 205.2  34.3 0.103554 0.096986 0.035656 hargrave 2019-09-15 13:37:29 
AF 850 279.3  59.2 279.3  59.2 8.52E-05 000.7 202.3  26.2 0.095689 0.095910 0.040726 hargrave 2019-09-15 13:38:49 
AF 900 262.4  60.7 262.4  60.7 7.42E-05 000.6 206.1  18.5 0.096521 0.067707 0.041529 hargrave 2019-09-15 13:40:10 
AF 950 298.8  51.3 298.8  51.3 7.98E-05 000.7 197.7  39.2 0.085572 0.051757 0.033247 hargrave 2019-09-15 13:41:30 
AF1000 277.7  56.4 277.7  56.4 7.54E-05 000.7 205.3  27.5 0.081446 0.073185 0.029755 hargrave 2019-09-15 13:42:50 
AF1050 279.3  42.8 279.3  42.8 6.03E-05 000.9 217.3  36.4 0.077146 0.062507 0.019700 hargrave 2019-09-15 13:44:11 
AF1100 265.2  57.1 265.2  57.1 5.83E-05 000.6 208.8  21.4 0.089476 0.070933 0.019904 hargrave 2019-09-15 13:45:32 
AF1150 222.5  53.1 222.5  53.1 5.23E-05 000.4 216.4 -01.8 0.089658 0.040183 0.026645 hargrave 2019-09-15 13:46:53 
AF1200 211.7  73.3 211.7  73.3 3.51E-05 000.8 195.8 -01.6 0.096240 0.046434 0.012273 hargrave 2019-09-15 13:48:14 
AF1250 268.1  70.5 268.1  70.5 4.64E-05 000.8 196.0  15.5 0.104790 0.068322 0.024826 hargrave 2019-09-15 13:49:36 
AF1300 249.8  57.6 249.8  57.6 3.53E-05 001.0 211.4  13.4 0.072634 0.086903 0.016294 hargrave 2019-09-15 13:51:47 
