BD5- 5a sun compass orientation
      0  15.3  84.0   0.0   0.0   1.0
NRM    278.9  49.5 278.9  49.5 2.36E-03 000.6 186.0  46.2 1.590377 1.879692 0.667759 hargrave 2019-09-15 19:06:44 
AF  10 278.9  49.1 278.9  49.1 2.34E-03 000.6 186.1  46.5 1.605612 1.891141 0.667615 hargrave 2019-09-15 19:08:04 
AF  20 278.7  48.6 278.7  48.6 2.31E-03 000.6 186.4  47.0 1.580829 1.881051 0.635440 hargrave 2019-09-15 19:09:23 
AF  30 278.5  48.1 278.5  48.1 2.26E-03 000.6 186.7  47.5 1.560706 1.792766 0.642874 hargrave 2019-09-15 19:10:44 
AF  40 278.2  47.6 278.2  47.6 2.19E-03 000.6 187.1  47.9 1.535560 1.788838 0.618618 hargrave 2019-09-15 19:12:03 
AF  50 278.0  47.6 278.0  47.6 2.11E-03 000.6 187.3  48.0 1.441855 1.693175 0.584714 hargrave 2019-09-15 19:13:22 
AF  60 277.8  47.4 277.8  47.4 2.01E-03 000.6 187.6  48.1 1.379661 1.643284 0.556761 hargrave 2019-09-15 19:14:42 
AF  70 277.6  47.5 277.6  47.5 1.90E-03 000.6 187.8  48.0 1.305719 1.541155 0.510455 hargrave 2019-09-15 19:16:01 
AF  80 277.2  47.2 277.2  47.2 1.76E-03 000.6 188.3  48.2 1.208340 1.414455 0.478619 hargrave 2019-09-15 19:17:20 
AF  90 276.9  47.2 276.9  47.2 1.63E-03 000.6 188.6  48.1 1.099626 1.317622 0.442163 hargrave 2019-09-15 19:18:39 
AF 100 276.4  47.1 276.4  47.1 1.52E-03 000.6 189.0  48.2 1.004665 1.191850 0.407816 hargrave 2019-09-15 19:19:59 
AF 120 276.1  47.4 276.1  47.4 1.33E-03 000.6 189.3  47.9 0.884682 1.061805 0.339792 hargrave 2019-09-15 19:21:18 
AF 140 275.8  47.3 275.8  47.3 1.19E-03 000.6 189.6  47.9 0.722857 0.931819 0.314273 hargrave 2019-09-15 19:22:37 
AF 160 276.1  46.9 276.1  46.9 1.08E-03 000.6 189.5  48.4 0.650072 0.819155 0.280225 hargrave 2019-09-15 19:23:56 
AF 180 276.2  46.6 276.2  46.6 9.85E-04 000.5 189.5  48.6 0.586010 0.743058 0.234254 hargrave 2019-09-15 19:25:16 
AF 200 276.1  46.7 276.1  46.7 9.02E-04 000.5 189.5  48.6 0.536853 0.669121 0.229614 hargrave 2019-09-15 19:26:35 
AF 250 276.5  45.5 276.5  45.5 7.69E-04 000.6 189.6  49.8 0.442159 0.609512 0.184644 hargrave 2019-09-15 19:27:54 
AF 300 275.8  46.9 275.8  46.9 6.57E-04 000.5 189.7  48.3 0.356441 0.488019 0.150227 hargrave 2019-09-15 19:29:14 
AF 350 275.5  46.1 275.5  46.1 5.76E-04 000.5 190.4  49.0 0.294377 0.419918 0.143601 hargrave 2019-09-15 19:30:33 
AF 400 275.7  44.6 275.7  44.6 5.20E-04 000.5 190.8  50.5 0.277275 0.391750 0.121586 hargrave 2019-09-15 19:31:52 
AF 450 275.7  46.3 275.7  46.3 4.56E-04 000.5 190.1  48.9 0.228311 0.328559 0.108831 hargrave 2019-09-15 19:33:11 
AF 500 274.5  45.9 274.5  45.9 4.00E-04 000.5 191.5  49.1 0.178598 0.289215 0.093332 hargrave 2019-09-15 19:34:31 
AF 550 275.5  43.4 275.5  43.4 3.63E-04 000.5 191.5  51.6 0.183062 0.256323 0.080121 hargrave 2019-09-15 19:35:50 
AF 600 278.6  44.3 278.6  44.3 3.12E-04 000.4 187.7  51.3 0.153331 0.175597 0.066638 hargrave 2019-09-15 19:37:09 
AF 650 276.8  44.5 276.8  44.5 2.88E-04 000.5 189.6  50.8 0.128376 0.217364 0.059524 hargrave 2019-09-15 19:38:28 
AF 700 277.9  46.7 277.9  46.7 2.51E-04 000.5 187.7  48.8 0.101923 0.196701 0.058039 hargrave 2019-09-15 19:39:47 
AF 750 272.7  43.2 272.7  43.2 2.36E-04 000.6 194.7  51.1 0.154003 0.208753 0.055590 hargrave 2019-09-15 19:41:06 
AF 800 273.7  43.7 273.7  43.7 2.05E-04 000.5 193.4  51.0 0.139315 0.142326 0.041098 hargrave 2019-09-15 19:42:25 
AF 850 279.0  40.3 279.0  40.3 1.76E-04 000.6 188.4  55.2 0.124871 0.158110 0.034462 hargrave 2019-09-15 19:43:45 
AF 900 278.6  44.8 278.6  44.8 1.54E-04 000.6 187.5  50.7 0.112299 0.126013 0.029669 hargrave 2019-09-15 19:45:04 
AF 950 275.2  45.4 275.2  45.4 1.45E-04 000.6 190.9  49.7 0.102694 0.132579 0.026515 hargrave 2019-09-15 19:46:24 
AF1000 277.0  40.1 277.0  40.1 1.37E-04 000.6 191.1  55.1 0.139509 0.083462 0.023537 hargrave 2019-09-15 19:47:43 
AF1050 273.5  38.6 273.5  38.6 1.22E-04 000.7 196.5  55.7 0.101980 0.111946 0.021711 hargrave 2019-09-15 19:49:05 
AF1100 273.1  39.7 273.1  39.7 9.45E-05 000.8 196.3  54.6 0.117219 0.093508 0.013317 hargrave 2019-09-15 19:50:25 
AF1150 271.3  35.7 271.3  35.7 8.80E-05 000.7 201.6  57.7 0.084340 0.081418 0.011497 hargrave 2019-09-15 19:51:45 
AF1200 271.5  35.7 271.5  35.7 7.78E-05 000.9 201.3  57.7 0.123512 0.076908 0.014519 hargrave 2019-09-15 19:53:06 
AF1250 274.1  36.8 274.1  36.8 7.73E-05 000.8 196.9  57.5 0.099360 0.071713 0.009073 hargrave 2019-09-15 19:54:27 
AF1300 272.7  31.1 272.7  31.1 6.72E-05 000.9 203.6  62.3 0.065014 0.084619 0.010326 hargrave 2019-09-15 19:55:49 
