BD5- 4a sun compass orientation
      0  23.9  59.0   0.0   0.0   1.0
NRM    286.8  48.8 286.8  48.8 2.31E-03 000.6 194.8  71.4 1.512344 1.956576 0.177148 hargrave 2019-09-15 18:16:06 
AF  10 286.4  48.5 286.4  48.5 2.29E-03 000.6 195.9  71.6 1.477115 1.902351 0.172249 hargrave 2019-09-15 18:17:26 
AF  20 285.8  48.0 285.8  48.0 2.27E-03 000.6 197.6  71.9 1.469275 1.867728 0.163291 hargrave 2019-09-15 18:18:46 
AF  30 285.3  47.5 285.3  47.5 2.23E-03 000.6 199.3  72.2 1.462882 1.835958 0.148835 hargrave 2019-09-15 18:20:06 
AF  40 284.9  47.0 284.9  47.0 2.16E-03 000.6 200.9  72.5 1.401384 1.780991 0.133154 hargrave 2019-09-15 18:21:25 
AF  50 284.4  46.7 284.4  46.7 2.08E-03 000.6 202.3  72.7 1.356003 1.696501 0.119078 hargrave 2019-09-15 18:22:44 
AF  60 284.0  46.3 284.0  46.3 1.99E-03 000.6 203.8  72.9 1.274722 1.618143 0.101520 hargrave 2019-09-15 18:24:04 
AF  70 283.9  46.0 283.9  46.0 1.89E-03 000.6 204.6  73.1 1.210561 1.497776 0.086254 hargrave 2019-09-15 18:25:23 
AF  80 283.4  45.9 283.4  45.9 1.77E-03 000.6 205.8  73.1 1.103577 1.416034 0.073952 hargrave 2019-09-15 18:26:42 
AF  90 283.3  45.5 283.3  45.5 1.66E-03 000.6 206.7  73.3 1.019739 1.320383 0.058524 hargrave 2019-09-15 18:28:02 
AF 100 283.0  45.2 283.0  45.2 1.55E-03 000.6 207.9  73.5 0.965797 1.207602 0.053325 hargrave 2019-09-15 18:29:21 
AF 120 282.6  44.7 282.6  44.7 1.39E-03 000.6 209.8  73.7 0.838673 1.078075 0.046759 hargrave 2019-09-15 18:30:41 
AF 140 282.0  44.5 282.0  44.5 1.25E-03 000.6 211.3  73.5 0.751343 0.991511 0.043861 hargrave 2019-09-15 18:32:00 
AF 160 281.9  44.3 281.9  44.3 1.14E-03 000.5 212.0  73.7 0.684679 0.860500 0.045115 hargrave 2019-09-15 18:33:20 
AF 180 282.3  43.9 282.3  43.9 1.05E-03 000.5 212.0  74.2 0.616270 0.803558 0.040697 hargrave 2019-09-15 18:34:39 
AF 200 281.9  43.9 281.9  43.9 9.68E-04 000.5 213.0  74.0 0.575346 0.726399 0.042748 hargrave 2019-09-15 18:35:58 
AF 250 281.3  44.8 281.3  44.8 8.29E-04 000.5 212.0  73.0 0.451413 0.615762 0.039818 hargrave 2019-09-15 18:37:18 
AF 300 281.4  43.1 281.4  43.1 7.26E-04 000.5 215.8  74.4 0.398038 0.530444 0.037763 hargrave 2019-09-15 18:38:37 
AF 350 283.2  42.6 283.2  42.6 6.21E-04 000.5 213.2  75.6 0.350340 0.448847 0.040255 hargrave 2019-09-15 18:39:56 
AF 400 283.2  43.2 283.2  43.2 5.58E-04 000.5 211.8  75.2 0.267206 0.409118 0.026647 hargrave 2019-09-15 18:41:16 
AF 450 284.7  43.1 284.7  43.1 5.06E-04 000.5 208.7  75.9 0.269498 0.363722 0.030658 hargrave 2019-09-15 18:42:35 
AF 500 284.8  43.8 284.8  43.8 4.32E-04 000.5 207.0  75.3 0.191780 0.310659 0.017808 hargrave 2019-09-15 18:43:54 
AF 550 285.5  42.4 285.5  42.4 3.85E-04 000.5 208.4  76.8 0.194618 0.246077 0.026281 hargrave 2019-09-15 18:45:14 
AF 600 285.4  44.1 285.4  44.1 3.50E-04 000.4 204.8  75.3 0.172621 0.205997 0.014665 hargrave 2019-09-15 18:46:35 
AF 650 282.0  42.2 282.0  42.2 3.00E-04 000.5 217.0  75.3 0.147582 0.220508 0.023614 hargrave 2019-09-15 18:47:56 
AF 700 283.3  45.9 283.3  45.9 2.64E-04 000.5 205.9  73.0 0.101125 0.186163 0.008489 hargrave 2019-09-15 18:49:16 
AF 750 286.2  44.5 286.2  44.5 2.33E-04 000.4 202.0  75.2 0.108478 0.119435 0.008283 hargrave 2019-09-15 18:50:36 
AF 800 283.0  43.6 283.0  43.6 2.02E-04 000.5 211.4  74.7 0.094079 0.141304 0.011140 hargrave 2019-09-15 18:51:55 
AF 850 283.1  46.6 283.1  46.6 1.77E-04 000.6 205.1  72.3 0.127440 0.159849 0.008419 hargrave 2019-09-15 18:53:15 
AF 900 286.3  43.1 286.3  43.1 1.45E-04 000.7 204.3  76.5 0.118383 0.147633 0.010380 hargrave 2019-09-15 18:54:35 
AF 950 287.3  49.5 287.3  49.5 1.52E-04 000.7 193.2  70.9 0.119512 0.144490 0.013639 hargrave 2019-09-15 18:55:54 
AF1000 287.7  44.7 287.7  44.7 1.27E-04 000.7 197.8  75.4 0.090283 0.118713 0.004131 hargrave 2019-09-15 18:57:15 
AF1050 273.3  43.4 273.3  43.4 1.17E-04 000.6 227.0  69.5 0.090982 0.091193 0.017323 hargrave 2019-09-15 18:58:35 
AF1100 281.9  45.7 281.9  45.7 1.00E-04 000.8 209.0  72.6 0.112691 0.102516 0.006670 hargrave 2019-09-15 18:59:55 
AF1150 279.3  46.5 279.3  46.5 8.80E-05 000.8 211.9  70.8 0.091708 0.087875 0.005215 hargrave 2019-09-15 19:01:16 
AF1200 290.6  45.7 290.6  45.7 8.54E-05 000.8 189.1  75.1 0.091992 0.073779 0.006624 hargrave 2019-09-15 19:02:37 
AF1250 292.7  38.4 292.7  38.4 6.83E-05 000.7 187.3  82.6 0.055784 0.060621 0.003172 hargrave 2019-09-15 19:03:58 
AF1300 281.7  55.2 281.7  55.2 5.47E-05 000.9 196.2  64.3 0.062016 0.066833 0.010256 hargrave 2019-09-15 19:05:21 
