BD5- 3a sun compass orientation
      0  24.4  57.0   0.0   0.0   1.0
NRM    285.4  49.6 285.4  49.6 2.68E-03 000.6 199.3  72.1 2.002015 2.162276 0.517516 hargrave 2019-09-15 17:25:06 
AF  10 285.3  49.2 285.3  49.2 2.66E-03 000.6 200.0  72.4 1.954770 2.106572 0.543053 hargrave 2019-09-15 17:26:27 
AF  20 285.0  48.7 285.0  48.7 2.62E-03 000.6 201.5  72.8 1.931102 2.040377 0.547035 hargrave 2019-09-15 17:27:47 
AF  30 284.8  48.2 284.8  48.2 2.57E-03 000.6 202.6  73.1 1.887027 2.031787 0.543495 hargrave 2019-09-15 17:29:07 
AF  40 284.5  47.9 284.5  47.9 2.48E-03 000.6 203.7  73.4 1.830572 1.930222 0.532991 hargrave 2019-09-15 17:30:27 
AF  50 284.3  47.7 284.3  47.7 2.39E-03 000.6 204.6  73.5 1.756686 1.884352 0.515610 hargrave 2019-09-15 17:31:48 
AF  60 284.2  47.3 284.2  47.3 2.27E-03 000.6 205.4  73.8 1.719680 1.844169 0.496897 hargrave 2019-09-15 17:33:08 
AF  70 284.3  47.0 284.3  47.0 2.13E-03 000.6 205.9  74.1 1.616280 1.699394 0.465359 hargrave 2019-09-15 17:34:28 
AF  80 284.1  46.7 284.1  46.7 1.98E-03 000.6 206.8  74.2 1.524968 1.577967 0.437991 hargrave 2019-09-15 17:35:48 
AF  90 284.1  46.4 284.1  46.4 1.84E-03 000.6 207.5  74.5 1.420809 1.465509 0.412459 hargrave 2019-09-15 17:37:08 
AF 100 283.8  46.3 283.8  46.3 1.70E-03 000.6 208.3  74.4 1.288719 1.314986 0.381135 hargrave 2019-09-15 17:38:29 
AF 120 283.4  46.3 283.4  46.3 1.49E-03 000.6 209.0  74.2 1.135466 1.200559 0.346478 hargrave 2019-09-15 17:39:49 
AF 140 283.9  46.3 283.9  46.3 1.31E-03 000.6 208.2  74.5 1.010700 1.035168 0.311221 hargrave 2019-09-15 17:41:09 
AF 160 284.2  46.2 284.2  46.2 1.17E-03 000.6 207.6  74.6 0.919534 0.900252 0.283516 hargrave 2019-09-15 17:42:29 
AF 180 283.9  46.8 283.9  46.8 1.07E-03 000.6 207.0  74.1 0.823547 0.846090 0.267076 hargrave 2019-09-15 17:43:50 
AF 200 283.2  46.6 283.2  46.6 9.68E-04 000.6 208.9  74.0 0.747977 0.729298 0.249220 hargrave 2019-09-15 17:45:10 
AF 250 283.5  47.7 283.5  47.7 8.09E-04 000.6 206.1  73.2 0.630198 0.635164 0.214275 hargrave 2019-09-15 17:46:30 
AF 300 285.2  47.0 285.2  47.0 6.97E-04 000.6 203.8  74.4 0.537756 0.560484 0.184711 hargrave 2019-09-15 17:47:50 
AF 350 283.1  46.9 283.1  46.9 6.03E-04 000.6 208.5  73.7 0.466943 0.461616 0.170390 hargrave 2019-09-15 17:49:10 
AF 400 283.8  47.2 283.8  47.2 5.19E-04 000.6 206.3  73.7 0.426475 0.402475 0.142635 hargrave 2019-09-15 17:50:30 
AF 450 282.7  46.7 282.7  46.7 4.67E-04 000.6 209.6  73.7 0.376341 0.376376 0.137228 hargrave 2019-09-15 17:51:50 
AF 500 282.7  45.4 282.7  45.4 4.12E-04 000.6 212.6  74.7 0.322404 0.331311 0.121192 hargrave 2019-09-15 17:53:10 
AF 550 281.6  47.0 281.6  47.0 3.55E-04 000.7 211.1  73.0 0.280381 0.299422 0.099711 hargrave 2019-09-15 17:54:30 
AF 600 281.6  46.8 281.6  46.8 3.17E-04 000.6 211.5  73.1 0.264897 0.224389 0.086319 hargrave 2019-09-15 17:55:51 
AF 650 285.1  44.7 285.1  44.7 2.74E-04 000.6 209.1  76.3 0.227272 0.181880 0.074837 hargrave 2019-09-15 17:57:11 
AF 700 282.4  46.3 282.4  46.3 2.60E-04 000.7 211.1  73.9 0.220614 0.217833 0.069189 hargrave 2019-09-15 17:58:31 
AF 750 282.3  47.1 282.3  47.1 2.31E-04 000.6 209.6  73.2 0.189820 0.165156 0.059466 hargrave 2019-09-15 17:59:51 
AF 800 276.2  43.1 276.2  43.1 1.93E-04 000.7 229.4  72.5 0.155465 0.194702 0.060767 hargrave 2019-09-15 18:01:11 
AF 850 275.1  47.0 275.1  47.0 1.77E-04 000.7 220.5  69.7 0.142346 0.155126 0.053727 hargrave 2019-09-15 18:02:31 
AF 900 271.9  45.0 271.9  45.0 1.63E-04 000.8 228.8  68.9 0.125517 0.176284 0.049625 hargrave 2019-09-15 18:03:52 
AF 950 280.0  49.5 280.0  49.5 1.45E-04 000.7 208.7  70.4 0.134204 0.129555 0.036455 hargrave 2019-09-15 18:05:14 
AF1000 278.7  47.4 278.7  47.4 1.27E-04 000.7 214.9  71.3 0.129491 0.075893 0.029614 hargrave 2019-09-15 18:06:34 
AF1050 280.1  46.8 280.1  46.8 1.12E-04 000.8 214.2  72.4 0.084010 0.127432 0.029430 hargrave 2019-09-15 18:07:55 
AF1100 272.4  44.8 272.4  44.8 9.97E-05 000.8 228.7  69.3 0.076379 0.114587 0.028751 hargrave 2019-09-15 18:09:16 
AF1150 272.5  45.5 272.5  45.5 9.70E-05 000.8 227.0  69.1 0.074137 0.115229 0.027121 hargrave 2019-09-15 18:10:37 
AF1200 268.2  41.8 268.2  41.8 8.66E-05 000.9 239.5  67.5 0.070480 0.110905 0.025228 hargrave 2019-09-15 18:11:59 
AF1250 257.3  53.5 257.3  53.5 8.33E-05 000.7 220.9  56.7 0.086052 0.059001 0.028043 hargrave 2019-09-15 18:13:21 
AF1300 259.6  51.5 259.6  51.5 6.73E-05 000.9 223.3  58.8 0.056442 0.098440 0.025933 hargrave 2019-09-15 18:14:43 
