BD5- 1a sun compass orientation
      0  32.5  63.0   0.0   0.0   1.0
NRM    285.2  42.9 285.2  42.9 1.85E-03 000.6 216.9  68.8 1.273349 1.451190 0.144583 hargrave 2019-09-15 15:39:25 
AF  10 285.0  42.6 285.0  42.6 1.84E-03 000.6 217.9  68.9 1.224283 1.396488 0.156827 hargrave 2019-09-15 15:40:46 
AF  20 284.9  42.0 284.9  42.0 1.81E-03 000.6 219.3  69.2 1.210377 1.364530 0.154129 hargrave 2019-09-15 15:42:06 
AF  30 284.8  41.4 284.8  41.4 1.78E-03 000.6 220.6  69.5 1.174575 1.364558 0.151991 hargrave 2019-09-15 15:43:26 
AF  40 284.9  40.8 284.9  40.8 1.73E-03 000.6 222.1  70.0 1.148345 1.307434 0.141307 hargrave 2019-09-15 15:45:36 
AF  50 284.9  40.3 284.9  40.3 1.67E-03 000.6 223.0  70.3 1.095219 1.231156 0.143025 hargrave 2019-09-15 15:46:57 
AF  60 285.1  40.0 285.1  40.0 1.59E-03 000.6 223.6  70.6 1.041738 1.179119 0.139836 hargrave 2019-09-15 15:48:17 
AF  70 285.2  39.8 285.2  39.8 1.50E-03 000.6 223.8  70.8 0.962744 1.141415 0.135378 hargrave 2019-09-15 15:49:38 
AF  80 285.3  39.7 285.3  39.7 1.40E-03 000.5 224.0  70.9 0.867973 1.044551 0.130652 hargrave 2019-09-15 15:50:58 
AF  90 285.4  39.6 285.4  39.6 1.31E-03 000.5 224.1  71.0 0.803181 0.975921 0.122203 hargrave 2019-09-15 15:52:18 
AF 100 285.9  39.3 285.9  39.3 1.23E-03 000.5 224.3  71.5 0.748473 0.889101 0.116147 hargrave 2019-09-15 15:53:39 
AF 120 286.0  39.4 286.0  39.4 1.10E-03 000.5 223.8  71.5 0.649179 0.776640 0.107261 hargrave 2019-09-15 15:54:59 
AF 140 285.9  39.4 285.9  39.4 9.69E-04 000.5 224.1  71.4 0.585453 0.663533 0.099626 hargrave 2019-09-15 15:56:19 
AF 160 286.3  39.1 286.3  39.1 8.87E-04 000.5 224.2  71.9 0.521174 0.611200 0.092545 hargrave 2019-09-15 15:57:40 
AF 180 286.8  39.0 286.8  39.0 8.07E-04 000.5 223.6  72.2 0.461896 0.550020 0.083323 hargrave 2019-09-15 15:59:00 
AF 200 286.9  39.5 286.9  39.5 7.47E-04 000.5 222.2  72.0 0.427480 0.516257 0.074001 hargrave 2019-09-15 16:00:20 
AF 250 288.1  38.6 288.1  38.6 6.22E-04 000.5 222.5  73.3 0.342710 0.413901 0.062359 hargrave 2019-09-15 16:01:40 
AF 300 289.8  39.2 289.8  39.2 5.35E-04 000.5 217.7  73.9 0.273740 0.364905 0.050123 hargrave 2019-09-15 16:03:01 
AF 350 291.1  40.4 291.1  40.4 4.69E-04 000.5 212.4  73.6 0.236351 0.316127 0.033079 hargrave 2019-09-15 16:04:21 
AF 400 292.6  39.1 292.6  39.1 4.17E-04 000.5 211.9  75.3 0.191120 0.277741 0.029366 hargrave 2019-09-15 16:05:42 
AF 450 292.1  39.5 292.1  39.5 3.66E-04 000.4 212.1  74.8 0.180806 0.216491 0.019167 hargrave 2019-09-15 16:07:02 
AF 500 293.7  39.5 293.7  39.5 3.22E-04 000.4 208.0  75.5 0.145577 0.205178 0.014453 hargrave 2019-09-15 16:08:22 
AF 550 291.1  40.2 291.1  40.2 2.77E-04 000.4 212.6  73.8 0.128900 0.177957 0.015001 hargrave 2019-09-15 16:09:43 
AF 600 290.1  39.9 290.1  39.9 2.52E-04 000.4 215.3  73.5 0.119506 0.125571 0.015022 hargrave 2019-09-15 16:11:03 
AF 650 291.3  40.5 291.3  40.5 2.12E-04 000.4 211.5  73.7 0.072127 0.138184 0.010928 hargrave 2019-09-15 16:12:24 
AF 700 291.4  40.5 291.4  40.5 2.11E-04 000.4 211.5  73.7 0.077231 0.126015 0.010393 hargrave 2019-09-15 16:13:44 
AF 750 297.2  40.4 297.2  40.4 1.81E-04 000.4 196.8  75.9 0.082171 0.101987 0.008814 hargrave 2019-09-15 16:15:05 
AF 800 287.7  39.0 287.7  39.0 1.61E-04 000.4 222.2  72.8 0.086822 0.068819 0.012061 hargrave 2019-09-15 16:16:25 
AF 850 292.8  45.9 292.8  45.9 1.35E-04 000.7 199.6  69.6 0.121302 0.121616 0.005292 hargrave 2019-09-15 16:17:46 
AF 900 289.9  38.2 289.9  38.2 1.30E-04 000.6 220.0  74.6 0.054071 0.123575 0.011683 hargrave 2019-09-15 16:19:07 
AF 950 292.7  47.4 292.7  47.4 1.12E-04 000.7 198.0  68.2 0.096379 0.107728 0.007411 hargrave 2019-09-15 16:20:27 
AF1000 291.1  45.1 291.1  45.1 1.04E-04 004.0 203.8  69.7 0.774307 0.119899 0.007641 hargrave 2019-09-15 16:21:48 
AF1050 292.6  46.1 292.6  46.1 1.00E-04 000.6 199.8  69.4 0.091728 0.070379 0.002790 hargrave 2019-09-15 16:23:09 
AF1100 294.3  39.2 294.3  39.2 8.65E-05 000.7 207.3  76.0 0.084901 0.078989 0.007036 hargrave 2019-09-15 16:24:31 
AF1150 285.1  42.6 285.1  42.6 7.27E-05 000.8 217.8  68.9 0.078103 0.072982 0.004807 hargrave 2019-09-15 16:25:52 
AF1200 300.5  47.2 300.5  47.2 7.24E-05 000.8 184.0  69.7 0.081080 0.069390 0.007376 hargrave 2019-09-15 16:27:14 
AF1250 315.6  52.6 315.6  52.6 7.46E-05 000.5 162.6  62.6 0.048277 0.054512 0.008406 hargrave 2019-09-15 16:28:37 
AF1300 290.8  41.4 290.8  41.4 7.12E-05 000.8 210.7  72.7 0.081633 0.064049 0.002102 hargrave 2019-09-15 16:30:00 
