BD5- 7a sun compass orientation
      0  22.7  60.0   0.0   0.0   1.0
NRM    281.9  50.9 281.9  50.9 2.49E-03 000.5 198.2  67.6 1.365215 1.865243 0.348420 hargrave 2019-09-15 20:48:02 
AF  10 281.6  50.6 281.6  50.6 2.48E-03 000.5 198.8  67.8 1.392438 1.781039 0.362703 hargrave 2019-09-15 20:49:21 
AF  20 281.4  50.0 281.4  50.0 2.44E-03 000.5 199.9  68.2 1.381841 1.800568 0.355039 hargrave 2019-09-15 20:50:41 
AF  30 281.2  49.5 281.2  49.5 2.38E-03 000.5 200.8  68.6 1.315084 1.740052 0.342500 hargrave 2019-09-15 20:52:01 
AF  40 280.9  49.0 280.9  49.0 2.29E-03 000.5 201.9  69.0 1.288735 1.693845 0.326761 hargrave 2019-09-15 20:53:20 
AF  50 280.8  48.8 280.8  48.8 2.20E-03 000.5 202.4  69.1 1.257413 1.576969 0.314011 hargrave 2019-09-15 20:54:40 
AF  60 280.8  48.5 280.8  48.5 2.09E-03 000.5 202.8  69.4 1.172828 1.510443 0.293911 hargrave 2019-09-15 20:56:00 
AF  70 280.5  48.2 280.5  48.2 1.96E-03 000.5 203.7  69.6 1.137793 1.454374 0.277229 hargrave 2019-09-15 20:57:20 
AF  80 280.3  47.9 280.3  47.9 1.82E-03 000.5 204.6  69.7 1.064120 1.358592 0.261618 hargrave 2019-09-15 20:58:39 
AF  90 280.2  47.4 280.2  47.4 1.68E-03 000.5 205.4  70.1 0.993824 1.241058 0.240254 hargrave 2019-09-15 20:59:59 
AF 100 279.8  47.1 279.8  47.1 1.56E-03 000.6 206.8  70.2 0.931978 1.166843 0.221519 hargrave 2019-09-15 21:02:11 
AF 120 279.2  47.1 279.2  47.1 1.35E-03 000.5 207.6  69.9 0.796142 0.952326 0.208896 hargrave 2019-09-15 21:03:31 
AF 140 278.9  46.8 278.9  46.8 1.18E-03 000.6 208.6  70.1 0.704336 0.884400 0.194108 hargrave 2019-09-15 21:04:51 
AF 160 277.5  46.2 277.5  46.2 1.06E-03 000.5 211.9  69.9 0.652442 0.755816 0.183413 hargrave 2019-09-15 21:06:10 
AF 180 278.1  46.5 278.1  46.5 9.63E-04 000.6 210.5  70.0 0.582461 0.727688 0.172648 hargrave 2019-09-15 21:07:30 
AF 200 277.8  45.3 277.8  45.3 8.75E-04 000.5 213.4  70.8 0.550199 0.614398 0.161055 hargrave 2019-09-15 21:08:50 
AF 250 277.1  45.3 277.1  45.3 7.43E-04 000.5 214.4  70.4 0.453084 0.533180 0.140775 hargrave 2019-09-15 21:10:10 
AF 300 276.1  46.6 276.1  46.6 6.47E-04 000.5 213.1  69.0 0.391293 0.461883 0.124701 hargrave 2019-09-15 21:11:29 
AF 350 275.6  45.3 275.6  45.3 5.62E-04 000.6 216.5  69.7 0.372607 0.427775 0.111313 hargrave 2019-09-15 21:12:49 
AF 400 275.9  46.0 275.9  46.0 5.10E-04 000.6 214.8  69.3 0.343960 0.377478 0.110568 hargrave 2019-09-15 21:14:09 
AF 450 275.8  47.0 275.8  47.0 4.59E-04 000.6 212.9  68.6 0.307055 0.369329 0.093288 hargrave 2019-09-15 21:15:28 
AF 500 275.3  45.6 275.3  45.6 3.99E-04 000.6 216.3  69.3 0.273940 0.327901 0.065490 hargrave 2019-09-15 21:16:48 
AF 550 274.2  46.9 274.2  46.9 3.65E-04 000.6 215.0  67.8 0.236476 0.272825 0.086855 hargrave 2019-09-15 21:18:08 
AF 600 274.7  43.9 274.7  43.9 3.50E-04 000.6 220.7  70.1 0.231337 0.269349 0.067424 hargrave 2019-09-15 21:19:29 
AF 650 272.4  42.2 272.4  42.2 2.92E-04 000.6 227.5  69.6 0.195786 0.255502 0.061875 hargrave 2019-09-15 21:20:48 
AF 700 275.9  45.4 275.9  45.4 2.71E-04 000.6 215.9  69.7 0.167742 0.208898 0.058658 hargrave 2019-09-15 21:22:08 
AF 750 273.1  42.9 273.1  42.9 2.46E-04 000.6 225.1  69.7 0.189772 0.202419 0.053136 hargrave 2019-09-15 21:23:27 
AF 800 271.0  46.4 271.0  46.4 2.16E-04 000.6 219.8  66.5 0.142916 0.175655 0.053984 hargrave 2019-09-15 21:24:47 
AF 850 267.7  50.1 267.7  50.1 1.86E-04 000.6 215.9  62.5 0.115634 0.162689 0.054319 hargrave 2019-09-15 21:26:07 
AF 900 275.1  47.2 275.1  47.2 1.81E-04 000.7 213.4  68.1 0.160359 0.140405 0.042162 hargrave 2019-09-15 21:27:28 
AF 950 276.5  47.1 276.5  47.1 1.62E-04 000.6 211.7  68.8 0.115410 0.134542 0.040038 hargrave 2019-09-15 21:28:48 
AF1000 277.0  41.1 277.0  41.1 1.36E-04 000.6 224.7  73.1 0.106826 0.107034 0.026013 hargrave 2019-09-15 21:30:08 
AF1050 277.7  48.2 277.7  48.2 1.08E-04 000.6 208.1  68.4 0.095630 0.056589 0.029980 hargrave 2019-09-15 21:31:28 
AF1100 277.8  47.3 277.8  47.3 1.23E-04 000.7 209.4  69.2 0.106175 0.093769 0.030509 hargrave 2019-09-15 21:32:50 
AF1150 267.0  50.5 267.0  50.5 1.09E-04 000.7 215.9  61.9 0.087486 0.085261 0.032624 hargrave 2019-09-15 21:34:11 
AF1200 278.3  38.7 278.3  38.7 8.82E-05 000.6 229.8  75.3 0.077905 0.049242 0.020093 hargrave 2019-09-15 21:35:32 
AF1250 271.2  42.9 271.2  42.9 9.31E-05 000.8 227.1  68.5 0.041391 0.119061 0.027278 hargrave 2019-09-15 21:36:54 
AF1300 287.8  52.6 287.8  52.6 8.68E-05 000.8 187.7  67.1 0.093911 0.070448 0.019329 hargrave 2019-09-15 21:38:17 
