BD5- 8a sun compass orientation
      0   3.5  76.0   0.0   0.0   1.0
NRM    288.3  49.2 288.3  49.2 2.21E-03 000.6 164.0  52.7 1.334884 1.691302 0.520697 hargrave 2019-09-15 21:39:46 
AF  10 288.4  49.0 288.4  49.0 2.19E-03 000.5 163.8  53.0 1.325590 1.545797 0.526646 hargrave 2019-09-15 21:41:06 
AF  20 288.1  48.6 288.1  48.6 2.16E-03 000.6 163.7  53.4 1.346587 1.573005 0.516145 hargrave 2019-09-15 21:42:25 
AF  30 287.9  48.2 287.9  48.2 2.13E-03 000.6 163.7  53.7 1.333921 1.540632 0.510442 hargrave 2019-09-15 21:43:45 
AF  40 287.8  47.9 287.8  47.9 2.07E-03 000.6 163.7  54.1 1.308459 1.556892 0.483349 hargrave 2019-09-15 21:45:06 
AF  50 287.6  47.8 287.6  47.8 2.00E-03 000.6 163.8  54.2 1.237499 1.500578 0.459614 hargrave 2019-09-15 21:47:15 
AF  60 287.2  47.5 287.2  47.5 1.92E-03 000.6 164.0  54.6 1.181900 1.429738 0.449972 hargrave 2019-09-15 21:48:35 
AF  70 287.2  47.5 287.2  47.5 1.82E-03 000.6 164.0  54.6 1.130495 1.352636 0.430288 hargrave 2019-09-15 21:49:55 
AF  80 287.0  47.3 287.0  47.3 1.73E-03 000.6 164.1  54.9 1.081085 1.247532 0.408594 hargrave 2019-09-15 21:51:14 
AF  90 287.0  47.3 287.0  47.3 1.63E-03 000.6 164.0  54.9 1.013340 1.203208 0.385848 hargrave 2019-09-15 21:52:34 
AF 100 286.8  47.3 286.8  47.3 1.53E-03 000.5 164.3  54.9 0.940894 1.111146 0.360872 hargrave 2019-09-15 21:53:53 
AF 120 286.3  47.2 286.3  47.2 1.38E-03 000.5 164.8  55.1 0.834770 1.006635 0.326803 hargrave 2019-09-15 21:55:12 
AF 140 286.3  47.4 286.3  47.4 1.25E-03 000.5 164.9  55.0 0.712757 0.837198 0.302586 hargrave 2019-09-15 21:56:32 
AF 160 286.5  47.3 286.5  47.3 1.13E-03 000.5 164.6  55.0 0.674165 0.789781 0.273645 hargrave 2019-09-15 21:57:51 
AF 180 286.4  47.0 286.4  47.0 1.04E-03 000.5 164.4  55.3 0.582723 0.680822 0.248376 hargrave 2019-09-15 21:59:11 
AF 200 286.2  47.4 286.2  47.4 9.62E-04 000.5 165.0  54.9 0.538130 0.661078 0.234276 hargrave 2019-09-15 22:00:30 
AF 250 286.4  47.5 286.4  47.5 8.22E-04 000.5 164.8  54.8 0.479729 0.543305 0.201725 hargrave 2019-09-15 22:01:49 
AF 300 287.2  48.4 287.2  48.4 7.16E-04 000.5 164.6  53.8 0.421016 0.439160 0.188870 hargrave 2019-09-15 22:03:09 
AF 350 287.2  48.1 287.2  48.1 6.15E-04 000.5 164.4  54.0 0.338462 0.377153 0.161611 hargrave 2019-09-15 22:04:28 
AF 400 287.5  48.7 287.5  48.7 5.57E-04 000.5 164.5  53.5 0.319721 0.334418 0.150025 hargrave 2019-09-15 22:05:48 
AF 450 289.1  47.5 289.1  47.5 5.03E-04 000.5 162.0  54.0 0.282832 0.284283 0.132734 hargrave 2019-09-15 22:07:07 
AF 500 290.3  49.0 290.3  49.0 4.39E-04 000.5 161.9  52.4 0.241613 0.258981 0.123745 hargrave 2019-09-15 22:08:27 
AF 550 289.0  47.5 289.0  47.5 3.98E-04 000.5 162.1  54.1 0.202154 0.259662 0.102829 hargrave 2019-09-15 22:09:46 
AF 600 289.8  47.1 289.8  47.1 3.56E-04 000.5 161.0  54.2 0.186213 0.235839 0.094607 hargrave 2019-09-15 22:11:06 
AF 650 288.0  46.7 288.0  46.7 3.08E-04 000.4 162.5  55.1 0.166369 0.149844 0.076732 hargrave 2019-09-15 22:12:25 
AF 700 289.0  49.4 289.0  49.4 2.70E-04 000.5 163.4  52.4 0.121653 0.172877 0.075741 hargrave 2019-09-15 22:13:45 
AF 750 287.5  48.2 287.5  48.2 2.40E-04 000.5 164.1  53.9 0.095642 0.163639 0.061845 hargrave 2019-09-15 22:15:05 
AF 800 287.8  49.1 287.8  49.1 2.14E-04 000.4 164.4  52.9 0.083465 0.091617 0.053916 hargrave 2019-09-15 22:16:24 
AF 850 289.2  48.3 289.2  48.3 1.94E-04 000.4 162.4  53.3 0.071429 0.125323 0.048487 hargrave 2019-09-15 22:17:44 
AF 900 283.6  48.0 283.6  48.0 1.66E-04 000.5 168.2  55.0 0.061169 0.113698 0.040508 hargrave 2019-09-15 22:19:04 
AF 950 289.3  51.2 289.3  51.2 1.60E-04 000.3 164.4  50.7 0.073138 0.053957 0.040838 hargrave 2019-09-15 22:20:23 
AF1000 286.2  45.0 286.2  45.0 1.42E-04 000.4 163.4  57.1 0.069706 0.048337 0.031797 hargrave 2019-09-15 22:21:43 
AF1050 282.6  46.0 282.6  46.0 1.27E-04 000.4 168.3  57.1 0.052946 0.081152 0.025932 hargrave 2019-09-15 22:23:03 
AF1100 289.7  46.3 289.7  46.3 1.09E-04 000.4 160.4  54.9 0.047579 0.065667 0.027006 hargrave 2019-09-15 22:24:24 
AF1150 277.9  52.2 277.9  52.2 9.81E-05 000.4 175.6  51.6 0.065078 0.040189 0.025503 hargrave 2019-09-15 22:25:45 
AF1200 287.2  46.5 287.2  46.5 8.97E-05 000.7 163.2  55.5 0.065531 0.095010 0.021738 hargrave 2019-09-15 22:27:06 
AF1250 285.7  50.1 285.7  50.1 7.31E-05 000.8 167.1  52.6 0.066012 0.078911 0.016876 hargrave 2019-09-15 22:28:27 
AF1300 294.1  47.1 294.1  47.1 7.35E-05 000.8 156.8  52.7 0.062097 0.082833 0.013281 hargrave 2019-09-15 22:29:49 
