BD5- 6a sun compass orientation
      0  20.2  59.0   0.0   0.0   1.0
NRM    280.7  47.9 280.7  47.9 1.48E-03 000.6 200.6  71.6 1.048807 1.187361 0.177522 hargrave 2019-09-15 19:57:13 
AF  10 280.5  47.6 280.5  47.6 1.47E-03 000.6 201.2  71.8 1.005219 1.118008 0.185804 hargrave 2019-09-15 19:58:33 
AF  20 280.4  47.1 280.4  47.1 1.46E-03 000.6 202.2  72.2 0.997521 1.146796 0.184700 hargrave 2019-09-15 19:59:52 
AF  30 280.3  46.7 280.3  46.7 1.44E-03 000.6 203.2  72.5 0.964430 1.106732 0.177050 hargrave 2019-09-15 20:01:13 
AF  40 280.3  46.4 280.3  46.4 1.40E-03 000.6 203.7  72.8 0.941208 1.075271 0.173950 hargrave 2019-09-15 20:02:32 
AF  50 280.1  46.2 280.1  46.2 1.36E-03 000.6 204.3  72.9 0.926986 1.014604 0.167313 hargrave 2019-09-15 20:03:52 
AF  60 280.2  45.9 280.2  45.9 1.30E-03 000.6 204.8  73.2 0.878272 0.949004 0.161428 hargrave 2019-09-15 20:05:12 
AF  70 280.0  45.6 280.0  45.6 1.25E-03 000.6 205.7  73.3 0.842447 0.936650 0.151579 hargrave 2019-09-15 20:06:31 
AF  80 279.9  45.7 279.9  45.7 1.18E-03 000.6 205.5  73.2 0.787275 0.902089 0.146914 hargrave 2019-09-15 20:07:51 
AF  90 280.0  45.3 280.0  45.3 1.12E-03 000.6 206.2  73.6 0.742172 0.851281 0.138213 hargrave 2019-09-15 20:09:11 
AF 100 279.9  45.0 279.9  45.0 1.06E-03 000.6 207.0  73.9 0.700237 0.800934 0.128705 hargrave 2019-09-15 20:10:30 
AF 120 279.7  45.0 279.7  45.0 9.68E-04 000.6 207.5  73.8 0.640952 0.742900 0.121579 hargrave 2019-09-15 20:11:50 
AF 140 279.4  44.8 279.4  44.8 8.86E-04 000.6 208.6  73.8 0.557382 0.645595 0.108897 hargrave 2019-09-15 20:13:10 
AF 160 279.8  44.2 279.8  44.2 8.16E-04 000.6 208.9  74.5 0.529875 0.610378 0.097467 hargrave 2019-09-15 20:14:29 
AF 180 280.7  43.7 280.7  43.7 7.56E-04 000.6 208.0  75.2 0.483066 0.557248 0.089648 hargrave 2019-09-15 20:15:49 
AF 200 280.4  44.0 280.4  44.0 7.08E-04 000.5 208.0  74.9 0.450863 0.504004 0.082571 hargrave 2019-09-15 20:17:09 
AF 250 280.9  43.4 280.9  43.4 6.21E-04 000.5 208.1  75.6 0.385520 0.428942 0.072977 hargrave 2019-09-15 20:18:28 
AF 300 281.0  43.6 281.0  43.6 5.43E-04 000.5 207.5  75.5 0.327536 0.371840 0.062771 hargrave 2019-09-15 20:19:48 
AF 350 281.0  43.3 281.0  43.3 4.80E-04 000.5 208.1  75.7 0.294186 0.311304 0.053375 hargrave 2019-09-15 20:21:07 
AF 400 281.3  43.0 281.3  43.0 4.35E-04 000.5 207.9  76.1 0.248850 0.292845 0.046749 hargrave 2019-09-15 20:22:27 
AF 450 280.3  42.4 280.3  42.4 3.92E-04 000.5 211.9  76.1 0.244787 0.255217 0.046678 hargrave 2019-09-15 20:23:47 
AF 500 279.0  42.5 279.0  42.5 3.53E-04 000.5 214.6  75.5 0.192362 0.247568 0.044649 hargrave 2019-09-15 20:25:06 
AF 550 280.2  42.5 280.2  42.5 3.18E-04 000.6 212.1  76.0 0.233635 0.245403 0.037090 hargrave 2019-09-15 20:26:26 
AF 600 281.6  43.2 281.6  43.2 2.88E-04 000.6 206.9  76.0 0.207500 0.219872 0.033940 hargrave 2019-09-15 20:27:47 
AF 650 277.2  41.3 277.2  41.3 2.58E-04 000.6 221.7  75.3 0.172454 0.197587 0.031147 hargrave 2019-09-15 20:29:06 
AF 700 281.9  42.9 281.9  42.9 2.20E-04 000.6 206.7  76.4 0.161095 0.178108 0.029097 hargrave 2019-09-15 20:30:26 
AF 750 282.3  44.4 282.3  44.4 2.04E-04 000.6 202.6  75.3 0.139424 0.174117 0.025819 hargrave 2019-09-15 20:31:46 
AF 800 280.2  42.6 280.2  42.6 1.85E-04 000.6 211.8  75.9 0.147594 0.146488 0.019405 hargrave 2019-09-15 20:33:05 
AF 850 282.1  42.8 282.1  42.8 1.59E-04 000.6 206.4  76.6 0.110762 0.114065 0.017826 hargrave 2019-09-15 20:34:26 
AF 900 283.3  41.2 283.3  41.2 1.47E-04 000.7 206.6  78.3 0.116276 0.126383 0.020773 hargrave 2019-09-15 20:35:46 
AF 950 278.4  47.5 278.4  47.5 1.22E-04 000.6 205.4  71.2 0.099225 0.059995 0.023199 hargrave 2019-09-15 20:37:06 
AF1000 283.0  44.9 283.0  44.9 1.20E-04 000.7 200.0  75.0 0.066869 0.125932 0.018415 hargrave 2019-09-15 20:38:26 
AF1050 276.5  41.8 276.5  41.8 1.03E-04 000.6 221.6  74.6 0.071251 0.084661 0.014229 hargrave 2019-09-15 20:39:47 
AF1100 277.3  46.9 277.3  46.9 9.90E-05 000.8 208.5  71.3 0.099194 0.112808 0.017268 hargrave 2019-09-15 20:41:08 
AF1150 276.0  42.7 276.0  42.7 7.82E-05 000.8 220.2  73.8 0.089861 0.064318 0.012856 hargrave 2019-09-15 20:42:29 
AF1200 279.2  40.5 279.2  40.5 6.95E-05 000.6 220.1  76.9 0.035120 0.056875 0.009996 hargrave 2019-09-15 20:43:50 
AF1250 274.6  41.3 274.6  41.3 6.76E-05 000.7 226.2  73.8 0.078095 0.034347 0.012994 hargrave 2019-09-15 20:45:12 
AF1300 286.7  53.2 286.7  53.2 6.01E-05 000.9 185.6  67.7 0.055165 0.078080 0.014323 hargrave 2019-09-15 20:46:35 
