BD5- 2a sun compass orientation
      0  38.4  51.0   0.0   0.0   1.0
NRM    281.7  46.1 281.7  46.1 2.73E-03 000.6 241.5  69.2 1.967959 2.092006 0.599540 hargrave 2019-09-15 16:31:31 
AF  10 283.6  45.4 283.6  45.4 2.63E-03 000.6 242.6  70.7 1.973133 2.056095 0.578823 hargrave 2019-09-15 16:32:52 
AF  20 284.5  44.9 284.5  44.9 2.53E-03 000.6 243.8  71.4 1.932328 1.980425 0.544903 hargrave 2019-09-15 16:35:03 
AF  30 284.6  44.7 284.6  44.7 2.45E-03 000.6 244.4  71.4 1.861677 1.942955 0.532570 hargrave 2019-09-15 16:36:23 
AF  40 284.4  44.5 284.4  44.5 2.35E-03 000.6 245.1  71.3 1.774566 1.846964 0.509866 hargrave 2019-09-15 16:37:43 
AF  50 284.1  44.4 284.1  44.4 2.25E-03 000.6 245.4  71.2 1.702156 1.751417 0.492008 hargrave 2019-09-15 16:39:03 
AF  60 284.0  44.4 284.0  44.4 2.13E-03 000.6 245.5  71.1 1.644693 1.685981 0.463954 hargrave 2019-09-15 16:40:24 
AF  70 283.8  44.5 283.8  44.5 1.98E-03 000.6 245.3  70.9 1.524953 1.538812 0.428967 hargrave 2019-09-15 16:41:44 
AF  80 283.2  44.7 283.2  44.7 1.82E-03 000.6 244.9  70.5 1.386400 1.427166 0.400178 hargrave 2019-09-15 16:43:04 
AF  90 282.8  44.7 282.8  44.7 1.68E-03 000.6 244.9  70.2 1.291329 1.339639 0.371178 hargrave 2019-09-15 16:44:25 
AF 100 282.5  44.8 282.5  44.8 1.56E-03 000.6 244.9  70.0 1.201099 1.237888 0.340985 hargrave 2019-09-15 16:45:45 
AF 120 282.5  44.8 282.5  44.8 1.38E-03 000.6 244.7  70.0 1.058253 1.072178 0.301670 hargrave 2019-09-15 16:47:05 
AF 140 282.6  44.8 282.6  44.8 1.22E-03 000.6 244.8  70.0 0.918420 0.957144 0.264380 hargrave 2019-09-15 16:48:25 
AF 160 282.5  45.1 282.5  45.1 1.10E-03 000.6 244.0  69.9 0.844007 0.872026 0.229046 hargrave 2019-09-15 16:51:24 
AF 180 282.2  45.1 282.2  45.1 9.93E-04 000.6 244.1  69.7 0.710833 0.777230 0.208070 hargrave 2019-09-15 16:52:44 
AF 200 282.0  45.1 282.0  45.1 9.20E-04 000.6 244.0  69.5 0.686917 0.729580 0.191759 hargrave 2019-09-15 16:54:04 
AF 250 281.9  44.2 281.9  44.2 7.73E-04 000.6 246.6  69.6 0.582079 0.609731 0.163593 hargrave 2019-09-15 16:55:24 
AF 300 281.7  44.4 281.7  44.4 6.78E-04 000.6 246.0  69.5 0.468985 0.521111 0.142154 hargrave 2019-09-15 16:56:44 
AF 350 280.7  45.6 280.7  45.6 5.89E-04 000.6 243.0  68.6 0.407356 0.464292 0.120186 hargrave 2019-09-15 16:58:04 
AF 400 279.6  44.8 279.6  44.8 5.26E-04 000.6 245.4  67.9 0.398271 0.414398 0.111542 hargrave 2019-09-15 16:59:24 
AF 450 278.1  45.6 278.1  45.6 4.75E-04 000.6 243.6  66.8 0.345989 0.367845 0.100202 hargrave 2019-09-15 17:00:44 
AF 500 281.4  45.5 281.4  45.5 4.42E-04 000.6 243.1  69.1 0.315907 0.346818 0.090048 hargrave 2019-09-15 17:02:04 
AF 550 280.8  45.4 280.8  45.4 3.82E-04 000.6 243.6  68.7 0.278800 0.291307 0.074676 hargrave 2019-09-15 17:03:25 
AF 600 281.8  43.4 281.8  43.4 3.35E-04 000.6 249.1  69.6 0.258130 0.253723 0.067047 hargrave 2019-09-15 17:04:45 
AF 650 277.5  45.5 277.5  45.5 3.03E-04 000.6 244.0  66.4 0.206820 0.226423 0.064948 hargrave 2019-09-15 17:06:05 
AF 700 277.3  45.5 277.3  45.5 2.80E-04 000.6 243.9  66.2 0.184502 0.211903 0.059541 hargrave 2019-09-15 17:07:25 
AF 750 273.3  46.2 273.3  46.2 2.38E-04 000.6 242.8  63.4 0.157427 0.189117 0.055846 hargrave 2019-09-15 17:08:46 
AF 800 276.7  45.9 276.7  45.9 2.25E-04 000.6 243.0  65.8 0.170226 0.179479 0.051561 hargrave 2019-09-15 17:10:06 
AF 850 279.2  48.7 279.2  48.7 2.01E-04 000.7 235.5  67.0 0.124435 0.194543 0.042233 hargrave 2019-09-15 17:11:26 
AF 900 275.3  48.0 275.3  48.0 1.81E-04 000.7 238.5  64.6 0.120108 0.179185 0.039456 hargrave 2019-09-15 17:12:47 
AF 950 274.2  46.3 274.2  46.3 1.62E-04 000.6 242.6  64.1 0.123503 0.096207 0.038184 hargrave 2019-09-15 17:14:07 
AF1000 273.9  48.9 273.9  48.9 1.43E-04 000.6 236.7  63.5 0.108687 0.088960 0.033164 hargrave 2019-09-15 17:15:28 
AF1050 270.7  45.9 270.7  45.9 1.44E-04 000.6 243.5  61.6 0.097376 0.112468 0.038336 hargrave 2019-09-15 17:16:49 
AF1100 270.6  52.0 270.6  52.0 1.27E-04 000.7 230.9  60.9 0.102391 0.108135 0.030403 hargrave 2019-09-15 17:18:10 
AF1150 297.8  50.9 297.8  50.9 1.13E-04 000.8 208.5  76.0 0.107628 0.104675 0.012247 hargrave 2019-09-15 17:19:31 
AF1200 282.8  53.4 282.8  53.4 1.04E-04 000.7 222.1  67.4 0.086729 0.087002 0.013816 hargrave 2019-09-15 17:20:53 
AF1250 284.1  51.2 284.1  51.2 1.04E-04 000.7 226.3  69.1 0.062535 0.114409 0.018700 hargrave 2019-09-15 17:22:15 
AF1300 281.8  59.1 281.8  59.1 9.04E-05 000.7 211.4  63.8 0.093183 0.048974 0.014692 hargrave 2019-09-15 17:23:38 
