BD6- 8a mag compass orientation (IGRF corrected)
      0 345.1  46.0   0.0   0.0   1.0
NRM    264.9  45.4 264.9  45.4 1.08E-02 000.6 105.2  82.9 7.988633 7.988695 0.965963 hargrave 2019-09-16 04:37:35 
AF  10 267.0  45.3 267.0  45.3 1.04E-02 000.6 103.2  81.5 7.584619 7.693578 1.017084 hargrave 2019-09-16 04:38:56 
AF  20 273.5  44.4 273.5  44.4 9.45E-03 000.6 098.3  76.8 6.761133 6.941278 1.200580 hargrave 2019-09-16 04:40:16 
AF  30 280.6  43.0 280.6  43.0 8.44E-03 000.6 096.0  71.5 5.856457 6.105011 1.388138 hargrave 2019-09-16 04:41:37 
AF  40 286.9  41.4 286.9  41.4 7.51E-03 000.6 094.7  66.7 4.950615 5.322290 1.498357 hargrave 2019-09-16 04:42:59 
AF  50 289.8  40.3 289.8  40.3 6.89E-03 000.6 094.0  64.2 4.597805 4.787105 1.464226 hargrave 2019-09-16 04:44:19 
AF  60 291.4  39.6 291.4  39.6 6.27E-03 000.5 093.4  62.8 4.074263 4.287030 1.410905 hargrave 2019-09-16 04:45:39 
AF  70 292.3  38.9 292.3  38.9 5.73E-03 000.5 092.6  61.9 3.716760 3.882785 1.319800 hargrave 2019-09-16 04:46:59 
AF  80 293.0  38.4 293.0  38.4 5.18E-03 000.5 092.1  61.2 3.360796 3.497422 1.200762 hargrave 2019-09-16 04:48:18 
AF  90 294.3  37.6 294.3  37.6 4.61E-03 000.5 091.5  60.0 2.867088 3.083844 1.136243 hargrave 2019-09-16 04:49:38 
AF 100 294.6  36.9 294.6  36.9 4.16E-03 000.5 090.4  59.4 2.664244 2.729843 1.029480 hargrave 2019-09-16 04:50:57 
AF 120 295.7  35.9 295.7  35.9 3.49E-03 000.5 089.5  58.2 2.201134 2.260341 0.888103 hargrave 2019-09-16 04:52:17 
AF 140 296.2  35.3 296.2  35.3 2.98E-03 000.5 088.7  57.5 1.871223 1.898168 0.763888 hargrave 2019-09-16 04:53:37 
AF 160 297.7  33.5 297.7  33.5 2.55E-03 000.5 087.1  55.6 1.538249 1.570174 0.675822 hargrave 2019-09-16 04:54:57 
AF 180 298.2  33.2 298.2  33.2 2.27E-03 000.5 086.9  55.0 1.340515 1.355092 0.607165 hargrave 2019-09-16 04:56:16 
AF 200 299.6  32.1 299.6  32.1 2.01E-03 000.5 086.4  53.5 1.168727 1.168247 0.549314 hargrave 2019-09-16 04:57:36 
AF 250 300.2  31.0 300.2  31.0 1.60E-03 000.5 085.3  52.4 0.924348 0.923862 0.438553 hargrave 2019-09-16 04:58:55 
AF 300 302.2  28.7 302.2  28.7 1.30E-03 000.5 083.8  49.7 0.739646 0.696747 0.383085 hargrave 2019-09-16 05:00:15 
AF 350 299.9  29.4 299.9  29.4 1.08E-03 000.5 082.9  51.8 0.614832 0.592352 0.292436 hargrave 2019-09-16 05:01:34 
AF 400 299.9  27.3 299.9  27.3 9.30E-04 000.4 080.2  50.5 0.501220 0.492049 0.249814 hargrave 2019-09-16 05:02:53 
AF 450 301.1  27.6 301.1  27.6 7.96E-04 000.5 081.5  49.9 0.447680 0.408407 0.226625 hargrave 2019-09-16 05:04:13 
AF 500 300.4  28.6 300.4  28.6 7.23E-04 000.5 082.3  51.0 0.407578 0.397344 0.207887 hargrave 2019-09-16 05:05:33 
AF 550 302.5  28.3 302.5  28.3 6.74E-04 000.5 083.6  49.3 0.401911 0.355780 0.199002 hargrave 2019-09-16 05:06:53 
AF 600 302.7  28.3 302.7  28.3 6.19E-04 000.5 083.7  49.2 0.337613 0.337511 0.180063 hargrave 2019-09-16 05:08:12 
AF 650 302.0  30.7 302.0  30.7 5.31E-04 000.5 086.3  51.0 0.290078 0.299391 0.151706 hargrave 2019-09-16 05:09:32 
AF 700 304.0  31.6 304.0  31.6 5.04E-04 000.5 089.0  50.1 0.307179 0.279322 0.154359 hargrave 2019-09-16 05:10:51 
AF 750 307.8  31.0 307.8  31.0 4.70E-04 000.5 090.8  47.0 0.261944 0.252863 0.146306 hargrave 2019-09-16 05:12:10 
AF 800 306.2  26.9 306.2  26.9 4.02E-04 000.5 084.8  45.9 0.225877 0.203357 0.128211 hargrave 2019-09-16 05:13:30 
AF 850 296.3  31.7 296.3  31.7 3.85E-04 000.5 083.2  55.7 0.226259 0.232044 0.090285 hargrave 2019-09-16 05:14:50 
AF 900 301.8  27.1 301.8  27.1 3.41E-04 000.5 081.5  49.1 0.209215 0.149829 0.095096 hargrave 2019-09-16 05:16:10 
AF 950 302.7  29.9 302.7  29.9 3.54E-04 000.5 085.8  50.1 0.190268 0.196443 0.100169 hargrave 2019-09-16 05:17:30 
AF1000 305.1  27.3 305.1  27.3 3.13E-04 000.5 084.4  46.9 0.204992 0.165410 0.092530 hargrave 2019-09-16 05:18:50 
AF1050 299.9  29.9 299.9  29.9 2.78E-04 000.5 083.6  52.1 0.154079 0.182348 0.075012 hargrave 2019-09-16 05:20:10 
AF1100 300.6  28.9 300.6  28.9 2.54E-04 000.5 082.8  51.0 0.143402 0.140024 0.075467 hargrave 2019-09-16 05:21:30 
AF1150 299.1  27.7 299.1  27.7 2.46E-04 000.5 080.0  51.4 0.141945 0.146451 0.065007 hargrave 2019-09-16 05:22:51 
AF1200 298.7  33.3 298.7  33.3 2.35E-04 000.5 087.5  54.8 0.155976 0.135843 0.059600 hargrave 2019-09-16 05:24:13 
AF1250 298.0  26.4 298.0  26.4 2.08E-04 000.5 077.4  51.4 0.128981 0.122920 0.058297 hargrave 2019-09-16 05:25:34 
AF1300 304.9  28.5 304.9  28.5 2.19E-04 000.5 085.6  47.6 0.120139 0.114961 0.064045 hargrave 2019-09-16 05:26:56 
