BD6- 3a mag compass orientation (IGRF corrected)
      0  42.1  91.0   0.0   0.0   1.0
NRM    266.1  32.5 266.1  32.5 6.74E-03 000.4 228.0  35.2 2.553120 2.987126 3.602782 hargrave 2019-09-16 00:17:33 
AF  10 268.2  32.3 268.2  32.3 6.58E-03 000.5 227.1  36.9 2.816593 2.860785 3.583215 hargrave 2019-09-16 00:18:53 
AF  20 274.1  32.4 274.1  32.4 6.18E-03 000.5 223.5  41.0 2.658282 2.792812 3.308720 hargrave 2019-09-16 00:20:13 
AF  30 280.1  32.3 280.1  32.3 5.79E-03 000.5 219.3  45.0 3.063933 2.640309 3.032699 hargrave 2019-09-16 00:21:33 
AF  40 284.5  31.8 284.5  31.8 5.41E-03 000.5 216.1  48.1 2.503245 2.566078 2.757875 hargrave 2019-09-16 00:22:52 
AF  50 286.4  31.6 286.4  31.6 5.09E-03 000.5 214.5  49.3 2.401698 2.464850 2.519286 hargrave 2019-09-16 00:24:12 
AF  60 288.0  31.2 288.0  31.2 4.73E-03 000.5 213.3  50.5 2.263978 2.389207 2.337118 hargrave 2019-09-16 00:25:32 
AF  70 288.8  31.2 288.8  31.2 4.30E-03 000.5 212.5  51.0 2.063692 2.205220 2.039738 hargrave 2019-09-16 00:26:52 
AF  80 290.0  30.4 290.0  30.4 3.93E-03 000.5 211.9  52.2 1.932062 2.051773 1.851691 hargrave 2019-09-16 00:28:12 
AF  90 291.0  29.9 291.0  29.9 3.58E-03 000.5 211.3  53.1 1.779223 1.875592 1.646113 hargrave 2019-09-16 00:29:32 
AF 100 291.7  29.8 291.7  29.8 3.24E-03 000.5 210.6  53.6 1.644192 1.745231 1.450571 hargrave 2019-09-16 00:30:52 
AF 120 293.2  29.0 293.2  29.0 2.72E-03 000.5 209.5  55.0 1.440840 1.575676 1.161411 hargrave 2019-09-16 00:32:12 
AF 140 294.4  28.8 294.4  28.8 2.31E-03 000.5 208.2  55.8 1.275288 1.366517 0.949302 hargrave 2019-09-16 00:33:32 
AF 160 295.6  28.4 295.6  28.4 1.99E-03 000.5 207.0  56.6 1.148252 1.210020 0.779488 hargrave 2019-09-16 00:34:52 
AF 180 296.8  28.0 296.8  28.0 1.73E-03 000.5 205.7  57.5 1.043810 1.096990 0.647203 hargrave 2019-09-16 00:36:12 
AF 200 298.2  27.9 298.2  27.9 1.53E-03 000.6 203.7  58.2 0.946399 1.021660 0.554324 hargrave 2019-09-16 00:37:32 
AF 250 298.6  27.0 298.6  27.0 1.23E-03 000.6 203.9  59.1 0.798321 0.851348 0.411500 hargrave 2019-09-16 00:38:52 
AF 300 300.5  27.6 300.5  27.6 9.71E-04 000.6 200.5  59.3 0.614547 0.731782 0.311597 hargrave 2019-09-16 00:40:16 
AF 350 301.7  26.9 301.7  26.9 8.07E-04 000.6 199.1  60.4 0.561641 0.596434 0.245876 hargrave 2019-09-16 00:41:35 
AF 400 302.9  26.9 302.9  26.9 6.98E-04 000.9 197.0  60.7 0.480168 0.988712 0.212455 hargrave 2019-09-16 00:42:55 
AF 450 303.0  29.7 303.0  29.7 6.08E-04 000.6 195.1  58.0 0.430561 0.422660 0.192514 hargrave 2019-09-16 00:44:16 
AF 500 306.3  27.5 306.3  27.5 5.11E-04 000.6 190.6  60.9 0.383840 0.380624 0.144905 hargrave 2019-09-16 00:45:36 
AF 550 302.9  28.7 302.9  28.7 4.51E-04 000.6 195.8  59.0 0.342198 0.342363 0.138059 hargrave 2019-09-16 00:46:55 
AF 600 301.4  25.1 301.4  25.1 4.25E-04 000.6 201.0  61.9 0.304229 0.332789 0.125883 hargrave 2019-09-16 00:48:16 
AF 650 306.3  24.0 306.3  24.0 3.88E-04 000.6 192.3  64.4 0.287496 0.311136 0.103373 hargrave 2019-09-16 00:49:36 
AF 700 303.0  27.0 303.0  27.0 3.48E-04 000.7 196.7  60.6 0.267420 0.284322 0.107246 hargrave 2019-09-16 00:50:56 
AF 750 301.6  24.7 301.6  24.7 3.19E-04 000.7 200.9  62.3 0.246454 0.269370 0.095788 hargrave 2019-09-16 00:52:15 
AF 800 300.9  26.8 300.9  26.8 3.03E-04 000.6 200.5  60.2 0.220216 0.233716 0.094819 hargrave 2019-09-16 00:53:35 
AF 850 301.1  22.8 301.1  22.8 2.63E-04 000.8 203.6  63.9 0.237601 0.242067 0.076930 hargrave 2019-09-16 00:54:56 
AF 900 300.1  23.2 300.1  23.2 2.52E-04 000.7 205.0  63.1 0.207769 0.192246 0.076160 hargrave 2019-09-16 00:56:16 
AF 950 306.7  25.9 306.7  25.9 2.15E-04 000.7 190.6  62.6 0.180930 0.189581 0.064551 hargrave 2019-09-16 00:57:36 
AF1000 298.1  28.7 298.1  28.7 1.97E-04 000.7 203.3  57.4 0.166991 0.179549 0.064106 hargrave 2019-09-16 00:58:57 
AF1050 297.2  24.7 297.2  24.7 2.05E-04 000.7 208.3  60.5 0.173583 0.178514 0.063257 hargrave 2019-09-16 01:00:17 
AF1100 301.6  27.1 301.6  27.1 1.80E-04 000.8 198.9  60.2 0.169818 0.178830 0.043871 hargrave 2019-09-16 01:01:38 
AF1150 300.9  30.3 300.9  30.3 1.85E-04 000.7 197.8  56.9 0.157512 0.137084 0.057709 hargrave 2019-09-16 01:03:00 
AF1200 307.7  21.7 307.7  21.7 1.45E-04 000.7 190.4  66.9 0.139450 0.114260 0.036474 hargrave 2019-09-16 01:04:21 
AF1250 302.3  32.3 302.3  32.3 1.45E-04 000.7 194.6  55.4 0.156184 0.098899 0.047118 hargrave 2019-09-16 01:05:44 
AF1300 300.6  22.4 300.6  22.4 1.32E-04 000.9 204.9  64.0 0.134621 0.142032 0.046247 hargrave 2019-09-16 01:07:06 
