BD6- 2a mag compass orientation (IGRF corrected)
      0  47.1  87.0   0.0   0.0   1.0
NRM    264.2  32.5 264.2  32.5 9.15E-03 000.5 232.9  32.5 5.437406 4.139288 4.477595 hargrave 2019-09-15 23:25:53 
AF  10 266.2  32.6 266.2  32.6 8.90E-03 000.5 232.0  34.0 5.750176 4.164511 4.359806 hargrave 2019-09-15 23:27:13 
AF  20 272.1  32.9 272.1  32.9 8.29E-03 000.5 229.2  38.4 5.555833 4.169011 4.026265 hargrave 2019-09-15 23:28:32 
AF  30 278.8  32.8 278.8  32.8 7.67E-03 000.6 225.8  43.4 5.390319 4.303176 3.648648 hargrave 2019-09-15 23:29:51 
AF  40 284.2  32.1 284.2  32.1 7.09E-03 000.6 223.1  47.6 5.232159 4.292755 3.288133 hargrave 2019-09-15 23:32:01 
AF  50 286.2  31.7 286.2  31.7 6.61E-03 000.6 221.9  49.1 4.908641 4.150141 3.017291 hargrave 2019-09-15 23:33:20 
AF  60 287.6  31.2 287.6  31.2 6.08E-03 000.6 221.4  50.4 4.465614 3.878252 2.753791 hargrave 2019-09-15 23:34:39 
AF  70 288.0  31.2 288.0  31.2 5.43E-03 000.6 221.0  50.6 4.029532 3.495299 2.452624 hargrave 2019-09-15 23:35:59 
AF  80 288.8  30.8 288.8  30.8 4.87E-03 000.6 220.8  51.5 3.621561 3.152840 2.186091 hargrave 2019-09-15 23:37:18 
AF  90 289.4  30.7 289.4  30.7 4.32E-03 000.6 220.4  51.9 3.213744 2.781811 1.907682 hargrave 2019-09-15 23:38:38 
AF 100 289.5  30.7 289.5  30.7 3.81E-03 000.6 220.2  51.9 2.877127 2.542494 1.684298 hargrave 2019-09-15 23:39:57 
AF 120 290.3  30.3 290.3  30.3 3.10E-03 000.6 220.1  52.8 2.350041 2.104300 1.355276 hargrave 2019-09-15 23:41:17 
AF 140 291.3  29.9 291.3  29.9 2.52E-03 000.6 219.5  53.6 1.907019 1.728276 1.100996 hargrave 2019-09-15 23:42:36 
AF 160 291.9  29.3 291.9  29.3 2.09E-03 000.6 219.7  54.4 1.598708 1.448733 0.885153 hargrave 2019-09-15 23:43:56 
AF 180 292.8  30.0 292.8  30.0 1.79E-03 000.6 217.9  54.6 1.349151 1.232249 0.763934 hargrave 2019-09-15 23:45:15 
AF 200 293.7  29.4 293.7  29.4 1.55E-03 000.6 217.6  55.5 1.133023 1.090087 0.652471 hargrave 2019-09-15 23:46:34 
AF 250 294.9  28.3 294.9  28.3 1.15E-03 000.6 217.6  57.0 0.836003 0.810454 0.457678 hargrave 2019-09-15 23:47:53 
AF 300 295.7  27.7 295.7  27.7 8.77E-04 000.6 217.6  57.9 0.642465 0.659109 0.334648 hargrave 2019-09-15 23:49:13 
AF 350 299.1  26.5 299.1  26.5 7.16E-04 000.6 214.7  60.9 0.517555 0.518918 0.260961 hargrave 2019-09-15 23:50:32 
AF 400 296.2  24.2 296.2  24.2 5.84E-04 000.6 221.7  60.7 0.397665 0.432736 0.198121 hargrave 2019-09-15 23:51:51 
AF 450 294.0  25.5 294.0  25.5 5.36E-04 000.6 222.5  58.4 0.372886 0.415819 0.191674 hargrave 2019-09-15 23:53:11 
AF 500 298.6  26.0 298.6  26.0 4.49E-04 000.7 215.9  61.0 0.364952 0.351708 0.147501 hargrave 2019-09-15 23:54:30 
AF 550 299.0  26.0 299.0  26.0 3.90E-04 000.6 215.3  61.2 0.276297 0.285234 0.129642 hargrave 2019-09-15 23:55:49 
AF 600 298.5  25.5 298.5  25.5 3.30E-04 000.6 216.8  61.3 0.214541 0.233813 0.108109 hargrave 2019-09-15 23:57:08 
AF 650 298.9  23.4 298.9  23.4 3.01E-04 000.7 219.3  63.1 0.265232 0.258953 0.087413 hargrave 2019-09-15 23:58:28 
AF 700 303.8  25.9 303.8  25.9 2.72E-04 000.7 208.0  63.8 0.240697 0.237784 0.080925 hargrave 2019-09-15 23:59:47 
AF 750 301.6  20.7 301.6  20.7 2.57E-04 000.7 219.4  66.8 0.229255 0.234399 0.063501 hargrave 2019-09-16 00:01:07 
AF 800 299.4  20.0 299.4  20.0 2.19E-04 000.7 224.2  65.8 0.181698 0.173047 0.051766 hargrave 2019-09-16 00:02:27 
AF 850 294.0  25.0 294.0  25.0 1.85E-04 000.8 223.2  58.7 0.166947 0.174761 0.061961 hargrave 2019-09-16 00:03:47 
AF 900 304.3  29.0 304.3  29.0 1.97E-04 000.8 203.8  61.3 0.193381 0.200375 0.055178 hargrave 2019-09-16 00:05:07 
AF 950 309.0  19.6 309.0  19.6 1.63E-04 000.8 204.9  71.6 0.154525 0.164400 0.035886 hargrave 2019-09-16 00:06:28 
AF1000 309.3  20.7 309.3  20.7 1.35E-04 000.9 202.5  70.7 0.145838 0.139894 0.033923 hargrave 2019-09-16 00:07:49 
AF1050 301.6  18.2 301.6  18.2 1.49E-04 001.0 223.9  68.5 0.176155 0.188325 0.037973 hargrave 2019-09-16 00:09:09 
AF1100 302.2  24.7 302.2  24.7 1.38E-04 000.8 212.1  64.0 0.143905 0.138712 0.022236 hargrave 2019-09-16 00:10:30 
AF1150 290.8  21.7 290.8  21.7 1.26E-04 001.0 231.7  58.4 0.153303 0.150185 0.042794 hargrave 2019-09-16 00:11:51 
AF1200 294.0  48.0 294.0  48.0 9.96E-05 001.0 200.3  40.8 0.130517 0.138236 0.023436 hargrave 2019-09-16 00:13:13 
AF1250 302.8  28.5 302.8  28.5 1.27E-04 000.9 206.7  61.1 0.153039 0.133276 0.037470 hargrave 2019-09-16 00:14:35 
AF1300 292.2  28.3 292.2  28.3 1.00E-04 001.1 220.7  55.3 0.148954 0.145622 0.017972 hargrave 2019-09-16 00:15:58 
