BD6- 5a mag compass orientation (IGRF corrected)
      0  54.1  68.0   0.0   0.0   1.0
NRM    272.5  38.9 272.5  38.9 6.91E-03 000.5 236.7  43.1 4.391591 3.975577 2.816774 hargrave 2019-09-16 02:01:34 
AF  10 274.5  38.6 274.5  38.6 6.77E-03 000.5 236.8  44.7 4.301247 4.012120 2.702342 hargrave 2019-09-16 02:02:55 
AF  20 279.8  38.0 279.8  38.0 6.39E-03 000.6 236.9  48.9 4.167007 3.969714 2.396533 hargrave 2019-09-16 02:04:15 
AF  30 285.6  37.0 285.6  37.0 6.01E-03 000.6 236.9  53.6 4.103046 3.949919 2.083401 hargrave 2019-09-16 02:05:36 
AF  40 290.5  35.6 290.5  35.6 5.66E-03 000.6 237.6  57.8 3.961760 3.870312 1.785762 hargrave 2019-09-16 02:06:56 
AF  50 292.7  34.7 292.7  34.7 5.40E-03 000.6 238.3  59.8 3.862927 3.732147 1.593941 hargrave 2019-09-16 02:08:17 
AF  60 294.4  33.8 294.4  33.8 5.13E-03 000.6 239.2  61.4 3.673527 3.640138 1.461405 hargrave 2019-09-16 02:09:37 
AF  70 295.5  33.0 295.5  33.0 4.87E-03 000.6 240.2  62.4 3.539774 3.481889 1.344145 hargrave 2019-09-16 02:10:58 
AF  80 296.5  32.5 296.5  32.5 4.60E-03 000.6 240.8  63.4 3.332412 3.288265 1.236131 hargrave 2019-09-16 02:12:18 
AF  90 297.0  31.9 297.0  31.9 4.33E-03 000.6 241.9  64.0 3.157097 3.117565 1.137558 hargrave 2019-09-16 02:13:39 
AF 100 297.7  31.3 297.7  31.3 4.08E-03 000.6 242.7  64.7 2.930679 2.895530 1.044373 hargrave 2019-09-16 02:14:59 
AF 120 298.3  30.5 298.3  30.5 3.70E-03 000.6 244.4  65.4 2.659169 2.632432 0.931259 hargrave 2019-09-16 02:16:20 
AF 140 298.4  29.9 298.4  29.9 3.29E-03 000.6 245.6  65.7 2.425733 2.354651 0.819242 hargrave 2019-09-16 02:17:40 
AF 160 298.6  29.6 298.6  29.6 3.00E-03 000.6 246.3  65.9 2.215126 2.172870 0.736613 hargrave 2019-09-16 02:19:00 
AF 180 298.4  29.3 298.4  29.3 2.75E-03 000.6 247.0  65.7 2.002476 1.958171 0.675551 hargrave 2019-09-16 02:20:21 
AF 200 299.0  29.1 299.0  29.1 2.51E-03 000.6 247.4  66.3 1.844235 1.767457 0.606322 hargrave 2019-09-16 02:21:41 
AF 250 299.5  28.4 299.5  28.4 2.05E-03 000.6 248.9  66.9 1.463734 1.477396 0.477453 hargrave 2019-09-16 02:23:01 
AF 300 299.1  28.4 299.1  28.4 1.67E-03 000.6 249.0  66.5 1.207265 1.213187 0.392851 hargrave 2019-09-16 02:24:22 
AF 350 299.6  27.8 299.6  27.8 1.41E-03 000.6 250.3  67.1 1.063661 1.062469 0.328493 hargrave 2019-09-16 02:25:42 
AF 400 299.3  27.3 299.3  27.3 1.21E-03 000.6 251.8  66.9 0.904918 0.949504 0.278826 hargrave 2019-09-16 02:27:02 
AF 450 299.4  28.6 299.4  28.6 1.04E-03 000.6 248.5  66.7 0.802060 0.802640 0.244970 hargrave 2019-09-16 02:28:23 
AF 500 299.8  27.7 299.8  27.7 9.22E-04 000.6 250.5  67.3 0.686971 0.708309 0.214011 hargrave 2019-09-16 02:29:43 
AF 550 300.0  27.3 300.0  27.3 8.02E-04 000.6 251.6  67.5 0.594391 0.600133 0.187840 hargrave 2019-09-16 02:31:05 
AF 600 299.0  26.2 299.0  26.2 7.26E-04 000.6 254.5  66.7 0.522826 0.554772 0.173201 hargrave 2019-09-16 02:32:25 
AF 650 301.3  25.1 301.3  25.1 6.44E-04 000.6 257.0  68.9 0.465080 0.486313 0.135005 hargrave 2019-09-16 02:33:46 
AF 700 299.8  28.0 299.8  28.0 5.88E-04 000.6 249.8  67.2 0.421406 0.469664 0.135460 hargrave 2019-09-16 02:35:06 
AF 750 298.5  28.2 298.5  28.2 5.47E-04 000.6 249.8  66.1 0.384554 0.436580 0.136230 hargrave 2019-09-16 02:36:27 
AF 800 298.9  27.0 298.9  27.0 5.04E-04 000.6 252.5  66.6 0.385951 0.395908 0.123495 hargrave 2019-09-16 02:37:47 
AF 850 299.2  27.3 299.2  27.3 4.48E-04 000.6 251.9  66.8 0.312492 0.352295 0.107237 hargrave 2019-09-16 02:39:08 
AF 900 299.4  27.1 299.4  27.1 4.34E-04 000.6 252.2  67.0 0.276353 0.348916 0.104706 hargrave 2019-09-16 02:40:29 
AF 950 300.1  25.9 300.1  25.9 3.90E-04 000.6 255.0  67.7 0.262585 0.323579 0.093565 hargrave 2019-09-16 02:41:49 
AF1000 300.9  28.0 300.9  28.0 3.63E-04 000.7 249.3  68.2 0.269121 0.313050 0.075265 hargrave 2019-09-16 02:43:10 
AF1050 298.7  25.2 298.7  25.2 3.26E-04 000.6 257.1  66.6 0.235235 0.270168 0.074438 hargrave 2019-09-16 02:44:32 
AF1100 298.4  30.1 298.4  30.1 3.23E-04 000.7 245.3  65.6 0.249071 0.258009 0.081006 hargrave 2019-09-16 02:45:53 
AF1150 297.6  27.1 297.6  27.1 2.90E-04 000.6 252.7  65.4 0.217834 0.219095 0.077108 hargrave 2019-09-16 02:47:15 
AF1200 298.2  28.2 298.2  28.2 2.74E-04 000.6 249.7  65.8 0.213955 0.208907 0.066921 hargrave 2019-09-16 02:48:37 
AF1250 302.6  26.8 302.6  26.8 2.57E-04 000.7 251.9  69.8 0.172383 0.237910 0.059655 hargrave 2019-09-16 02:49:59 
AF1300 302.9  25.4 302.9  25.4 2.23E-04 000.6 255.9  70.3 0.149626 0.191121 0.051726 hargrave 2019-09-16 02:51:22 
