BD6- 1a mag compass orientation (IGRF corrected)
      0  43.1  82.0   0.0   0.0   1.0
NRM    263.4  40.3 263.4  40.3 1.86E-02 000.4 225.5  35.3 7.726999 10.57819 6.747674 hargrave 2019-09-15 22:33:00 
AF  10 264.7  40.9 264.7  40.9 1.82E-02 000.4 224.4  36.0 7.704575 10.14727 6.531076 hargrave 2019-09-15 22:34:19 
AF  20 271.1  41.7 271.1  41.7 1.70E-02 000.4 220.7  39.9 7.215759 10.08627 5.680994 hargrave 2019-09-15 22:35:38 
AF  30 278.9  42.0 278.9  42.0 1.58E-02 000.5 215.8  44.6 7.053855 10.23199 4.736062 hargrave 2019-09-15 22:36:59 
AF  40 285.0  41.6 285.0  41.6 1.47E-02 000.5 211.9  48.2 6.574010 9.569451 3.998655 hargrave 2019-09-15 22:38:18 
AF  50 287.2  41.3 287.2  41.3 1.37E-02 000.5 210.3  49.5 6.350557 9.261853 3.609792 hargrave 2019-09-15 22:39:38 
AF  60 288.9  41.0 288.9  41.0 1.26E-02 000.5 209.2  50.6 5.913508 8.699720 3.219601 hargrave 2019-09-15 22:40:57 
AF  70 289.6  40.8 289.6  40.8 1.14E-02 000.5 208.7  51.1 5.269563 7.749729 2.872761 hargrave 2019-09-15 22:42:16 
AF  80 290.3  40.6 290.3  40.6 1.01E-02 000.5 208.3  51.6 4.813520 6.920858 2.518590 hargrave 2019-09-15 22:43:36 
AF  90 291.1  40.3 291.1  40.3 8.91E-03 000.5 207.8  52.2 4.307875 6.157985 2.194698 hargrave 2019-09-15 22:44:55 
AF 100 291.4  40.2 291.4  40.2 7.78E-03 000.5 207.5  52.4 3.777619 5.397662 1.925861 hargrave 2019-09-15 22:46:15 
AF 120 292.5  40.1 292.5  40.1 6.09E-03 000.5 206.5  53.0 3.075600 4.324605 1.516295 hargrave 2019-09-15 22:47:34 
AF 140 293.0  40.3 293.0  40.3 4.71E-03 000.5 205.8  53.1 2.429836 3.328807 1.201739 hargrave 2019-09-15 22:48:54 
AF 160 293.7  39.6 293.7  39.6 3.83E-03 000.5 205.7  53.9 2.038550 2.722951 0.974614 hargrave 2019-09-15 22:50:13 
AF 180 294.6  39.5 294.6  39.5 3.13E-03 000.5 204.9  54.4 1.709503 2.284993 0.806537 hargrave 2019-09-15 22:51:32 
AF 200 294.4  39.1 294.4  39.1 2.58E-03 000.6 205.4  54.7 1.487094 1.933937 0.674051 hargrave 2019-09-15 22:52:52 
AF 250 296.1  37.4 296.1  37.4 1.85E-03 000.6 205.1  56.8 1.134771 1.398275 0.490586 hargrave 2019-09-15 22:54:11 
AF 300 299.8  36.3 299.8  36.3 1.34E-03 000.6 201.3  59.2 0.846175 0.999895 0.343114 hargrave 2019-09-15 22:55:31 
AF 350 302.2  36.7 302.2  36.7 1.03E-03 000.6 197.5  59.6 0.674038 0.776299 0.268831 hargrave 2019-09-15 22:56:50 
AF 400 300.4  34.0 300.4  34.0 8.15E-04 000.6 202.4  61.5 0.564176 0.640110 0.215611 hargrave 2019-09-15 22:58:10 
AF 450 300.7  34.2 300.7  34.2 7.14E-04 000.6 201.9  61.4 0.499500 0.545746 0.192763 hargrave 2019-09-15 22:59:29 
AF 500 302.2  33.9 302.2  33.9 5.63E-04 000.7 199.7  62.2 0.428666 0.452152 0.158704 hargrave 2019-09-15 23:00:49 
AF 550 305.0  33.5 305.0  33.5 5.10E-04 000.7 195.3  63.5 0.392487 0.422373 0.121045 hargrave 2019-09-15 23:02:08 
AF 600 300.4  28.7 300.4  28.7 4.48E-04 000.7 208.4  66.1 0.346753 0.373151 0.119707 hargrave 2019-09-15 23:03:29 
AF 650 300.5  33.6 300.5  33.6 4.01E-04 000.7 202.7  61.9 0.305516 0.336949 0.117108 hargrave 2019-09-15 23:04:49 
AF 700 300.9  35.6 300.9  35.6 3.77E-04 000.7 200.2  60.2 0.296212 0.335409 0.110425 hargrave 2019-09-15 23:06:08 
AF 750 304.0  38.4 304.0  38.4 3.49E-04 000.7 193.7  58.5 0.261662 0.317297 0.111971 hargrave 2019-09-15 23:07:28 
AF 800 307.6  32.8 307.6  32.8 3.41E-04 000.8 190.9  64.7 0.314849 0.326359 0.085818 hargrave 2019-09-15 23:08:47 
AF 850 303.1  32.3 303.1  32.3 2.74E-04 000.7 199.6  64.0 0.224592 0.258509 0.074622 hargrave 2019-09-15 23:10:07 
AF 900 309.4  35.0 309.4  35.0 2.38E-04 001.0 186.6  62.8 0.285058 0.286121 0.075895 hargrave 2019-09-15 23:11:27 
AF 950 301.2  28.3 301.2  28.3 2.44E-04 000.9 207.5  66.8 0.290493 0.276217 0.066184 hargrave 2019-09-15 23:12:47 
AF1000 308.9  32.8 308.9  32.8 2.32E-04 000.9 188.3  64.9 0.243851 0.272097 0.062225 hargrave 2019-09-15 23:14:07 
AF1050 295.6  27.7 295.6  27.7 1.95E-04 001.0 217.9  64.3 0.248165 0.249621 0.063116 hargrave 2019-09-15 23:15:28 
AF1100 305.8  33.0 305.8  33.0 1.69E-04 001.1 194.2  64.1 0.227528 0.215604 0.050349 hargrave 2019-09-15 23:16:48 
AF1150 300.9  34.9 300.9  34.9 1.67E-04 001.1 200.9  60.9 0.217944 0.227160 0.059096 hargrave 2019-09-15 23:18:09 
AF1200 303.7  31.9 303.7  31.9 1.50E-04 001.2 198.9  64.6 0.223730 0.217960 0.044462 hargrave 2019-09-15 23:19:30 
AF1250 302.5  34.3 302.5  34.3 1.49E-04 001.2 198.9  62.0 0.213224 0.219274 0.047938 hargrave 2019-09-15 23:20:51 
AF1300 305.5  33.9 305.5  33.9 1.41E-04 001.2 194.1  63.1 0.234890 0.214013 0.030565 hargrave 2019-09-15 23:22:13 
