BD6- 4a mag compass orientation (IGRF corrected)
      0  45.1  87.0   0.0   0.0   1.0
NRM    273.2  37.7 273.2  37.7 7.98E-03 000.5 222.4  38.3 3.475530 5.088950 2.766761 hargrave 2019-09-16 01:08:38 
AF  10 276.7  38.3 276.7  38.3 7.76E-03 000.5 219.8  40.3 3.510464 4.939149 2.675037 hargrave 2019-09-16 01:09:59 
AF  20 282.6  38.8 282.6  38.8 7.36E-03 000.5 215.3  43.6 3.484971 4.854384 2.454884 hargrave 2019-09-16 01:11:18 
AF  30 288.3  38.6 288.3  38.6 6.97E-03 000.5 211.0  46.9 3.388138 4.800951 2.229786 hargrave 2019-09-16 01:12:39 
AF  40 292.2  37.7 292.2  37.7 6.57E-03 000.5 208.3  49.5 3.362931 4.589416 1.978211 hargrave 2019-09-16 01:14:49 
AF  50 293.5  37.2 293.5  37.2 6.21E-03 000.5 207.4  50.4 3.217253 4.390116 1.875531 hargrave 2019-09-16 01:16:09 
AF  60 294.5  36.6 294.5  36.6 5.78E-03 000.5 207.0  51.4 3.048984 4.127267 1.714014 hargrave 2019-09-16 01:17:29 
AF  70 294.9  36.0 294.9  36.0 5.33E-03 000.5 207.0  52.1 2.869036 3.799752 1.574108 hargrave 2019-09-16 01:18:49 
AF  80 295.1  35.8 295.1  35.8 4.81E-03 000.5 207.0  52.4 2.609925 3.498240 1.423443 hargrave 2019-09-16 01:20:10 
AF  90 294.8  35.8 294.8  35.8 4.22E-03 000.5 207.3  52.2 2.337243 3.004196 1.267325 hargrave 2019-09-16 01:21:30 
AF 100 295.2  35.0 295.2  35.0 3.90E-03 000.5 207.6  53.1 2.208195 2.796078 1.174622 hargrave 2019-09-16 01:22:50 
AF 120 295.3  34.0 295.3  34.0 3.31E-03 000.6 208.5  54.0 1.988352 2.409885 0.998949 hargrave 2019-09-16 01:24:10 
AF 140 294.8  33.5 294.8  33.5 2.76E-03 000.6 209.5  54.1 1.705759 2.018477 0.851672 hargrave 2019-09-16 01:25:31 
AF 160 294.6  32.7 294.6  32.7 2.36E-03 000.6 210.6  54.7 1.466453 1.745143 0.736672 hargrave 2019-09-16 01:26:52 
AF 180 294.4  31.8 294.4  31.8 2.05E-03 000.6 211.8  55.3 1.297592 1.533853 0.644936 hargrave 2019-09-16 01:28:12 
AF 200 294.7  31.3 294.7  31.3 1.81E-03 000.6 212.0  55.8 1.133534 1.296567 0.575764 hargrave 2019-09-16 01:29:32 
AF 250 294.5  29.5 294.5  29.5 1.42E-03 000.6 214.4  57.1 0.917155 1.031047 0.450824 hargrave 2019-09-16 01:30:52 
AF 300 294.6  29.8 294.6  29.8 1.13E-03 000.6 213.8  56.9 0.718718 0.854033 0.368998 hargrave 2019-09-16 01:32:13 
AF 350 295.1  29.3 295.1  29.3 9.29E-04 000.6 213.8  57.6 0.638312 0.705261 0.291222 hargrave 2019-09-16 01:33:33 
AF 400 295.6  28.4 295.6  28.4 7.84E-04 000.6 214.3  58.5 0.567721 0.608218 0.244926 hargrave 2019-09-16 01:34:54 
AF 450 293.5  28.3 293.5  28.3 6.94E-04 000.6 216.9  57.4 0.465978 0.520777 0.224363 hargrave 2019-09-16 01:36:14 
AF 500 295.3  27.5 295.3  27.5 6.07E-04 000.6 215.7  59.0 0.408517 0.451044 0.197462 hargrave 2019-09-16 01:37:35 
AF 550 295.5  28.4 295.5  28.4 5.52E-04 000.6 214.4  58.5 0.356928 0.411002 0.185411 hargrave 2019-09-16 01:38:56 
AF 600 296.3  28.5 296.3  28.5 4.62E-04 000.7 213.1  58.8 0.354912 0.363987 0.157040 hargrave 2019-09-16 01:40:17 
AF 650 295.8  26.6 295.8  26.6 4.20E-04 000.6 216.3  60.0 0.285910 0.311076 0.128071 hargrave 2019-09-16 01:41:38 
AF 700 294.3  27.5 294.3  27.5 4.07E-04 000.6 217.0  58.4 0.299723 0.279268 0.126864 hargrave 2019-09-16 01:42:58 
AF 750 295.2  27.0 295.2  27.0 3.45E-04 000.6 216.5  59.4 0.249856 0.279737 0.108677 hargrave 2019-09-16 01:44:18 
AF 800 294.3  25.9 294.3  25.9 3.34E-04 000.7 219.2  59.6 0.266515 0.270045 0.109847 hargrave 2019-09-16 01:45:39 
AF 850 296.4  28.0 296.4  28.0 3.18E-04 000.7 213.7  59.3 0.246803 0.263237 0.102097 hargrave 2019-09-16 01:47:00 
AF 900 295.3  30.1 295.3  30.1 2.73E-04 000.6 212.6  57.0 0.209175 0.195767 0.083857 hargrave 2019-09-16 01:48:21 
AF 950 298.2  31.6 298.2  31.6 2.72E-04 000.7 207.3  57.2 0.206889 0.228508 0.084028 hargrave 2019-09-16 01:49:41 
AF1000 296.9  26.5 296.9  26.5 2.50E-04 000.7 214.9  60.7 0.204869 0.187281 0.082073 hargrave 2019-09-16 01:51:02 
AF1050 300.4  31.1 300.4  31.1 2.18E-04 000.6 204.6  58.7 0.181781 0.165514 0.056965 hargrave 2019-09-16 01:52:25 
AF1100 297.0  29.9 297.0  29.9 1.93E-04 000.7 210.7  58.1 0.151269 0.168918 0.065299 hargrave 2019-09-16 01:53:46 
AF1150 297.0  20.3 297.0  20.3 1.76E-04 000.7 224.1  65.3 0.151718 0.161723 0.051872 hargrave 2019-09-16 01:55:08 
AF1200 298.5  27.1 298.5  27.1 1.94E-04 000.7 211.7  61.1 0.169621 0.153867 0.056705 hargrave 2019-09-16 01:56:30 
AF1250 300.9  27.6 300.9  27.6 1.69E-04 000.8 207.6  61.9 0.180764 0.174022 0.048025 hargrave 2019-09-16 01:57:52 
AF1300 298.4  26.7 298.4  26.7 1.54E-04 000.8 212.5  61.4 0.164960 0.148345 0.034680 hargrave 2019-09-16 01:59:16 
