BD6- 6a mag compass orientation (IGRF corrected)
      0  46.1  62.0   0.0   0.0   1.0
NRM    279.3  38.5 279.3  38.5 6.57E-03 000.6 241.3  57.7 4.380095 4.283482 2.070828 hargrave 2019-09-16 02:52:48 
AF  10 281.2  38.1 281.2  38.1 6.41E-03 000.6 241.8  59.2 4.259053 4.151899 2.008304 hargrave 2019-09-16 02:54:09 
AF  20 286.0  37.0 286.0  37.0 6.05E-03 000.6 242.8  63.2 4.314271 4.028440 1.766165 hargrave 2019-09-16 02:56:18 
AF  30 291.1  35.5 291.1  35.5 5.69E-03 000.6 244.1  67.5 4.036279 3.884272 1.529641 hargrave 2019-09-16 02:57:38 
AF  40 295.2  34.1 295.2  34.1 5.33E-03 000.6 246.0  71.2 3.801795 3.746488 1.319581 hargrave 2019-09-16 02:58:58 
AF  50 297.2  33.1 297.2  33.1 5.05E-03 000.6 247.8  73.0 3.666197 3.537649 1.165578 hargrave 2019-09-16 03:00:19 
AF  60 298.7  32.3 298.7  32.3 4.79E-03 000.6 249.8  74.4 3.483293 3.380842 1.066313 hargrave 2019-09-16 03:01:39 
AF  70 299.6  31.6 299.6  31.6 4.48E-03 000.6 251.7  75.2 3.272897 3.165069 0.970572 hargrave 2019-09-16 03:02:59 
AF  80 300.4  30.9 300.4  30.9 4.19E-03 000.6 254.2  76.0 3.017361 2.922416 0.869413 hargrave 2019-09-16 03:04:20 
AF  90 301.0  30.3 301.0  30.3 3.89E-03 000.6 256.7  76.6 2.825355 2.730766 0.780898 hargrave 2019-09-16 03:05:40 
AF 100 301.5  29.7 301.5  29.7 3.65E-03 000.6 259.1  77.2 2.695027 2.583635 0.707893 hargrave 2019-09-16 03:07:00 
AF 120 302.2  28.7 302.2  28.7 3.24E-03 000.6 263.3  77.7 2.382605 2.319987 0.590372 hargrave 2019-09-16 03:08:20 
AF 140 302.9  28.0 302.9  28.0 2.87E-03 000.6 266.7  78.3 2.134770 2.044341 0.487465 hargrave 2019-09-16 03:09:41 
AF 160 303.2  27.3 303.2  27.3 2.58E-03 000.6 270.4  78.5 1.905700 1.862975 0.418616 hargrave 2019-09-16 03:11:01 
AF 180 303.2  26.7 303.2  26.7 2.35E-03 000.6 273.3  78.5 1.721849 1.668371 0.370308 hargrave 2019-09-16 03:12:21 
AF 200 303.7  26.2 303.7  26.2 2.15E-03 000.6 276.2  78.8 1.588892 1.550270 0.326960 hargrave 2019-09-16 03:13:41 
AF 250 304.5  25.9 304.5  25.9 1.76E-03 000.6 279.0  79.4 1.243501 1.281999 0.253329 hargrave 2019-09-16 03:15:01 
AF 300 304.8  25.2 304.8  25.2 1.46E-03 000.6 282.8  79.5 1.046681 1.047558 0.194344 hargrave 2019-09-16 03:16:21 
AF 350 304.7  25.2 304.7  25.2 1.26E-03 000.6 282.9  79.4 0.887918 0.890403 0.162640 hargrave 2019-09-16 03:17:41 
AF 400 304.4  25.6 304.4  25.6 1.09E-03 000.6 280.1  79.3 0.740285 0.794340 0.144064 hargrave 2019-09-16 03:19:01 
AF 450 306.1  25.4 306.1  25.4 9.97E-04 000.6 284.1  80.7 0.682575 0.709614 0.127762 hargrave 2019-09-16 03:20:21 
AF 500 306.4  25.5 306.4  25.5 8.82E-04 000.6 283.8  81.0 0.599036 0.675956 0.100282 hargrave 2019-09-16 03:21:42 
AF 550 305.3  24.9 305.3  24.9 7.89E-04 000.6 285.5  79.9 0.568940 0.611873 0.101029 hargrave 2019-09-16 03:23:02 
AF 600 306.6  26.2 306.6  26.2 7.16E-04 000.6 279.9  81.3 0.539117 0.553615 0.087868 hargrave 2019-09-16 03:24:21 
AF 650 305.3  25.5 305.3  25.5 6.45E-04 000.6 282.0  80.1 0.492522 0.501171 0.077171 hargrave 2019-09-16 03:25:42 
AF 700 306.0  25.3 306.0  25.3 5.82E-04 000.6 284.4  80.6 0.427514 0.446161 0.069399 hargrave 2019-09-16 03:27:05 
AF 750 304.4  24.6 304.4  24.6 5.46E-04 000.6 285.6  79.0 0.370255 0.456332 0.071310 hargrave 2019-09-16 03:28:25 
AF 800 305.7  24.0 305.7  24.0 5.05E-04 000.7 290.7  79.9 0.398143 0.415250 0.058242 hargrave 2019-09-16 03:29:46 
AF 850 304.8  23.4 304.8  23.4 4.71E-04 000.6 292.0  78.8 0.331104 0.353860 0.056142 hargrave 2019-09-16 03:31:06 
AF 900 308.8  24.5 308.8  24.5 4.23E-04 000.6 296.3  82.5 0.295662 0.358375 0.045291 hargrave 2019-09-16 03:32:26 
AF 950 306.4  22.8 306.4  22.8 4.02E-04 000.6 298.6  79.8 0.299870 0.311565 0.049782 hargrave 2019-09-16 03:33:47 
AF1000 308.3  20.8 308.3  20.8 3.71E-04 000.6 313.5  79.9 0.258618 0.332030 0.038856 hargrave 2019-09-16 03:35:08 
AF1050 311.0  25.6 311.0  25.6 3.46E-04 000.6 296.3  84.9 0.269004 0.253220 0.039032 hargrave 2019-09-16 03:36:32 
AF1100 306.2  23.9 306.2  23.9 3.29E-04 000.6 292.3  80.2 0.226287 0.285175 0.033707 hargrave 2019-09-16 03:37:53 
AF1150 308.2  23.3 308.2  23.3 2.96E-04 000.7 301.8  81.4 0.216443 0.284173 0.030068 hargrave 2019-09-16 03:39:14 
AF1200 304.0  23.4 304.0  23.4 2.81E-04 000.6 290.2  78.1 0.179072 0.256564 0.030484 hargrave 2019-09-16 03:40:36 
AF1250 309.6  24.1 309.6  24.1 2.69E-04 000.7 302.6  83.0 0.213767 0.223644 0.024246 hargrave 2019-09-16 03:41:58 
AF1300 303.9  20.3 303.9  20.3 2.28E-04 000.7 302.1  76.5 0.180723 0.235667 0.027193 hargrave 2019-09-16 03:43:21 
