BD6- 9a mag compass orientation (IGRF corrected)
      0 345.1  43.0   0.0   0.0   1.0
NRM    285.0  42.4 285.0  42.4 5.27E-03 000.6 088.7  68.4 3.794029 4.121546 0.844225 hargrave 2019-09-16 05:28:25 
AF  10 289.0  52.0 289.0  52.0 5.18E-03 000.7 115.4  67.6 4.982595 3.899923 1.359080 hargrave 2019-09-16 05:29:44 
AF  20 294.3  52.0 294.3  52.0 4.94E-03 000.6 115.9  64.4 4.648635 3.492290 1.336188 hargrave 2019-09-16 05:31:04 
AF  30 300.6  51.7 300.6  51.7 4.64E-03 000.6 116.1  60.5 4.227524 3.117300 1.353463 hargrave 2019-09-16 05:32:23 
AF  40 306.5  51.0 306.5  51.0 4.29E-03 000.6 116.2  56.7 3.751103 2.677225 1.215328 hargrave 2019-09-16 05:35:21 
AF  50 309.7  50.5 309.7  50.5 3.99E-03 000.6 116.4  54.6 3.504846 2.399590 1.216675 hargrave 2019-09-16 05:36:40 
AF  60 311.3  50.2 311.3  50.2 3.66E-03 000.6 116.3  53.6 3.145895 2.187546 1.150444 hargrave 2019-09-16 05:38:00 
AF  70 312.6  49.9 312.6  49.9 3.32E-03 000.6 116.3  52.7 2.765707 1.920612 1.016289 hargrave 2019-09-16 05:39:20 
AF  80 313.9  49.8 313.9  49.8 2.94E-03 000.6 116.6  51.9 2.502613 1.707477 0.949118 hargrave 2019-09-16 05:40:39 
AF  90 315.1  49.7 315.1  49.7 2.62E-03 000.6 116.9  51.1 2.261709 1.525217 0.842384 hargrave 2019-09-16 05:41:59 
AF 100 315.9  49.7 315.9  49.7 2.33E-03 000.5 117.1  50.6 1.913175 1.332629 0.765041 hargrave 2019-09-16 05:43:19 
AF 120 316.8  49.4 316.8  49.4 1.91E-03 000.5 117.0  50.0 1.546345 1.045174 0.587405 hargrave 2019-09-16 05:44:39 
AF 140 317.8  49.4 317.8  49.4 1.59E-03 000.5 117.4  49.4 1.228152 0.844058 0.493992 hargrave 2019-09-16 05:45:58 
AF 160 318.1  48.7 318.1  48.7 1.35E-03 000.5 116.5  48.9 1.041736 0.698779 0.402669 hargrave 2019-09-16 05:47:19 
AF 180 320.4  48.3 320.4  48.3 1.16E-03 000.5 116.8  47.3 0.845448 0.579736 0.352577 hargrave 2019-09-16 05:48:39 
AF 200 320.8  47.2 320.8  47.2 1.01E-03 000.5 115.5  46.7 0.686389 0.436616 0.292258 hargrave 2019-09-16 05:49:59 
AF 250 323.2  47.6 323.2  47.6 8.18E-04 000.4 117.1  45.4 0.534937 0.366355 0.227527 hargrave 2019-09-16 05:51:19 
AF 300 323.0  46.2 323.0  46.2 6.61E-04 000.4 115.2  44.9 0.415973 0.247361 0.173135 hargrave 2019-09-16 05:52:39 
AF 350 323.5  46.9 323.5  46.9 5.51E-04 000.4 116.3  44.9 0.361704 0.191667 0.138154 hargrave 2019-09-16 05:53:59 
AF 400 324.6  45.7 324.6  45.7 4.89E-04 000.4 115.4  43.6 0.316891 0.172895 0.120969 hargrave 2019-09-16 05:55:19 
AF 450 322.2  44.4 322.2  44.4 4.32E-04 000.4 112.6  44.6 0.238710 0.148642 0.103083 hargrave 2019-09-16 05:56:39 
AF 500 323.5  44.8 323.5  44.8 3.98E-04 000.4 113.7  43.9 0.237764 0.129493 0.094865 hargrave 2019-09-16 05:57:59 
AF 550 322.7  47.2 322.7  47.2 3.39E-04 000.5 116.4  45.5 0.251997 0.121944 0.078538 hargrave 2019-09-16 05:59:20 
AF 600 323.3  44.1 323.3  44.1 3.12E-04 000.4 112.8  43.7 0.199622 0.101703 0.082662 hargrave 2019-09-16 06:00:41 
AF 650 324.1  47.0 324.1  47.0 2.67E-04 000.4 116.7  44.6 0.173621 0.088002 0.059467 hargrave 2019-09-16 06:02:01 
AF 700 321.6  44.5 321.6  44.5 2.63E-04 000.4 112.4  45.0 0.162777 0.086701 0.061027 hargrave 2019-09-16 06:03:21 
AF 750 322.4  47.3 322.4  47.3 2.20E-04 000.4 116.4  45.7 0.139135 0.067955 0.055863 hargrave 2019-09-16 06:04:41 
AF 800 327.7  43.5 327.7  43.5 2.22E-04 000.4 114.2  40.7 0.132195 0.064929 0.066052 hargrave 2019-09-16 06:06:01 
AF 850 320.7  42.3 320.7  42.3 1.95E-04 000.4 109.3  44.5 0.134042 0.053456 0.044339 hargrave 2019-09-16 06:07:22 
AF 900 322.8  47.6 322.8  47.6 1.79E-04 000.5 116.8  45.6 0.151928 0.075312 0.038774 hargrave 2019-09-16 06:08:42 
AF 950 317.2  50.5 317.2  50.5 1.58E-04 000.5 118.8  50.1 0.104257 0.062819 0.039982 hargrave 2019-09-16 06:10:03 
AF1000 326.0  45.0 326.0  45.0 1.61E-04 000.5 115.2  42.5 0.136216 0.055187 0.046386 hargrave 2019-09-16 06:11:23 
AF1050 323.8  51.7 323.8  51.7 1.39E-04 000.5 122.7  46.7 0.096309 0.062506 0.045013 hargrave 2019-09-16 06:12:44 
AF1100 322.5  47.3 322.5  47.3 1.31E-04 000.6 116.4  45.7 0.114327 0.059503 0.030354 hargrave 2019-09-16 06:14:05 
AF1150 335.2  45.2 335.2  45.2 1.13E-04 000.6 119.7  37.0 0.118827 0.062668 0.034258 hargrave 2019-09-16 06:15:27 
AF1200 315.4  37.9 315.4  37.9 1.08E-04 000.6 101.0  45.8 0.094322 0.063054 0.024200 hargrave 2019-09-16 06:16:48 
AF1250 328.9  52.7 328.9  52.7 9.73E-05 000.6 125.8  44.2 0.093576 0.034770 0.031551 hargrave 2019-09-16 06:18:10 
AF1300 331.3  47.0 331.3  47.0 8.43E-05 000.8 119.8  40.2 0.103178 0.068604 0.033200 hargrave 2019-09-16 06:19:33 
