BD6- 7a mag compass orientation (IGRF corrected)
      0 354.1  50.0   0.0   0.0   1.0
NRM    267.4  44.7 267.4  44.7 9.78E-03 000.5 153.4  84.7 6.663913 6.271755 1.230964 hargrave 2019-09-16 03:45:51 
AF  10 268.9  45.1 268.9  45.1 9.48E-03 000.5 146.6  83.8 6.354683 6.032170 1.297887 hargrave 2019-09-16 03:47:11 
AF  20 273.6  45.2 273.6  45.2 8.75E-03 000.5 130.0  81.3 5.715623 5.518920 1.099712 hargrave 2019-09-16 03:48:31 
AF  30 279.3  45.0 279.3  45.0 7.93E-03 000.5 119.2  77.7 5.094822 4.950320 1.049862 hargrave 2019-09-16 03:49:52 
AF  40 285.1  44.5 285.1  44.5 7.08E-03 000.5 113.2  73.9 4.263313 4.397220 0.994107 hargrave 2019-09-16 03:51:12 
AF  50 288.2  44.2 288.2  44.2 6.46E-03 000.5 111.1  71.7 3.935411 3.944546 0.964257 hargrave 2019-09-16 03:53:21 
AF  60 290.0  43.9 290.0  43.9 5.86E-03 000.5 110.1  70.4 3.585424 3.589281 0.937429 hargrave 2019-09-16 03:54:41 
AF  70 291.3  43.7 291.3  43.7 5.24E-03 000.5 109.2  69.5 3.144413 3.204317 0.874765 hargrave 2019-09-16 03:56:01 
AF  80 292.0  43.5 292.0  43.5 4.64E-03 000.5 108.6  69.0 2.803714 2.859945 0.781687 hargrave 2019-09-16 03:57:21 
AF  90 292.8  43.2 292.8  43.2 4.09E-03 000.5 108.0  68.4 2.496468 2.504582 0.702703 hargrave 2019-09-16 03:58:41 
AF 100 293.3  42.9 293.3  42.9 3.59E-03 000.5 107.1  68.0 2.160794 2.194888 0.629749 hargrave 2019-09-16 04:00:01 
AF 120 293.9  42.5 293.9  42.5 2.93E-03 000.5 106.2  67.6 1.825467 1.808871 0.525086 hargrave 2019-09-16 04:01:21 
AF 140 294.8  41.8 294.8  41.8 2.37E-03 000.5 104.6  66.8 1.430958 1.508210 0.433096 hargrave 2019-09-16 04:02:42 
AF 160 295.8  41.2 295.8  41.2 1.97E-03 000.5 103.1  66.1 1.206326 1.211962 0.371917 hargrave 2019-09-16 04:04:02 
AF 180 296.4  40.6 296.4  40.6 1.69E-03 000.5 102.0  65.5 1.057582 1.030868 0.323294 hargrave 2019-09-16 04:05:22 
AF 200 297.6  39.2 297.6  39.2 1.46E-03 000.5 099.1  64.4 0.890550 0.878504 0.290546 hargrave 2019-09-16 04:06:42 
AF 250 297.5  38.4 297.5  38.4 1.12E-03 000.5 097.3  64.2 0.676572 0.708142 0.214445 hargrave 2019-09-16 04:08:02 
AF 300 299.6  37.9 299.6  37.9 8.77E-04 000.5 097.3  62.5 0.522731 0.536609 0.180948 hargrave 2019-09-16 04:09:22 
AF 350 299.3  37.0 299.3  37.0 7.26E-04 000.5 095.1  62.4 0.424970 0.439293 0.152758 hargrave 2019-09-16 04:10:42 
AF 400 298.4  37.5 298.4  37.5 6.22E-04 000.5 095.7  63.3 0.396237 0.387614 0.132135 hargrave 2019-09-16 04:12:02 
AF 450 300.3  35.1 300.3  35.1 5.36E-04 000.5 091.8  61.0 0.340637 0.332959 0.110887 hargrave 2019-09-16 04:13:21 
AF 500 297.8  34.6 297.8  34.6 4.75E-04 000.5 089.4  62.8 0.286165 0.298786 0.085271 hargrave 2019-09-16 04:14:41 
AF 550 298.2  35.4 298.2  35.4 4.07E-04 000.5 091.3  62.8 0.242808 0.239894 0.079866 hargrave 2019-09-16 04:16:01 
AF 600 299.4  36.4 299.4  36.4 3.65E-04 000.5 093.9  62.2 0.232404 0.219692 0.066056 hargrave 2019-09-16 04:17:21 
AF 650 300.9  34.3 300.9  34.3 3.34E-04 000.5 090.7  60.3 0.196835 0.199804 0.070950 hargrave 2019-09-16 04:18:40 
AF 700 298.9  35.5 298.9  35.5 3.00E-04 000.6 091.9  62.3 0.246024 0.202324 0.057368 hargrave 2019-09-16 04:20:00 
AF 750 301.5  35.5 301.5  35.5 2.74E-04 000.5 093.3  60.3 0.165868 0.192557 0.053547 hargrave 2019-09-16 04:21:20 
AF 800 303.0  37.6 303.0  37.6 2.61E-04 000.5 098.2  59.9 0.165086 0.143830 0.058449 hargrave 2019-09-16 04:22:40 
AF 850 302.7  38.9 302.7  38.9 2.26E-04 000.6 100.6  60.4 0.163656 0.159654 0.064296 hargrave 2019-09-16 04:24:00 
AF 900 300.9  38.6 300.9  38.6 1.87E-04 000.6 099.2  61.7 0.136323 0.122927 0.045606 hargrave 2019-09-16 04:25:20 
AF 950 304.5  35.9 304.5  35.9 2.01E-04 000.6 095.7  58.1 0.151096 0.145045 0.050494 hargrave 2019-09-16 04:26:40 
AF1000 296.1  34.9 296.1  34.9 1.75E-04 000.7 088.7  64.3 0.178067 0.132230 0.028709 hargrave 2019-09-16 04:28:00 
AF1050 303.1  43.1 303.1  43.1 1.90E-04 000.6 109.1  60.9 0.121849 0.155488 0.056676 hargrave 2019-09-16 04:29:21 
AF1100 304.3  31.4 304.3  31.4 1.63E-04 000.6 088.0  56.6 0.125770 0.100773 0.036655 hargrave 2019-09-16 04:30:41 
AF1150 288.8  42.8 288.8  42.8 1.41E-04 000.7 106.8  71.3 0.127512 0.106048 0.024302 hargrave 2019-09-16 04:32:02 
AF1200 311.4  35.6 311.4  35.6 1.10E-04 000.7 098.7  52.8 0.105902 0.093957 0.030548 hargrave 2019-09-16 04:33:23 
AF1250 307.4  42.1 307.4  42.1 1.34E-04 000.7 108.0  57.6 0.113831 0.101336 0.040867 hargrave 2019-09-16 04:34:45 
AF1300 303.5  49.6 303.5  49.6 1.00E-04 000.8 122.4  60.8 0.104192 0.086089 0.027190 hargrave 2019-09-16 04:36:08 
