BD7- 5a mag compass orientation (IGRF corrected)
      0  25.1  90.0   0.0   0.0   1.0
NRM    304.7  53.6 304.7  53.6 1.35E-02 000.5 173.0  35.8 7.313275 9.035387 5.265274 hargrave 2019-09-16 10:29:57 
AF  10 304.8  53.6 304.8  53.6 1.34E-02 000.6 172.9  35.8 7.015120 9.993880 5.352967 hargrave 2019-09-16 10:31:21 
AF  20 304.8  53.6 304.8  53.6 1.34E-02 000.5 172.9  35.8 7.097910 8.933277 5.375185 hargrave 2019-09-16 10:32:42 
AF  30 304.8  53.5 304.8  53.5 1.33E-02 000.5 172.9  35.9 7.072401 9.159124 5.369363 hargrave 2019-09-16 10:34:02 
AF  40 304.7  53.5 304.7  53.5 1.32E-02 000.5 173.0  36.0 7.056797 9.292603 5.331861 hargrave 2019-09-16 10:36:17 
AF  50 304.6  53.4 304.6  53.4 1.31E-02 000.5 173.0  36.0 6.953682 8.809879 5.290269 hargrave 2019-09-16 10:37:40 
AF  60 304.7  53.3 304.7  53.3 1.29E-02 000.6 172.9  36.1 6.969364 10.21767 5.200390 hargrave 2019-09-16 10:39:05 
AF  70 304.5  53.3 304.5  53.3 1.27E-02 000.5 173.1  36.1 6.856815 8.699138 5.148778 hargrave 2019-09-16 10:40:25 
AF  80 304.4  53.4 304.4  53.4 1.25E-02 000.5 173.1  36.1 6.749874 8.450243 5.047281 hargrave 2019-09-16 10:41:51 
AF  90 304.3  53.3 304.3  53.3 1.22E-02 000.5 173.2  36.2 6.651027 8.244606 4.946704 hargrave 2019-09-16 10:44:01 
AF 100 304.3  53.3 304.3  53.3 1.19E-02 000.5 173.2  36.1 6.465859 7.838686 4.833127 hargrave 2019-09-16 10:45:21 
AF 120 304.2  53.3 304.2  53.3 1.12E-02 000.5 173.3  36.1 5.985454 7.432643 4.535805 hargrave 2019-09-16 10:46:44 
AF 140 304.3  53.4 304.3  53.4 1.04E-02 000.5 173.2  36.0 5.642769 6.988243 4.200567 hargrave 2019-09-16 10:48:05 
AF 160 304.3  53.5 304.3  53.5 9.55E-03 000.5 173.2  36.0 5.248966 6.543822 3.865767 hargrave 2019-09-16 10:50:13 
AF 180 304.6  53.5 304.6  53.5 8.72E-03 000.5 173.0  35.9 4.813855 4.711626 3.535598 hargrave 2019-09-16 10:51:33 
AF 200 304.7  53.5 304.7  53.5 7.94E-03 000.5 172.9  35.9 4.357042 4.341629 3.236228 hargrave 2019-09-16 10:52:53 
AF 250 305.3  53.4 305.3  53.4 6.38E-03 000.6 172.5  35.9 3.566482 4.709327 2.597210 hargrave 2019-09-16 10:54:16 
AF 300 305.9  53.5 305.9  53.5 5.12E-03 000.6 172.1  35.8 2.871172 3.649771 2.085291 hargrave 2019-09-16 10:55:40 
AF 350 306.2  53.5 306.2  53.5 4.24E-03 000.6 171.9  35.7 2.383046 3.136275 1.729635 hargrave 2019-09-16 10:57:03 
AF 400 306.4  53.6 306.4  53.6 3.63E-03 000.6 171.8  35.6 2.053104 2.623206 1.480324 hargrave 2019-09-16 10:58:27 
AF 450 306.7  53.3 306.7  53.3 3.20E-03 000.5 171.5  35.8 1.777547 2.076156 1.297633 hargrave 2019-09-16 10:59:47 
AF 500 306.8  53.1 306.8  53.1 2.90E-03 000.5 171.3  36.0 1.617727 1.882385 1.172252 hargrave 2019-09-16 11:01:06 
AF 550 307.1  53.0 307.1  53.0 2.68E-03 000.5 171.1  36.0 1.481247 1.728336 1.078222 hargrave 2019-09-16 11:02:26 
AF 600 307.2  52.9 307.2  52.9 2.51E-03 000.6 171.0  36.1 1.440473 1.814111 1.021909 hargrave 2019-09-16 11:03:49 
AF 650 307.3  52.8 307.3  52.8 2.39E-03 000.5 170.9  36.2 1.348370 1.605056 0.980652 hargrave 2019-09-16 11:05:09 
AF 700 307.2  52.8 307.2  52.8 2.30E-03 000.6 171.0  36.2 1.351743 1.736568 0.939329 hargrave 2019-09-16 11:06:33 
AF 750 307.5  52.9 307.5  52.9 2.22E-03 000.5 170.8  36.1 1.255330 1.465771 0.907781 hargrave 2019-09-16 11:07:53 
AF 800 307.5  52.9 307.5  52.9 2.15E-03 000.5 170.8  36.1 1.227841 1.460097 0.868846 hargrave 2019-09-16 11:09:12 
AF 850 307.1  52.9 307.1  52.9 2.09E-03 000.6 171.0  36.2 1.205720 1.471958 0.839783 hargrave 2019-09-16 11:10:33 
AF 900 307.7  52.8 307.7  52.8 2.05E-03 000.5 170.6  36.1 1.172961 1.432220 0.820500 hargrave 2019-09-16 11:11:53 
AF 950 307.3  52.9 307.3  52.9 2.00E-03 000.5 170.9  36.1 1.146881 1.338053 0.820860 hargrave 2019-09-16 11:13:13 
AF1000 307.6  53.0 307.6  53.0 1.96E-03 000.5 170.7  36.0 1.109965 1.384098 0.783667 hargrave 2019-09-16 11:14:33 
AF1050 307.6  52.9 307.6  52.9 1.91E-03 000.6 170.7  36.1 1.109118 1.328112 0.784886 hargrave 2019-09-16 11:15:53 
AF1100 307.5  52.9 307.5  52.9 1.86E-03 000.6 170.8  36.1 1.098225 1.353895 0.760529 hargrave 2019-09-16 11:18:03 
AF1150 307.6  53.1 307.6  53.1 1.82E-03 000.6 170.8  35.8 1.030259 1.305505 0.749035 hargrave 2019-09-16 11:19:25 
AF1200 307.7  53.0 307.7  53.0 1.78E-03 000.5 170.7  36.0 1.025599 1.184289 0.725849 hargrave 2019-09-16 11:20:47 
AF1250 307.8  53.1 307.8  53.1 1.73E-03 000.5 170.6  35.9 0.978177 1.174868 0.709031 hargrave 2019-09-16 11:22:08 
AF1300 308.1  53.1 308.1  53.1 1.67E-03 000.6 170.4  35.8 0.972039 1.177965 0.685956 hargrave 2019-09-16 11:23:31 
