BD7- 2a mag compass orientation (IGRF corrected)
      0  31.1  89.0   0.0   0.0   1.0
NRM    289.6  54.7 289.6  54.7 1.47E-02 000.5 188.2  35.5 7.024287 9.933204 5.684418 hargrave 2019-09-16 07:14:55 
AF  10 289.7  54.7 289.7  54.7 1.46E-02 000.5 188.1  35.5 7.226658 9.475435 5.806634 hargrave 2019-09-16 07:16:15 
AF  20 290.0  54.4 290.0  54.4 1.43E-02 000.5 188.0  35.9 7.115649 9.257039 5.581513 hargrave 2019-09-16 07:17:35 
AF  30 290.4  54.0 290.4  54.0 1.39E-02 000.5 187.8  36.3 6.988994 8.949262 5.551294 hargrave 2019-09-16 07:18:55 
AF  40 290.6  53.7 290.6  53.7 1.35E-02 000.5 187.7  36.6 6.883061 8.809872 5.368038 hargrave 2019-09-16 07:21:05 
AF  50 290.6  53.6 290.6  53.6 1.30E-02 000.5 187.7  36.7 6.667544 8.543827 5.176062 hargrave 2019-09-16 07:22:25 
AF  60 290.7  53.5 290.7  53.5 1.25E-02 000.5 187.7  36.8 6.437147 8.101966 4.983595 hargrave 2019-09-16 07:23:45 
AF  70 290.6  53.5 290.6  53.5 1.20E-02 000.5 187.7  36.8 6.177288 7.876777 4.782107 hargrave 2019-09-16 07:25:04 
AF  80 290.6  53.5 290.6  53.5 1.14E-02 000.5 187.8  36.7 5.873376 7.407190 4.547686 hargrave 2019-09-16 07:26:25 
AF  90 290.6  53.6 290.6  53.6 1.08E-02 000.5 187.8  36.7 5.604608 7.126445 4.306795 hargrave 2019-09-16 07:27:45 
AF 100 290.4  53.7 290.4  53.7 1.02E-02 000.5 187.9  36.6 5.286446 6.835714 4.100963 hargrave 2019-09-16 07:29:04 
AF 120 290.3  53.6 290.3  53.6 9.13E-03 000.5 187.9  36.6 4.769550 6.111040 3.647314 hargrave 2019-09-16 07:30:24 
AF 140 290.2  53.9 290.2  53.9 8.03E-03 000.5 188.0  36.3 4.175987 5.379940 3.218056 hargrave 2019-09-16 07:31:45 
AF 160 290.1  54.2 290.1  54.2 7.04E-03 000.5 187.9  36.0 3.683190 4.708382 2.823248 hargrave 2019-09-16 07:33:05 
AF 180 289.9  54.1 289.9  54.1 6.19E-03 000.5 188.1  36.1 3.227501 4.088767 2.491492 hargrave 2019-09-16 07:34:25 
AF 200 290.1  54.2 290.1  54.2 5.44E-03 000.5 187.9  36.1 2.866697 3.610487 2.179446 hargrave 2019-09-16 07:35:45 
AF 250 290.5  54.4 290.5  54.4 4.10E-03 000.5 187.6  35.9 2.147044 2.775402 1.634694 hargrave 2019-09-16 07:37:05 
AF 300 290.8  54.5 290.8  54.5 3.20E-03 000.5 187.3  35.8 1.692530 2.197629 1.272306 hargrave 2019-09-16 07:38:24 
AF 350 290.0  54.5 290.0  54.5 2.58E-03 000.5 187.9  35.7 1.393439 1.816427 1.027881 hargrave 2019-09-16 07:39:44 
AF 400 290.9  54.9 290.9  54.9 2.18E-03 000.5 187.2  35.5 1.161861 1.540577 0.869676 hargrave 2019-09-16 07:41:04 
AF 450 289.6  55.1 289.6  55.1 1.88E-03 000.5 188.1  35.1 1.011569 1.303415 0.752787 hargrave 2019-09-16 07:42:24 
AF 500 290.6  55.4 290.6  55.4 1.68E-03 000.5 187.2  34.9 0.894928 1.139259 0.670844 hargrave 2019-09-16 07:43:44 
AF 550 291.3  55.7 291.3  55.7 1.53E-03 000.5 186.7  34.7 0.830812 1.097309 0.604558 hargrave 2019-09-16 07:45:05 
AF 600 290.8  55.7 290.8  55.7 1.40E-03 000.5 187.0  34.6 0.761674 0.973395 0.569006 hargrave 2019-09-16 07:46:24 
AF 650 292.6  55.0 292.6  55.0 1.32E-03 000.5 186.0  35.6 0.729270 0.936868 0.504303 hargrave 2019-09-16 07:47:44 
AF 700 292.0  55.1 292.0  55.1 1.23E-03 000.5 186.4  35.4 0.681581 0.869514 0.483905 hargrave 2019-09-16 07:49:04 
AF 750 290.3  55.6 290.3  55.6 1.17E-03 000.5 187.4  34.7 0.608091 0.817219 0.460249 hargrave 2019-09-16 07:50:23 
AF 800 292.1  55.7 292.1  55.7 1.12E-03 000.5 186.1  34.8 0.595983 0.777398 0.430142 hargrave 2019-09-16 07:51:43 
AF 850 290.6  55.9 290.6  55.9 1.06E-03 000.5 187.1  34.4 0.544812 0.725963 0.424969 hargrave 2019-09-16 07:53:03 
AF 900 292.3  55.8 292.3  55.8 1.00E-03 000.5 186.0  34.7 0.527719 0.703913 0.386699 hargrave 2019-09-16 07:54:23 
AF 950 293.5  56.8 293.5  56.8 9.76E-04 000.5 185.0  33.8 0.489232 0.716745 0.403283 hargrave 2019-09-16 07:55:43 
AF1000 291.7  56.5 291.7  56.5 9.39E-04 000.5 186.3  34.0 0.491820 0.659499 0.372677 hargrave 2019-09-16 07:57:03 
AF1050 292.0  57.6 292.0  57.6 8.97E-04 000.5 185.8  33.0 0.458485 0.632972 0.356425 hargrave 2019-09-16 07:58:25 
AF1100 292.1  58.2 292.1  58.2 8.56E-04 000.5 185.6  32.4 0.437988 0.594214 0.356857 hargrave 2019-09-16 07:59:46 
AF1150 292.8  58.8 292.8  58.8 8.09E-04 000.5 185.0  31.9 0.400469 0.562008 0.337086 hargrave 2019-09-16 08:01:07 
AF1200 292.8  56.2 292.8  56.2 7.66E-04 000.5 185.6  34.4 0.410746 0.549893 0.306064 hargrave 2019-09-16 08:02:28 
AF1250 293.4  57.8 293.4  57.8 7.25E-04 000.5 184.9  32.8 0.377102 0.520244 0.295388 hargrave 2019-09-16 08:04:39 
AF1300 291.5  57.3 291.5  57.3 6.96E-04 000.5 186.2  33.2 0.348996 0.498072 0.286339 hargrave 2019-09-16 08:06:02 
