BD7- 7a sun compass orientation
      0  18.8  67.0   0.0   0.0   1.0
NRM    300.5  46.1 300.5  46.1 9.25E-03 000.6 160.5  65.1 6.436526 7.117391 1.799102 hargrave 2019-09-16 12:18:42 
AF  10 299.2  49.7 299.2  49.7 9.22E-03 000.6 165.5  62.1 6.215298 7.081397 2.016747 hargrave 2019-09-16 12:20:02 
AF  20 298.8  52.0 298.8  52.0 9.14E-03 000.6 167.7  60.0 6.037687 6.991777 2.129093 hargrave 2019-09-16 12:21:22 
AF  30 298.9  52.1 298.9  52.1 8.93E-03 000.6 167.6  59.9 5.908103 6.797509 2.069299 hargrave 2019-09-16 12:22:41 
AF  40 298.9  51.8 298.9  51.8 8.53E-03 000.6 167.4  60.2 5.672596 6.571866 1.970461 hargrave 2019-09-16 12:24:01 
AF  50 299.1  51.7 299.1  51.7 8.11E-03 000.6 167.2  60.2 5.436603 6.271901 1.878902 hargrave 2019-09-16 12:25:22 
AF  60 299.1  51.5 299.1  51.5 7.60E-03 000.6 167.0  60.4 5.072262 5.865979 1.742906 hargrave 2019-09-16 12:26:42 
AF  70 299.1  51.4 299.1  51.4 7.07E-03 000.6 166.9  60.5 4.691830 5.361172 1.626937 hargrave 2019-09-16 12:28:51 
AF  80 299.2  51.4 299.2  51.4 6.49E-03 000.6 166.7  60.5 4.275741 4.889589 1.485805 hargrave 2019-09-16 12:30:11 
AF  90 299.2  51.4 299.2  51.4 5.94E-03 000.6 166.8  60.5 3.958276 4.541318 1.355737 hargrave 2019-09-16 12:31:32 
AF 100 299.1  51.3 299.1  51.3 5.43E-03 000.6 166.8  60.5 3.595908 4.228367 1.252927 hargrave 2019-09-16 12:32:51 
AF 120 299.1  51.0 299.1  51.0 4.64E-03 000.6 166.6  60.8 3.136664 3.577758 1.061413 hargrave 2019-09-16 12:35:01 
AF 140 299.2  51.2 299.2  51.2 3.93E-03 000.6 166.7  60.7 2.652049 3.005247 0.894714 hargrave 2019-09-16 12:36:21 
AF 160 299.5  51.1 299.5  51.1 3.37E-03 000.6 166.1  60.7 2.273936 2.571105 0.780859 hargrave 2019-09-16 12:37:41 
AF 180 299.5  50.8 299.5  50.8 2.92E-03 000.6 166.0  61.0 1.976416 2.227031 0.672767 hargrave 2019-09-16 12:39:01 
AF 200 300.2  50.3 300.2  50.3 2.57E-03 000.6 164.8  61.3 1.770708 1.997992 0.590682 hargrave 2019-09-16 12:40:21 
AF 250 300.8  50.3 300.8  50.3 2.04E-03 000.6 164.1  61.1 1.417638 1.564065 0.470032 hargrave 2019-09-16 12:41:41 
AF 300 299.5  50.2 299.5  50.2 1.68E-03 000.6 165.5  61.6 1.206673 1.418293 0.395655 hargrave 2019-09-16 12:43:05 
AF 350 301.4  50.4 301.4  50.4 1.43E-03 000.6 163.4  60.9 1.009991 1.085945 0.341369 hargrave 2019-09-16 12:44:25 
AF 400 300.3  49.5 300.3  49.5 1.30E-03 000.6 163.9  62.0 0.874713 0.948343 0.295104 hargrave 2019-09-16 12:45:44 
AF 450 298.8  50.5 298.8  50.5 1.13E-03 000.6 166.6  61.4 0.763801 0.807462 0.263168 hargrave 2019-09-16 12:47:04 
AF 500 300.8  49.9 300.8  49.9 1.06E-03 000.6 163.6  61.5 0.711407 0.762778 0.243059 hargrave 2019-09-16 12:48:24 
AF 550 298.9  51.1 298.9  51.1 9.53E-04 000.6 167.0  60.9 0.628456 0.724412 0.225648 hargrave 2019-09-16 12:49:44 
AF 600 301.9  49.7 301.9  49.7 8.76E-04 000.6 162.2  61.4 0.586131 0.657067 0.201389 hargrave 2019-09-16 12:51:04 
AF 650 300.2  50.3 300.2  50.3 8.17E-04 000.6 164.8  61.3 0.550233 0.628201 0.184075 hargrave 2019-09-16 12:52:24 
AF 700 301.7  49.7 301.7  49.7 7.59E-04 000.6 162.5  61.4 0.511523 0.555739 0.174948 hargrave 2019-09-16 12:53:44 
AF 750 301.0  52.4 301.0  52.4 7.07E-04 000.6 165.4  59.2 0.460061 0.521048 0.191245 hargrave 2019-09-16 12:55:04 
AF 800 299.1  50.9 299.1  50.9 6.47E-04 000.6 166.6  60.9 0.436989 0.463442 0.158580 hargrave 2019-09-16 12:56:23 
AF 850 299.5  52.4 299.5  52.4 5.73E-04 000.6 167.0  59.5 0.373197 0.425672 0.140896 hargrave 2019-09-16 12:57:47 
AF 900 295.9  49.3 295.9  49.3 5.56E-04 000.6 169.8  63.1 0.380224 0.456466 0.130323 hargrave 2019-09-16 12:59:07 
AF 950 300.7  51.0 300.7  51.0 5.22E-04 000.6 164.8  60.5 0.337042 0.400487 0.130946 hargrave 2019-09-16 13:00:28 
AF1000 297.0  50.2 297.0  50.2 4.90E-04 000.6 168.8  62.1 0.330688 0.394688 0.112017 hargrave 2019-09-16 13:01:49 
AF1050 303.6  51.8 303.6  51.8 4.33E-04 000.6 162.1  59.0 0.284908 0.350270 0.100312 hargrave 2019-09-16 13:03:14 
AF1100 298.4  53.8 298.4  53.8 4.08E-04 000.6 169.2  58.3 0.247852 0.325290 0.111073 hargrave 2019-09-16 13:04:40 
AF1150 299.3  46.4 299.3  46.4 3.83E-04 000.7 162.6  65.1 0.287373 0.335586 0.084674 hargrave 2019-09-16 13:06:05 
AF1200 299.6  55.8 299.6  55.8 3.40E-04 000.6 169.0  56.3 0.195421 0.251044 0.084516 hargrave 2019-09-16 13:07:26 
AF1250 297.9  54.2 297.9  54.2 3.44E-04 000.6 169.9  58.1 0.228432 0.286083 0.089460 hargrave 2019-09-16 13:08:48 
AF1300 302.7  51.1 302.7  51.1 3.14E-04 000.6 162.5  59.9 0.214920 0.270405 0.078641 hargrave 2019-09-16 13:10:11 
