BD7- 3a mag compass orientation (IGRF corrected)
      0  21.1  88.0   0.0   0.0   1.0
NRM    286.9  54.9 286.9  54.9 1.43E-02 000.5 183.0  37.0 7.951541 9.052621 6.103412 hargrave 2019-09-16 08:09:39 
AF  10 287.2  54.9 287.2  54.9 1.42E-02 000.5 182.8  37.0 8.029126 8.483631 6.184066 hargrave 2019-09-16 08:10:59 
AF  20 287.6  54.6 287.6  54.6 1.40E-02 000.5 182.6  37.3 7.918428 8.693610 6.089145 hargrave 2019-09-16 08:12:19 
AF  30 287.9  54.4 287.9  54.4 1.37E-02 000.5 182.3  37.6 7.806362 8.446158 5.963136 hargrave 2019-09-16 08:13:39 
AF  40 288.2  54.1 288.2  54.1 1.34E-02 000.5 182.1  37.9 7.691778 8.323924 5.826990 hargrave 2019-09-16 08:14:58 
AF  50 288.3  54.0 288.3  54.0 1.31E-02 000.5 182.1  38.0 7.565903 7.801422 5.704416 hargrave 2019-09-16 08:17:07 
AF  60 288.3  53.8 288.3  53.8 1.28E-02 000.5 182.1  38.2 7.368847 8.065072 5.528210 hargrave 2019-09-16 08:18:27 
AF  70 288.3  53.7 288.3  53.7 1.24E-02 000.5 182.1  38.2 7.158551 7.691855 5.368859 hargrave 2019-09-16 08:19:46 
AF  80 288.3  53.7 288.3  53.7 1.20E-02 000.5 182.1  38.3 6.929178 7.458833 5.129593 hargrave 2019-09-16 08:21:54 
AF  90 288.2  53.6 288.2  53.6 1.15E-02 000.5 182.2  38.3 6.662584 7.278355 4.933366 hargrave 2019-09-16 08:23:14 
AF 100 288.2  53.7 288.2  53.7 1.10E-02 000.5 182.2  38.3 6.368573 6.934365 4.678868 hargrave 2019-09-16 08:24:34 
AF 120 288.3  53.6 288.3  53.6 9.98E-03 000.5 182.1  38.4 5.769547 6.286317 4.254320 hargrave 2019-09-16 08:25:54 
AF 140 288.4  53.8 288.4  53.8 8.88E-03 000.5 182.0  38.2 5.134708 5.706754 3.770867 hargrave 2019-09-16 08:27:14 
AF 160 288.5  54.0 288.5  54.0 7.83E-03 000.5 182.0  38.0 4.512709 4.972506 3.327835 hargrave 2019-09-16 08:28:34 
AF 180 288.8  54.0 288.8  54.0 6.91E-03 000.5 181.7  37.9 3.991408 4.408293 2.934225 hargrave 2019-09-16 08:30:42 
AF 200 288.8  54.1 288.8  54.1 6.12E-03 000.5 181.7  37.9 3.541533 3.946618 2.569448 hargrave 2019-09-16 08:32:02 
AF 250 289.6  54.4 289.6  54.4 4.73E-03 000.5 181.1  37.6 2.730220 2.990932 1.996343 hargrave 2019-09-16 08:33:22 
AF 300 289.9  54.7 289.9  54.7 3.76E-03 000.5 180.8  37.3 2.170013 2.412635 1.582568 hargrave 2019-09-16 08:34:42 
AF 350 290.3  54.7 290.3  54.7 3.11E-03 000.5 180.6  37.3 1.809406 1.981525 1.318728 hargrave 2019-09-16 08:36:02 
AF 400 290.4  55.3 290.4  55.3 2.70E-03 000.5 180.5  36.7 1.568957 1.770112 1.152496 hargrave 2019-09-16 08:37:22 
AF 450 291.4  55.7 291.4  55.7 2.41E-03 000.5 179.8  36.3 1.453320 1.562333 1.045307 hargrave 2019-09-16 08:39:31 
AF 500 290.8  55.3 290.8  55.3 2.19E-03 000.5 180.2  36.7 1.284231 1.431556 0.951552 hargrave 2019-09-16 08:40:50 
AF 550 290.8  55.6 290.8  55.6 2.00E-03 000.5 180.2  36.4 1.188361 1.283534 0.864310 hargrave 2019-09-16 08:42:10 
AF 600 291.3  56.1 291.3  56.1 1.87E-03 000.5 179.9  35.9 1.111281 1.209465 0.811269 hargrave 2019-09-16 08:43:30 
AF 650 291.2  56.1 291.2  56.1 1.75E-03 000.5 179.9  35.9 1.056169 1.075303 0.755431 hargrave 2019-09-16 08:44:50 
AF 700 292.5  56.0 292.5  56.0 1.64E-03 000.5 179.0  36.0 0.987056 1.081307 0.707246 hargrave 2019-09-16 08:46:09 
AF 750 291.4  56.1 291.4  56.1 1.55E-03 000.5 179.8  35.9 0.936761 1.030215 0.678827 hargrave 2019-09-16 08:47:29 
AF 800 292.7  56.5 292.7  56.5 1.49E-03 000.5 178.9  35.5 0.889712 0.991491 0.653455 hargrave 2019-09-16 08:48:49 
AF 850 290.9  56.1 290.9  56.1 1.43E-03 000.5 180.2  35.9 0.848223 0.944475 0.609473 hargrave 2019-09-16 08:50:57 
AF 900 292.2  56.2 292.2  56.2 1.36E-03 000.6 179.2  35.8 0.837472 0.907203 0.594217 hargrave 2019-09-16 08:52:17 
AF 950 291.7  56.1 291.7  56.1 1.32E-03 000.5 179.6  35.9 0.815886 0.849123 0.584906 hargrave 2019-09-16 08:53:38 
AF1000 291.4  56.5 291.4  56.5 1.25E-03 000.6 179.8  35.5 0.764509 0.843952 0.549498 hargrave 2019-09-16 08:54:58 
AF1050 292.2  56.9 292.2  56.9 1.19E-03 000.6 179.3  35.1 0.713234 0.804936 0.512301 hargrave 2019-09-16 08:56:18 
AF1100 291.6  57.0 291.6  57.0 1.14E-03 000.5 179.6  35.0 0.700384 0.746586 0.475222 hargrave 2019-09-16 08:57:39 
AF1150 293.0  56.5 293.0  56.5 1.10E-03 000.5 178.7  35.5 0.666996 0.727814 0.466945 hargrave 2019-09-16 08:59:00 
AF1200 291.7  57.3 291.7  57.3 1.03E-03 000.5 179.6  34.7 0.568266 0.639053 0.431802 hargrave 2019-09-16 09:00:22 
AF1250 290.2  56.9 290.2  56.9 9.81E-04 000.5 180.6  35.1 0.548792 0.606552 0.432040 hargrave 2019-09-16 09:01:43 
AF1300 291.1  57.4 291.1  57.4 9.36E-04 000.5 180.0  34.6 0.536724 0.581295 0.408603 hargrave 2019-09-16 09:03:06 
