BD7- 4a mag compass orientation (IGRF corrected)
      0  24.1  90.0   0.0   0.0   1.0
NRM    287.7  52.4 287.7  52.4 1.15E-02 000.5 184.9  37.4 5.974526 8.039829 4.527309 hargrave 2019-09-16 09:04:37 
AF  10 287.8  52.4 287.8  52.4 1.15E-02 000.5 184.8  37.4 6.070970 7.655421 4.586304 hargrave 2019-09-16 09:05:56 
AF  20 287.8  52.3 287.8  52.3 1.14E-02 000.5 184.9  37.4 6.045158 7.713220 4.593407 hargrave 2019-09-16 09:07:16 
AF  30 287.7  52.2 287.7  52.2 1.13E-02 000.5 184.9  37.5 6.001859 7.730976 4.553363 hargrave 2019-09-16 09:08:35 
AF  40 287.6  52.0 287.6  52.0 1.12E-02 000.5 185.0  37.7 5.961706 7.596660 4.503588 hargrave 2019-09-16 09:09:54 
AF  50 287.5  51.9 287.5  51.9 1.10E-02 000.5 185.1  37.8 5.885840 7.395996 4.447624 hargrave 2019-09-16 09:11:14 
AF  60 287.5  51.6 287.5  51.6 1.09E-02 000.5 185.2  38.1 5.853082 7.542821 4.359045 hargrave 2019-09-16 09:12:33 
AF  70 287.3  51.5 287.3  51.5 1.06E-02 000.5 185.4  38.2 5.684487 7.100910 4.263930 hargrave 2019-09-16 09:13:53 
AF  80 287.1  51.3 287.1  51.3 1.03E-02 000.5 185.5  38.3 5.569071 6.895149 4.158273 hargrave 2019-09-16 09:16:01 
AF  90 287.1  51.2 287.1  51.2 9.96E-03 000.5 185.6  38.5 5.426636 7.009035 3.987618 hargrave 2019-09-16 09:17:20 
AF 100 286.9  51.0 286.9  51.0 9.58E-03 000.5 185.8  38.6 5.193096 6.528502 3.830002 hargrave 2019-09-16 09:18:40 
AF 120 286.8  50.6 286.8  50.6 8.83E-03 000.5 185.9  39.1 4.859556 6.003535 3.514637 hargrave 2019-09-16 09:20:48 
AF 140 286.6  50.4 286.6  50.4 7.99E-03 000.5 186.1  39.2 4.449369 5.666641 3.184305 hargrave 2019-09-16 09:23:44 
AF 160 286.7  50.4 286.7  50.4 7.16E-03 000.5 186.1  39.2 3.975291 5.079212 2.854819 hargrave 2019-09-16 09:25:03 
AF 180 286.7  50.3 286.7  50.3 6.43E-03 000.5 186.1  39.4 3.593001 4.539412 2.562636 hargrave 2019-09-16 09:26:23 
AF 200 286.8  50.1 286.8  50.1 5.78E-03 000.6 186.1  39.5 3.252311 4.171152 2.296769 hargrave 2019-09-16 09:27:42 
AF 250 287.1  50.1 287.1  50.1 4.57E-03 000.6 185.9  39.6 2.602525 3.311520 1.800455 hargrave 2019-09-16 09:29:02 
AF 300 287.5  50.1 287.5  50.1 3.68E-03 000.6 185.5  39.6 2.117354 2.638256 1.450310 hargrave 2019-09-16 09:30:22 
AF 350 287.7  50.0 287.7  50.0 3.10E-03 000.6 185.4  39.7 1.793291 2.267313 1.237164 hargrave 2019-09-16 09:31:41 
AF 400 288.0  49.9 288.0  49.9 2.69E-03 000.6 185.1  39.8 1.574472 1.979652 1.067818 hargrave 2019-09-16 09:33:00 
AF 450 288.3  50.2 288.3  50.2 2.39E-03 000.6 184.8  39.5 1.402600 1.742977 0.954083 hargrave 2019-09-16 09:34:19 
AF 500 288.5  50.2 288.5  50.2 2.18E-03 000.6 184.7  39.6 1.281550 1.605339 0.892626 hargrave 2019-09-16 09:35:39 
AF 550 288.4  50.1 288.4  50.1 2.02E-03 000.6 184.7  39.6 1.193300 1.473978 0.811067 hargrave 2019-09-16 09:36:58 
AF 600 288.6  50.2 288.6  50.2 1.90E-03 000.6 184.6  39.6 1.136319 1.389604 0.778897 hargrave 2019-09-16 09:39:07 
AF 650 288.7  50.3 288.7  50.3 1.80E-03 000.6 184.5  39.5 1.056889 1.338456 0.741251 hargrave 2019-09-16 09:40:26 
AF 700 289.2  49.9 289.2  49.9 1.73E-03 000.6 184.1  40.0 1.046394 1.276866 0.705436 hargrave 2019-09-16 09:41:45 
AF 750 289.1  49.9 289.1  49.9 1.66E-03 000.6 184.2  39.9 0.992232 1.227868 0.674321 hargrave 2019-09-16 09:43:05 
AF 800 289.5  49.8 289.5  49.8 1.61E-03 000.6 183.9  40.1 0.964606 1.132040 0.647232 hargrave 2019-09-16 09:44:24 
AF 850 288.9  49.9 288.9  49.9 1.56E-03 000.6 184.3  39.9 0.936951 1.195485 0.636616 hargrave 2019-09-16 09:45:44 
AF 900 288.9  50.1 288.9  50.1 1.52E-03 000.6 184.3  39.7 0.919555 1.130384 0.601860 hargrave 2019-09-16 09:47:04 
AF 950 289.2  50.1 289.2  50.1 1.48E-03 000.6 184.1  39.7 0.884575 1.127360 0.610244 hargrave 2019-09-16 09:48:23 
AF1000 289.5  50.1 289.5  50.1 1.44E-03 000.6 183.8  39.8 0.875434 1.118986 0.573433 hargrave 2019-09-16 09:49:43 
AF1050 289.4  50.0 289.4  50.0 1.41E-03 000.6 183.9  39.8 0.856951 1.087023 0.575623 hargrave 2019-09-16 09:51:04 
AF1100 289.0  50.1 289.0  50.1 1.37E-03 000.6 184.2  39.7 0.837264 1.002974 0.547900 hargrave 2019-09-16 09:52:25 
AF1150 289.1  50.2 289.1  50.2 1.32E-03 000.6 184.2  39.6 0.807683 1.023468 0.549841 hargrave 2019-09-16 09:53:48 
AF1200 289.1  50.5 289.1  50.5 1.29E-03 000.6 184.1  39.3 0.769595 0.990632 0.535255 hargrave 2019-09-16 09:55:09 
AF1250 289.7  50.2 289.7  50.2 1.25E-03 000.6 183.7  39.6 0.747251 0.941679 0.519254 hargrave 2019-09-16 09:56:32 
AF1300 289.1  50.7 289.1  50.7 1.21E-03 000.6 184.1  39.1 0.715732 0.901535 0.504123 hargrave 2019-09-16 09:57:54 
