BD7- 6a mag compass orientation (IGRF corrected)
      0  25.1  90.0   0.0   0.0   1.0
NRM    290.4  56.4 290.4  56.4 1.21E-02 000.5 183.1  33.5 5.320545 8.126346 4.404208 hargrave 2019-09-16 11:24:55 
AF  10 290.5  56.4 290.5  56.4 1.21E-02 000.5 183.0  33.5 5.396379 7.463392 4.522730 hargrave 2019-09-16 11:26:15 
AF  20 290.6  56.3 290.6  56.3 1.20E-02 000.5 183.0  33.6 5.378684 7.488718 4.491391 hargrave 2019-09-16 11:27:35 
AF  30 290.8  56.1 290.8  56.1 1.19E-02 000.5 182.9  33.8 5.368475 7.577387 4.480355 hargrave 2019-09-16 11:28:54 
AF  40 291.0  56.0 291.0  56.0 1.17E-02 000.5 182.8  33.9 5.231186 7.012326 4.394283 hargrave 2019-09-16 11:30:14 
AF  50 291.0  55.9 291.0  55.9 1.15E-02 000.5 182.8  34.0 5.157043 7.438858 4.289286 hargrave 2019-09-16 11:32:24 
AF  60 291.1  55.8 291.1  55.8 1.12E-02 000.5 182.7  34.1 5.035912 6.965047 4.186768 hargrave 2019-09-16 11:33:44 
AF  70 291.4  55.6 291.4  55.6 1.09E-02 000.6 182.5  34.3 4.968217 8.650437 4.059460 hargrave 2019-09-16 11:35:07 
AF  80 291.4  55.5 291.4  55.5 1.05E-02 000.5 182.5  34.4 4.767830 7.749237 3.902175 hargrave 2019-09-16 11:36:31 
AF  90 291.2  55.4 291.2  55.4 1.00E-02 000.5 182.7  34.5 4.609563 6.222722 3.720519 hargrave 2019-09-16 11:38:43 
AF 100 291.0  55.3 291.0  55.3 9.52E-03 000.5 182.8  34.6 4.384222 6.125048 3.547870 hargrave 2019-09-16 11:40:03 
AF 120 291.3  55.1 291.3  55.1 8.60E-03 000.5 182.7  34.8 3.981441 5.500499 3.195968 hargrave 2019-09-16 11:41:22 
AF 140 291.1  55.2 291.1  55.2 7.63E-03 000.5 182.8  34.7 3.524462 4.904443 2.824131 hargrave 2019-09-16 11:43:35 
AF 160 291.3  55.3 291.3  55.3 6.76E-03 000.5 182.6  34.6 3.149930 4.421770 2.502069 hargrave 2019-09-16 11:44:54 
AF 180 291.4  55.5 291.4  55.5 6.01E-03 000.5 182.5  34.5 2.814483 3.922429 2.231302 hargrave 2019-09-16 11:46:14 
AF 200 291.6  55.5 291.6  55.5 5.40E-03 000.5 182.4  34.5 2.514391 3.486348 2.020983 hargrave 2019-09-16 11:47:34 
AF 250 292.3  55.6 292.3  55.6 4.31E-03 000.5 181.9  34.3 2.034086 2.778999 1.596575 hargrave 2019-09-16 11:48:54 
AF 300 293.0  55.8 293.0  55.8 3.52E-03 000.5 181.4  34.1 1.639933 2.279364 1.319669 hargrave 2019-09-16 11:50:17 
AF 350 293.4  55.9 293.4  55.9 3.01E-03 000.5 181.2  34.1 1.429014 1.860873 1.125448 hargrave 2019-09-16 11:51:37 
AF 400 293.8  56.0 293.8  56.0 2.65E-03 000.5 180.9  34.0 1.252199 1.647057 1.004437 hargrave 2019-09-16 11:52:56 
AF 450 293.6  56.1 293.6  56.1 2.39E-03 000.5 181.0  33.9 1.135893 1.521082 0.905669 hargrave 2019-09-16 11:54:16 
AF 500 293.7  56.2 293.7  56.2 2.17E-03 000.5 180.9  33.8 1.043614 1.376123 0.820651 hargrave 2019-09-16 11:55:36 
AF 550 293.9  55.8 293.9  55.8 2.01E-03 000.5 180.8  34.2 0.991807 1.290168 0.769855 hargrave 2019-09-16 11:56:56 
AF 600 294.1  56.4 294.1  56.4 1.89E-03 000.5 180.6  33.6 0.907287 1.194696 0.728059 hargrave 2019-09-16 11:58:16 
AF 650 294.2  56.2 294.2  56.2 1.80E-03 000.5 180.6  33.8 0.868140 1.180448 0.671981 hargrave 2019-09-16 11:59:35 
AF 700 294.0  56.4 294.0  56.4 1.72E-03 000.5 180.7  33.6 0.837283 1.100788 0.644334 hargrave 2019-09-16 12:00:55 
AF 750 294.0  56.5 294.0  56.5 1.64E-03 000.5 180.7  33.5 0.806412 1.129813 0.609764 hargrave 2019-09-16 12:02:18 
AF 800 294.5  56.6 294.5  56.6 1.57E-03 000.5 180.4  33.4 0.757532 1.148448 0.608524 hargrave 2019-09-16 12:03:42 
AF 850 294.1  56.2 294.1  56.2 1.52E-03 000.5 180.6  33.8 0.743278 1.035922 0.591304 hargrave 2019-09-16 12:05:02 
AF 900 294.5  56.4 294.5  56.4 1.47E-03 000.5 180.4  33.6 0.736331 0.967428 0.567596 hargrave 2019-09-16 12:06:22 
AF 950 294.7  56.7 294.7  56.7 1.43E-03 000.5 180.3  33.3 0.698435 0.951857 0.552799 hargrave 2019-09-16 12:07:43 
AF1000 293.9  56.8 293.9  56.8 1.39E-03 000.5 180.8  33.2 0.681588 0.906260 0.542197 hargrave 2019-09-16 12:09:03 
AF1050 293.3  56.7 293.3  56.7 1.35E-03 000.5 181.2  33.3 0.664298 0.928734 0.517674 hargrave 2019-09-16 12:10:24 
AF1100 294.9  57.2 294.9  57.2 1.30E-03 000.5 180.1  32.8 0.635099 0.825569 0.494724 hargrave 2019-09-16 12:11:44 
AF1150 295.1  56.2 295.1  56.2 1.26E-03 000.5 180.0  33.8 0.634129 0.845638 0.489750 hargrave 2019-09-16 12:13:05 
AF1200 294.9  57.1 294.9  57.1 1.21E-03 000.5 180.1  32.9 0.586177 0.833146 0.465473 hargrave 2019-09-16 12:14:27 
AF1250 296.0  56.9 296.0  56.9 1.16E-03 000.5 179.4  33.1 0.585774 0.764542 0.454883 hargrave 2019-09-16 12:15:49 
AF1300 294.5  57.1 294.5  57.1 1.14E-03 000.5 180.4  32.9 0.579253 0.817907 0.442089 hargrave 2019-09-16 12:17:16 
