BD7- 1a mag compass orientation (IGRF corrected)
      0  29.1  87.0   0.0   0.0   1.0
NRM    288.1  56.5 288.1  56.5 1.41E-02 000.5 187.5  35.8 7.182210 9.323560 5.740086 hargrave 2019-09-16 06:21:05 
AF  10 288.2  56.5 288.2  56.5 1.40E-02 000.5 187.4  35.8 7.384807 9.470008 5.847034 hargrave 2019-09-16 06:22:25 
AF  20 288.2  56.4 288.2  56.4 1.39E-02 000.5 187.5  35.9 7.376485 9.026311 5.819099 hargrave 2019-09-16 06:24:34 
AF  30 288.1  56.2 288.1  56.2 1.38E-02 000.5 187.5  36.1 7.275101 8.825999 5.741255 hargrave 2019-09-16 06:25:55 
AF  40 288.2  56.0 288.2  56.0 1.36E-02 000.5 187.5  36.3 7.165638 8.778395 5.636928 hargrave 2019-09-16 06:27:15 
AF  50 288.2  55.8 288.2  55.8 1.34E-02 000.5 187.6  36.4 7.219204 9.207738 5.575183 hargrave 2019-09-16 06:29:24 
AF  60 288.3  55.7 288.3  55.7 1.31E-02 000.5 187.6  36.6 6.998969 9.044378 5.469820 hargrave 2019-09-16 06:30:44 
AF  70 288.3  55.6 288.3  55.6 1.28E-02 000.5 187.6  36.6 6.877620 8.786908 5.354991 hargrave 2019-09-16 06:32:04 
AF  80 288.2  55.5 288.2  55.5 1.25E-02 000.5 187.7  36.7 6.644444 8.356586 5.218417 hargrave 2019-09-16 06:33:24 
AF  90 288.2  55.5 288.2  55.5 1.21E-02 000.5 187.7  36.8 6.531633 8.155290 5.023674 hargrave 2019-09-16 06:34:44 
AF 100 288.3  55.4 288.3  55.4 1.17E-02 000.5 187.7  36.9 6.290291 7.916855 4.883429 hargrave 2019-09-16 06:36:04 
AF 120 288.2  55.3 288.2  55.3 1.08E-02 000.5 187.7  36.9 5.815909 7.395339 4.475206 hargrave 2019-09-16 06:37:25 
AF 140 288.3  55.4 288.3  55.4 9.79E-03 000.5 187.7  36.9 5.284466 6.724605 4.076127 hargrave 2019-09-16 06:38:45 
AF 160 288.3  55.6 288.3  55.6 8.73E-03 000.5 187.6  36.6 4.716048 6.087083 3.633428 hargrave 2019-09-16 06:40:05 
AF 180 288.5  55.6 288.5  55.6 7.77E-03 000.5 187.5  36.7 4.188441 5.408195 3.247047 hargrave 2019-09-16 06:41:25 
AF 200 288.8  55.5 288.8  55.5 6.89E-03 000.5 187.3  36.8 3.763457 4.823349 2.880498 hargrave 2019-09-16 06:42:45 
AF 250 289.1  56.0 289.1  56.0 5.17E-03 000.5 186.9  36.4 2.790669 3.675773 2.160977 hargrave 2019-09-16 06:44:05 
AF 300 289.6  56.2 289.6  56.2 3.96E-03 000.6 186.6  36.3 2.141686 2.826780 1.664096 hargrave 2019-09-16 06:45:25 
AF 350 289.7  56.5 289.7  56.5 3.18E-03 000.5 186.4  36.0 1.739414 2.217070 1.333567 hargrave 2019-09-16 06:46:45 
AF 400 289.8  56.8 289.8  56.8 2.66E-03 000.5 186.2  35.7 1.420640 1.886317 1.124239 hargrave 2019-09-16 06:48:06 
AF 450 290.4  57.1 290.4  57.1 2.32E-03 000.6 185.8  35.5 1.251329 1.668583 0.978822 hargrave 2019-09-16 06:49:26 
AF 500 290.8  57.1 290.8  57.1 2.07E-03 000.5 185.5  35.5 1.102989 1.463453 0.865597 hargrave 2019-09-16 06:50:46 
AF 550 290.9  57.4 290.9  57.4 1.88E-03 000.6 185.4  35.2 1.000623 1.349528 0.786947 hargrave 2019-09-16 06:52:06 
AF 600 290.9  57.5 290.9  57.5 1.73E-03 000.6 185.4  35.1 0.926990 1.234657 0.742260 hargrave 2019-09-16 06:53:27 
AF 650 291.8  57.7 291.8  57.7 1.61E-03 000.6 184.8  35.0 0.845446 1.195125 0.678951 hargrave 2019-09-16 06:54:47 
AF 700 291.8  57.6 291.8  57.6 1.51E-03 000.5 184.8  35.1 0.806449 1.068025 0.623180 hargrave 2019-09-16 06:56:07 
AF 750 291.2  57.7 291.2  57.7 1.44E-03 000.6 185.1  35.0 0.761227 1.071750 0.603425 hargrave 2019-09-16 06:57:27 
AF 800 290.9  58.0 290.9  58.0 1.37E-03 000.6 185.3  34.7 0.722983 1.029139 0.589250 hargrave 2019-09-16 06:58:48 
AF 850 290.8  57.8 290.8  57.8 1.32E-03 000.6 185.4  34.8 0.689514 0.964260 0.546281 hargrave 2019-09-16 07:00:08 
AF 900 291.9  58.3 291.9  58.3 1.25E-03 000.6 184.6  34.4 0.659960 0.905307 0.521760 hargrave 2019-09-16 07:01:29 
AF 950 290.6  58.3 290.6  58.3 1.21E-03 000.6 185.4  34.3 0.627517 0.917328 0.514051 hargrave 2019-09-16 07:02:49 
AF1000 291.1  58.4 291.1  58.4 1.17E-03 000.6 185.1  34.2 0.615668 0.852630 0.498267 hargrave 2019-09-16 07:04:10 
AF1050 291.7  58.4 291.7  58.4 1.11E-03 000.6 184.7  34.3 0.581791 0.819986 0.478254 hargrave 2019-09-16 07:05:31 
AF1100 291.1  58.7 291.1  58.7 1.08E-03 000.5 185.0  34.0 0.523422 0.766385 0.450001 hargrave 2019-09-16 07:06:52 
AF1150 291.1  58.0 291.1  58.0 1.04E-03 000.5 185.2  34.6 0.504316 0.727561 0.434493 hargrave 2019-09-16 07:08:14 
AF1200 289.6  58.2 289.6  58.2 9.77E-04 000.5 186.0  34.3 0.472876 0.684808 0.419670 hargrave 2019-09-16 07:09:35 
AF1250 290.2  58.6 290.2  58.6 9.49E-04 000.5 185.6  33.9 0.449849 0.678616 0.398079 hargrave 2019-09-16 07:10:57 
AF1300 291.1  58.3 291.1  58.3 9.09E-04 000.5 185.1  34.3 0.458869 0.632848 0.379015 hargrave 2019-09-16 07:13:10 
