BD8- 2a sun compass orientation
      0  57.1  61.0   0.0   0.0   1.0
NRM    294.6  53.5 294.6  53.5 2.29E-02 001.0 214.9  55.9 20.61187 35.31044 9.390811 hargrave 2020-08-22 11:24:43 
TT 150 293.7  52.8 293.7  52.8 2.27E-02 000.5 216.4  55.9 8.309677 12.97912 13.10821 hargrave 2020-08-23 09:48:58 
TT 250 292.8  52.1 292.8  52.1 2.19E-02 000.6 218.0  55.8 8.014418 16.34375 12.45409 hargrave 2020-08-23 16:40:06 
TT 300 291.5  50.9 291.5  50.9 2.14E-02 001.6 220.6  55.6 46.64626 34.57176 15.64595 hargrave 2020-08-24 13:18:56 
TT 350 291.8  52.0 291.8  52.0 2.11E-02 001.3 218.6  55.3 42.24710 9.748188 23.98791 hargrave 2020-08-25 11:01:08 
TT 400 292.2  52.4 292.2  52.4 2.11E-02 001.1 217.8  55.2 30.47097 11.43124 26.06334 hargrave 2020-08-26 09:38:58 
TT 425 291.0  50.7 291.0  50.7 2.10E-02 002.0 221.1  55.3 63.51765 22.13787 26.92561 hargrave 2020-08-26 15:57:30 
TT 450 289.6  49.6 289.6  49.6 2.22E-02 001.3 223.4  54.9 41.96074 11.33579 28.02380 hargrave 2020-08-27 12:02:46 
TT 475 290.9  52.1 290.9  52.1 2.24E-02 001.6 218.9  54.7 53.02490 13.07135 29.64875 hargrave 2020-08-27 18:08:29 
TT 500 291.8  52.8 291.8  52.8 1.93E-02 001.3 217.3  54.9 11.78887 37.16967 22.38893 hargrave 2020-08-28 16:01:18 
TT 520 292.7  52.8 292.7  52.8 1.64E-02 001.4 216.9  55.3 32.93278 17.91782 14.10609 hargrave 2020-08-29 15:55:52 
TT 530 292.7  51.6 292.7  51.6 4.65E-03 003.2 218.7  55.9 21.12212 13.93711 4.916845 hargrave 2020-08-30 14:34:34 
TT 534 291.1  53.6 291.1  53.6 3.92E-03 000.9 216.5  54.1 3.565193 4.368310 1.681384 hargrave 2020-08-31 14:45:42 
TT 537 290.4  52.2 290.4  52.2 2.15E-03 001.5 219.0  54.4 2.889732 4.503050 1.178813 hargrave 2020-09-01 12:41:43 
TT 542 285.4  50.5 285.4  50.5 1.60E-03 000.9 223.5  52.1 1.508667 1.977395 0.670257 hargrave 2020-09-02 12:21:22 
TT 546 284.5  51.3 284.5  51.3 1.40E-03 000.8 222.6  51.3 1.041526 1.560659 0.611016 hargrave 2020-09-02 19:54:05 
TT 551 284.5  47.9 284.5  47.9 1.05E-03 001.8 228.0  52.3 2.559234 1.968202 0.495350 hargrave 2020-09-03 14:13:57 
TT 555 287.8  48.9 287.8  48.9 7.57E-04 000.9 225.4  54.1 0.748392 0.808868 0.279192 hargrave 2020-09-04 11:39:11 
TT 560 281.1  54.4 281.1  54.4 5.57E-04 000.5 219.1  48.4 0.212751 0.362884 0.330750 hargrave 2020-09-04 19:42:21 
TT 567 294.4  52.5 294.4  52.5 2.96E-04 001.2 216.4  56.4 0.642045 0.316754 0.146207 hargrave 2020-09-14 18:05:02 
TT 577 285.7  62.2 285.7  62.2 1.93E-04 001.6 207.0  47.3 0.318271 0.382972 0.221529 hargrave 2020-09-16 10:33:02 
TT 590 079.6  76.4 079.6  76.4 1.20E-04 001.8 166.4  23.1 0.527773 0.223315 0.107969 hargrave 2020-09-16 17:12:26 
TT 610 257.0  78.1 257.0  78.1 6.35E-05 003.6 193.3  32.4 0.103287 0.373182 0.133200 hargrave 2020-09-17 14:05:08 
