BD8- 3a sun compass orientation
      0  39.7  63.0   0.0   0.0   1.0
NRM    288.2  45.8 288.2  45.8 2.01E-02 002.2 216.6  64.6 68.20717 18.66523 32.80753 hargrave 2020-08-22 11:26:14 
TT 150 292.0  48.3 292.0  48.3 1.99E-02 002.0 208.2  64.7 55.94451 25.31731 31.24150 hargrave 2020-08-23 09:50:27 
TT 250 290.5  47.5 290.5  47.5 1.93E-02 001.9 211.2  64.6 30.38502 48.16269 29.36407 hargrave 2020-08-23 16:41:36 
TT 300 286.6  44.4 286.6  44.4 1.91E-02 001.7 220.7  64.5 20.82056 46.81210 26.12284 hargrave 2020-08-24 13:20:27 
TT 350 287.4  45.3 287.4  45.3 1.88E-02 001.5 218.4  64.5 24.39007 34.77735 24.64657 hargrave 2020-08-25 11:02:40 
TT 400 287.5  44.8 287.5  44.8 1.86E-02 000.8 219.2  64.8 19.96118 11.44419 13.39112 hargrave 2020-08-26 09:40:28 
TT 425 287.4  44.2 287.4  44.2 1.83E-02 002.6 220.4  65.2 21.99350 77.20706 21.15374 hargrave 2020-08-26 15:59:01 
TT 450 287.3  44.5 287.3  44.5 1.91E-02 001.3 219.8  64.9 16.92153 35.43924 20.98065 hargrave 2020-08-27 12:04:15 
TT 475 287.6  44.4 287.6  44.4 1.92E-02 001.4 219.8  65.2 25.50324 34.55492 22.01647 hargrave 2020-08-27 18:10:00 
TT 500 286.6  44.7 286.6  44.7 1.65E-02 001.4 220.1  64.4 21.24768 30.78699 16.60583 hargrave 2020-08-28 16:03:37 
TT 520 287.5  45.6 287.5  45.6 1.40E-02 001.9 217.7  64.4 23.91120 34.44317 20.07723 hargrave 2020-08-29 15:57:23 
TT 530 289.4  45.9 289.4  45.9 3.91E-03 001.5 215.1  65.2 2.011794 9.264521 3.268072 hargrave 2020-08-30 14:36:05 
TT 534 287.8  45.7 287.8  45.7 3.49E-03 002.1 217.2  64.5 4.981364 10.60956 5.634709 hargrave 2020-08-31 14:47:12 
TT 537 289.7  47.2 289.7  47.2 1.82E-03 002.1 212.5  64.4 4.365983 4.142789 3.186655 hargrave 2020-09-01 12:43:13 
TT 542 286.4  47.7 286.4  47.7 1.39E-03 002.0 215.2  62.4 2.978301 2.947872 2.495635 hargrave 2020-09-02 12:22:52 
TT 546 287.4  48.2 287.4  48.2 1.26E-03 002.6 213.3  62.6 1.235134 5.217730 2.281869 hargrave 2020-09-02 19:55:18 
TT 551 284.8  47.3 284.8  47.3 1.00E-03 002.1 217.2  61.9 2.274741 2.245342 1.974380 hargrave 2020-09-03 14:15:28 
TT 555 288.0  47.2 288.0  47.2 7.04E-04 002.2 214.4  63.6 1.819238 1.550897 1.269319 hargrave 2020-09-04 11:40:41 
TT 560 281.1  44.9 281.1  44.9 5.41E-04 002.0 224.4  61.0 1.243380 1.117235 0.969579 hargrave 2020-09-04 19:43:51 
TT 567 289.9  45.6 289.9  45.6 2.71E-04 001.7 215.0  65.6 0.132411 0.707513 0.399917 hargrave 2020-09-14 18:06:31 
TT 577 279.6  43.1 279.6  43.1 1.47E-04 004.0 228.7  60.8 0.149773 0.980003 0.301247 hargrave 2020-09-16 10:34:33 
TT 590 292.1  41.3 292.1  41.3 7.89E-05 001.2 220.9  69.6 0.099458 0.093831 0.188224 hargrave 2020-09-16 17:13:56 
TT 610 245.0  31.5 245.0  31.5 4.90E-05 006.6 248.7  34.2 0.393857 0.375066 0.176318 hargrave 2020-09-17 14:06:38 
