BD8- 1a sun compass orientation
      0  59.6  56.0   0.0   0.0   1.0
NRM    293.7  55.2 293.7  55.2 6.68E-03 001.9 218.4  57.4 17.92413 4.482610 11.21301 hargrave 2020-08-22 11:23:10 
TT 150 291.8  54.0 291.8  54.0 6.62E-03 001.9 221.3  56.8 17.54567 5.141955 11.80435 hargrave 2020-08-23 09:47:24 
TT 250 290.2  53.1 290.2  53.1 6.31E-03 003.2 223.3  56.3 30.39411 16.05182 9.887210 hargrave 2020-08-23 16:38:34 
TT 300 290.6  54.5 290.6  54.5 6.15E-03 002.5 220.9  56.0 8.801045 24.06519 8.755859 hargrave 2020-08-24 13:17:24 
TT 350 288.9  51.3 288.9  51.3 6.07E-03 001.8 226.8  56.0 6.067029 16.39790 7.735054 hargrave 2020-08-25 10:59:36 
TT 400 288.9  51.0 288.9  51.0 6.07E-03 001.0 227.4  56.1 6.827989 4.882280 6.576528 hargrave 2020-08-26 09:37:25 
TT 425 290.0  52.9 290.0  52.9 5.97E-03 001.0 223.8  56.2 2.015921 8.253729 6.123596 hargrave 2020-08-26 15:55:56 
TT 450 289.8  52.8 289.8  52.8 5.96E-03 001.0 224.1  56.2 2.525870 7.870673 6.398838 hargrave 2020-08-27 12:01:13 
TT 475 290.5  53.7 290.5  53.7 5.80E-03 002.1 222.2  56.3 17.40684 11.08667 6.125396 hargrave 2020-08-27 18:06:56 
TT 500 290.5  53.9 290.5  53.9 5.53E-03 001.9 221.9  56.2 15.82816 6.351280 6.533743 hargrave 2020-08-28 15:59:45 
TT 520 289.8  52.9 289.8  52.9 5.48E-03 001.3 223.8  56.1 8.834432 4.934987 7.889461 hargrave 2020-08-29 15:54:19 
TT 530 291.2  55.3 291.2  55.3 2.92E-03 001.3 219.3  56.0 5.676490 1.694678 3.126275 hargrave 2020-08-30 14:33:00 
TT 534 289.5  54.3 289.5  54.3 2.19E-03 001.9 221.6  55.5 5.566053 1.946504 4.006572 hargrave 2020-08-31 14:44:08 
TT 537 290.4  54.0 290.4  54.0 1.24E-03 002.1 221.8  56.1 1.821130 3.274224 2.550727 hargrave 2020-09-01 12:40:11 
TT 542 286.5  51.7 286.5  51.7 8.25E-04 002.4 226.8  54.5 0.717323 2.728842 1.884096 hargrave 2020-09-02 12:18:59 
TT 546 284.5  53.0 284.5  53.0 5.44E-04 001.9 225.2  53.0 1.241995 0.691544 1.162949 hargrave 2020-09-02 19:52:49 
TT 551 286.0  47.4 286.0  47.4 3.72E-04 001.6 234.3  54.9 0.356617 0.687243 0.680269 hargrave 2020-09-03 14:12:24 
TT 555 285.5  49.7 285.5  49.7 2.64E-04 002.5 230.4  54.2 1.049357 0.188543 0.445033 hargrave 2020-09-04 11:37:37 
TT 560 283.6  55.5 283.6  55.5 2.00E-04 002.2 221.3  51.9 0.606904 0.185273 0.450404 hargrave 2020-09-04 19:39:57 
TT 567 285.5  55.3 285.5  55.3 1.62E-04 001.2 221.2  53.0 0.118127 0.232416 0.247849 hargrave 2020-09-14 18:03:26 
TT 577 266.3  52.5 266.3  52.5 8.57E-05 001.6 227.1  42.1 0.140173 0.149394 0.136476 hargrave 2020-09-16 10:31:29 
TT 590 256.0  56.6 256.0  56.6 2.79E-05 003.6 221.1  36.5 0.197525 0.057313 0.132260 hargrave 2020-09-16 17:10:54 
TT 610 210.5  29.3 210.5  29.3 2.92E-05 002.8 229.9 -04.4 0.043488 0.062855 0.135931 hargrave 2020-09-17 14:02:47 
