BD8- 5a sun compass orientation
      0  45.6  38.0   0.0   0.0   1.0
NRM    282.3  48.9 282.3  48.9 5.21E-02 001.1 265.1  68.8 75.78779 49.81055 96.55828 hargrave 2020-08-22 11:29:04 
TT 150 282.6  48.2 282.6  48.2 5.26E-02 001.5 267.2  68.7 131.7591 38.39004 85.04077 hargrave 2020-08-23 09:53:16 
TT 250 281.9  47.7 281.9  47.7 5.24E-02 000.8 267.9  68.0 47.06675 47.45492 76.23278 hargrave 2020-08-23 16:44:25 
TT 300 281.6  47.6 281.6  47.6 5.17E-02 001.0 267.8  67.8 56.87386 57.38645 60.16153 hargrave 2020-08-24 13:23:16 
TT 350 281.5  47.4 281.5  47.4 5.08E-02 001.1 268.2  67.7 75.09569 45.83539 77.32212 hargrave 2020-08-25 11:05:29 
TT 400 281.2  47.8 281.2  47.8 5.11E-02 000.7 267.1  67.7 43.95931 46.60737 76.10905 hargrave 2020-08-26 09:43:18 
TT 425 281.6  48.3 281.6  48.3 5.10E-02 000.9 266.0  68.1 57.78569 49.17199 65.78345 hargrave 2020-08-26 16:01:52 
TT 450 281.5  48.5 281.5  48.5 5.06E-02 001.3 265.6  68.1 100.2659 46.10792 80.01650 hargrave 2020-08-27 12:07:05 
TT 475 283.1  47.2 283.1  47.2 5.20E-02 000.8 269.8  68.6 37.67290 37.30166 94.14047 hargrave 2020-08-27 18:12:49 
TT 500 283.0  48.7 283.0  48.7 4.87E-02 000.8 266.1  69.1 47.51632 44.51152 61.41901 hargrave 2020-08-28 16:06:27 
TT 520 282.6  49.1 282.6  49.1 4.54E-02 000.7 264.9  69.0 46.10059 38.51671 30.35929 hargrave 2020-08-29 16:00:13 
TT 530 278.0  49.7 278.0  49.7 1.93E-02 000.7 260.6  66.4 13.22323 19.63282 6.355963 hargrave 2020-08-30 14:39:45 
TT 534 277.4  50.0 277.4  50.0 1.60E-02 001.9 259.4  66.2 49.77830 15.77491 5.509169 hargrave 2020-08-31 14:50:04 
TT 537 283.3  50.0 283.3  50.0 6.53E-03 000.9 262.8  69.7 8.213411 5.081673 1.412663 hargrave 2020-09-01 12:46:51 
TT 542 284.2  50.8 284.2  50.8 4.52E-03 001.0 260.9  70.6 7.438344 2.563981 1.075896 hargrave 2020-09-02 12:26:31 
TT 546 284.3  50.4 284.3  50.4 3.90E-03 002.0 262.3  70.5 13.47461 2.924572 1.200147 hargrave 2020-09-02 19:57:34 
TT 551 284.2  46.9 284.2  46.9 2.78E-03 001.1 271.5  69.1 4.961733 2.419788 0.608677 hargrave 2020-09-03 14:18:20 
TT 555 287.4  49.8 287.4  49.8 2.04E-03 000.6 266.0  72.2 1.296369 1.485901 0.381453 hargrave 2020-09-04 11:43:32 
TT 560 284.0  44.9 284.0  44.9 1.70E-03 000.7 276.3  68.1 1.811287 0.928841 0.426185 hargrave 2020-09-04 19:46:43 
TT 567 296.5  49.2 296.5  49.2 1.09E-03 000.5 275.5  77.6 0.541515 0.912569 0.266747 hargrave 2020-09-14 18:09:23 
TT 577 269.4  50.1 269.4  50.1 5.85E-04 002.3 255.3  61.4 2.266801 0.482618 0.265058 hargrave 2020-09-16 10:37:22 
TT 590 326.9  78.1 326.9  78.1 1.88E-04 000.9 174.8  63.6 0.356912 0.127955 0.201626 hargrave 2020-09-16 17:16:44 
TT 610 259.4  79.2 259.4  79.2 8.48E-05 005.2 196.6  56.9 0.107821 0.737699 0.217230 hargrave 2020-09-17 14:09:26 
