BD8- 7a sun compass orientation
      0  41.2  58.0   0.0   0.0   1.0
NRM    286.2  51.5 286.2  51.5 3.50E-02 000.6 215.8  63.3 16.40559 28.94430 12.52589 hargrave 2020-08-22 11:31:49 
TT 150 283.8  48.9 283.8  48.9 3.48E-02 001.4 222.5  63.4 61.69836 58.51984 11.54559 hargrave 2020-08-23 09:56:07 
TT 250 282.9  47.2 282.9  47.2 3.41E-02 000.7 226.6  63.7 36.08600 20.50333 12.12012 hargrave 2020-08-23 16:47:10 
TT 300 283.1  48.1 283.1  48.1 3.35E-02 000.5 224.6  63.4 20.76257 13.73989 12.87652 hargrave 2020-08-24 13:26:01 
TT 350 283.0  48.0 283.0  48.0 3.32E-02 000.6 224.9  63.4 22.14844 23.08718 15.55291 hargrave 2020-08-25 11:08:15 
TT 400 283.0  48.0 283.0  48.0 3.36E-02 001.0 224.8  63.3 12.82850 54.06474 21.73763 hargrave 2020-08-26 09:46:03 
TT 425 283.6  48.4 283.6  48.4 3.33E-02 000.7 223.6  63.5 34.52278 17.93771 19.03429 hargrave 2020-08-26 16:04:38 
TT 450 284.5  49.0 284.5  49.0 3.17E-02 001.2 221.8  63.8 63.75883 14.21285 20.73474 hargrave 2020-08-27 12:09:50 
TT 475 284.8  46.8 284.8  46.8 2.83E-02 001.4 226.0  65.0 17.47106 63.51393 17.41320 hargrave 2020-08-27 18:15:40 
TT 500 285.6  47.8 285.6  47.8 2.61E-02 001.9 223.4  65.0 29.83795 80.75477 16.92623 hargrave 2020-08-28 16:10:03 
TT 520 287.2  49.1 287.2  49.1 2.61E-02 000.8 219.5  65.2 29.07034 24.33277 6.383213 hargrave 2020-08-29 16:03:50 
TT 530 289.0  50.8 289.0  50.8 2.20E-02 001.3 214.5  65.1 19.88906 45.63838 7.683823 hargrave 2020-08-30 14:42:32 
TT 534 289.2  51.3 289.2  51.3 2.01E-02 001.8 213.4  64.8 48.62872 38.53604 13.38950 hargrave 2020-08-31 14:52:56 
TT 537 287.6  51.5 287.6  51.5 8.35E-03 001.0 214.6  64.0 9.218131 10.37703 6.364025 hargrave 2020-09-01 12:49:39 
TT 542 286.6  52.4 286.6  52.4 4.53E-03 002.5 213.9  62.9 15.78969 11.85514 3.535796 hargrave 2020-09-02 12:29:17 
TT 546 285.3  50.6 285.3  50.6 3.24E-03 002.0 218.1  63.3 9.575072 5.065852 2.277836 hargrave 2020-09-02 20:00:32 
TT 551 284.4  51.3 284.4  51.3 2.02E-03 001.8 217.6  62.5 5.079605 3.275663 1.446948 hargrave 2020-09-03 14:21:06 
TT 555 291.2  53.3 291.2  53.3 1.60E-03 001.0 208.1  64.3 2.490395 0.889066 0.977117 hargrave 2020-09-04 11:46:19 
TT 560 282.4  51.1 282.4  51.1 1.35E-03 001.6 219.3  61.5 3.077413 2.027150 0.830488 hargrave 2020-09-04 19:50:24 
TT 567 284.1  49.7 284.1  49.7 9.87E-04 000.5 220.9  63.2 0.639834 0.516558 0.379603 hargrave 2020-09-14 18:12:13 
TT 577 284.5  55.2 284.5  55.2 5.15E-04 001.9 211.1  60.2 1.374929 1.036731 0.254170 hargrave 2020-09-16 10:40:07 
TT 590 336.3  56.6 336.3  56.6 1.59E-04 001.1 152.2  59.9 0.205395 0.121210 0.242105 hargrave 2020-09-16 17:19:30 
TT 610 255.9  83.8 255.9  83.8 3.83E-05 003.7 186.3  35.4 0.137045 0.197494 0.188813 hargrave 2020-09-17 14:12:14 
