BD8- 10a sun compass orientation
      0  38.0  33.0   0.0   0.0   1.0
NRM    288.8  53.0 288.8  53.0 1.87E-02 001.4 281.7  78.3 43.81888 13.46282 7.027031 hargrave 2020-08-22 11:36:19 
TT 150 288.4  51.6 288.4  51.6 1.84E-02 000.6 287.0  77.4 13.30143 10.24571 10.80518 hargrave 2020-08-23 10:00:39 
TT 250 285.8  52.1 285.8  52.1 1.75E-02 001.2 281.3  76.3 33.81825 8.722893 8.493805 hargrave 2020-08-23 16:51:39 
TT 300 285.9  51.0 285.9  51.0 1.72E-02 000.4 285.3  75.8 6.221728 10.08460 8.206991 hargrave 2020-08-24 13:30:30 
TT 350 286.1  50.3 286.1  50.3 1.70E-02 000.8 288.3  75.5 18.79439 15.74173 7.410613 hargrave 2020-08-25 11:12:44 
TT 400 285.4  51.0 285.4  51.0 1.69E-02 000.5 285.0  75.5 10.11386 10.68519 7.749561 hargrave 2020-08-26 09:50:37 
TT 425 286.2  50.8 286.2  50.8 1.66E-02 000.7 286.6  75.8 18.31712 9.774343 7.338029 hargrave 2020-08-26 16:09:10 
TT 450 286.1  51.1 286.1  51.1 1.66E-02 000.8 285.6  75.9 17.95551 13.51390 6.882702 hargrave 2020-08-27 12:14:18 
TT 475 284.9  51.2 284.9  51.2 1.72E-02 000.7 283.5  75.3 14.65970 12.26470 6.975432 hargrave 2020-08-27 18:20:09 
TT 500 284.7  50.7 284.7  50.7 1.60E-02 001.0 284.7  75.0 26.55801 9.171741 6.947719 hargrave 2020-08-28 16:14:34 
TT 520 285.1  50.5 285.1  50.5 1.49E-02 000.8 286.0  75.1 11.03830 17.48506 6.808296 hargrave 2020-08-29 16:08:22 
TT 530 284.3  50.5 284.3  50.5 1.25E-02 001.1 284.8  74.7 11.17842 19.85023 5.667738 hargrave 2020-08-30 14:47:53 
TT 534 284.5  50.0 284.5  50.0 1.11E-02 001.4 286.8  74.5 24.01402 9.835903 4.471238 hargrave 2020-08-31 14:57:28 
TT 537 285.3  50.3 285.3  50.3 8.14E-03 000.9 287.0  75.0 4.404997 11.40199 3.406800 hargrave 2020-09-01 12:54:08 
TT 542 284.7  51.7 284.7  51.7 5.74E-03 001.6 281.5  75.5 14.68484 5.028262 1.869716 hargrave 2020-09-02 12:33:48 
TT 546 285.4  52.2 285.4  52.2 4.20E-03 001.1 280.5  76.2 6.643451 3.886066 1.411306 hargrave 2020-09-02 20:04:09 
TT 551 287.9  53.2 287.9  53.2 2.88E-03 001.3 279.6  77.9 6.156089 2.204481 0.549183 hargrave 2020-09-03 14:25:37 
TT 555 286.7  53.5 286.7  53.5 2.08E-03 001.5 277.2  77.4 4.250661 3.190993 0.719533 hargrave 2020-09-04 11:50:58 
TT 560 287.9  51.4 287.9  51.4 1.78E-03 001.0 286.9  77.1 0.934681 2.846642 0.726018 hargrave 2020-09-04 19:54:54 
TT 567 290.4  53.9 290.4  53.9 1.25E-03 000.8 280.1  79.6 1.299898 1.232587 0.254815 hargrave 2020-09-14 18:17:28 
TT 577 289.4  52.9 289.4  52.9 6.64E-04 000.9 283.3  78.6 0.384294 1.000482 0.144842 hargrave 2020-09-16 10:44:36 
TT 590 295.7  41.6 295.7  41.6 2.12E-04 001.2 327.6  72.7 0.101366 0.438463 0.093249 hargrave 2020-09-16 17:23:58 
TT 610 248.5  38.2 248.5  38.2 5.37E-05 005.0 269.8  47.4 0.375148 0.238652 0.175313 hargrave 2020-09-17 14:17:31 
