BD8- 8a sun compass orientation
      0  37.2  55.0   0.0   0.0   1.0
NRM    282.3  64.7 282.3  64.7 2.72E-02 002.9 199.2  56.8 83.87449 108.1952 27.02929 hargrave 2020-08-22 11:33:16 
TT 150 281.9  63.5 281.9  63.5 2.69E-02 003.3 200.8  57.5 88.74896 126.4485 24.48145 hargrave 2020-08-23 09:57:34 
TT 250 280.2  62.6 280.2  62.6 2.62E-02 001.3 203.0  57.7 36.95489 38.58453 27.82569 hargrave 2020-08-23 16:48:37 
TT 300 281.9  63.3 281.9  63.3 2.58E-02 003.9 201.0  57.7 115.2156 131.4840 33.43060 hargrave 2020-08-24 13:27:28 
TT 350 282.5  62.1 282.5  62.1 2.56E-02 002.1 202.1  58.7 60.72849 69.41274 13.21695 hargrave 2020-08-25 11:09:42 
TT 400 280.9  63.9 280.9  63.9 2.54E-02 004.8 200.9  57.0 152.9265 135.8769 57.84640 hargrave 2020-08-26 09:47:30 
TT 425 282.2  63.2 282.2  63.2 2.51E-02 002.3 201.0  57.8 89.09962 27.51982 41.09519 hargrave 2020-08-26 16:06:06 
TT 450 284.9  64.9 284.9  64.9 2.48E-02 002.5 197.3  57.3 80.20610 55.48116 51.21241 hargrave 2020-08-27 12:11:16 
TT 475 283.9  64.7 283.9  64.7 2.53E-02 001.9 198.2  57.2 73.38198 14.80149 38.16314 hargrave 2020-08-27 18:17:07 
TT 500 281.7  63.8 281.7  63.8 2.35E-02 002.6 200.6  57.2 82.37075 58.32706 33.56493 hargrave 2020-08-28 16:11:30 
TT 520 287.8  65.3 287.8  65.3 2.22E-02 002.2 194.9  57.5 62.25120 51.17514 26.26403 hargrave 2020-08-29 16:05:18 
TT 530 286.1  61.1 286.1  61.1 1.50E-02 002.7 200.8  60.7 55.14331 37.37374 21.11466 hargrave 2020-08-30 14:44:49 
TT 534 285.6  60.0 285.6  60.0 1.30E-02 000.7 202.6  61.4 12.45294 10.05947 5.514788 hargrave 2020-08-31 14:54:24 
TT 537 285.2  60.4 285.2  60.4 7.57E-03 001.9 202.4  60.9 19.12840 15.81914 6.308917 hargrave 2020-09-01 12:51:06 
TT 542 284.1  60.4 284.1  60.4 4.58E-03 001.4 203.2  60.5 5.045270 10.28408 1.299860 hargrave 2020-09-02 12:30:45 
TT 546 289.0  61.9 289.0  61.9 3.33E-03 001.4 197.5  60.7 2.933783 6.883175 2.545626 hargrave 2020-09-02 20:01:41 
TT 551 279.3  60.0 279.3  60.0 2.05E-03 004.6 207.2  59.1 7.602107 14.45483 0.678981 hargrave 2020-09-03 14:22:33 
TT 555 288.9  60.4 288.9  60.4 1.58E-03 002.2 199.3  62.0 1.592016 5.835035 0.698118 hargrave 2020-09-04 11:47:46 
TT 560 284.8  58.3 284.8  58.3 1.33E-03 001.8 205.6  62.4 1.172187 3.913723 0.807605 hargrave 2020-09-04 19:51:51 
TT 567 282.7  60.0 282.7  60.0 9.85E-04 001.0 204.8  60.4 1.505902 0.630008 0.504790 hargrave 2020-09-14 18:14:28 
TT 577 279.8  59.7 279.8  59.7 6.26E-04 000.8 207.3  59.6 0.298457 0.699797 0.450684 hargrave 2020-09-16 10:41:33 
TT 590 303.2  53.5 303.2  53.5 2.22E-04 002.1 187.4  71.3 0.762937 0.335377 0.084044 hargrave 2020-09-16 17:20:56 
TT 610 241.1  51.9 241.1  51.9 7.34E-05 003.2 228.4  41.0 0.055947 0.408183 0.147248 hargrave 2020-09-17 14:14:29 
