BD8- 4a sun compass orientation
      0  48.9  19.0   0.0   0.0   1.0
NRM    285.0  55.7 285.0  55.7 1.79E-02 002.7 298.9  69.0 49.10766 61.84091 25.44258 hargrave 2020-08-22 11:27:41 
TT 150 284.1  55.3 284.1  55.3 1.77E-02 003.2 298.2  68.4 9.673818 93.41086 30.04400 hargrave 2020-08-23 09:51:53 
TT 250 283.5  54.7 283.5  54.7 1.71E-02 002.9 298.2  67.7 5.284671 80.84643 26.75388 hargrave 2020-08-23 16:43:02 
TT 300 284.2  54.1 284.2  54.1 1.68E-02 003.0 299.9  67.4 14.53362 83.07437 24.52491 hargrave 2020-08-24 13:21:53 
TT 350 282.7  54.8 282.7  54.8 1.66E-02 002.8 297.0  67.6 6.796348 76.59912 23.11813 hargrave 2020-08-25 11:04:06 
TT 400 282.2  54.7 282.2  54.7 1.64E-02 003.0 296.5  67.3 23.00519 80.19423 23.45864 hargrave 2020-08-26 09:41:55 
TT 425 282.8  55.2 282.8  55.2 1.63E-02 003.2 296.7  67.8 29.28513 84.02082 20.23180 hargrave 2020-08-26 16:00:27 
TT 450 282.8  54.8 282.8  54.8 1.67E-02 003.2 297.2  67.6 23.49866 86.87744 20.75587 hargrave 2020-08-27 12:05:42 
TT 475 282.4  55.6 282.4  55.6 1.81E-02 003.4 295.7  68.1 42.05760 95.00235 20.99423 hargrave 2020-08-27 18:11:26 
TT 500 283.5  54.7 283.5  54.7 1.60E-02 002.4 298.2  67.7 8.485762 64.80121 18.37072 hargrave 2020-08-28 16:05:04 
TT 520 282.6  54.1 282.6  54.1 1.34E-02 003.5 297.8  66.9 31.30107 74.19658 17.02618 hargrave 2020-08-29 15:58:50 
TT 530 284.4  50.7 284.4  50.7 4.08E-03 002.1 304.0  64.4 2.655181 13.68502 5.249117 hargrave 2020-08-30 14:37:32 
TT 534 282.8  57.5 282.8  57.5 3.95E-03 002.5 293.3  69.8 4.101652 16.06882 4.863797 hargrave 2020-08-31 14:48:40 
TT 537 285.1  50.2 285.1  50.2 2.57E-03 003.2 305.5  64.1 1.544124 13.56366 4.886748 hargrave 2020-09-01 12:45:28 
TT 542 281.9  51.0 281.9  51.0 2.26E-03 002.7 300.4  64.0 3.630794 8.999714 4.533595 hargrave 2020-09-02 12:25:07 
TT 546 279.6  49.7 279.6  49.7 2.11E-03 002.6 298.7  62.2 2.842560 7.997690 4.206561 hargrave 2020-09-02 19:56:27 
TT 551 281.1  49.6 281.1  49.6 1.81E-03 003.1 300.8  62.5 0.888299 8.982460 3.445357 hargrave 2020-09-03 14:16:54 
TT 555 281.6  49.4 281.6  49.4 1.31E-03 003.2 301.7  62.4 0.730000 6.712518 2.812132 hargrave 2020-09-04 11:42:08 
TT 560 278.1  47.9 278.1  47.9 1.09E-03 002.4 298.6  60.1 1.621183 3.691398 2.353001 hargrave 2020-09-04 19:45:18 
TT 567 283.9  48.1 283.9  48.1 7.46E-04 003.4 305.6  61.8 1.947025 3.759181 1.146748 hargrave 2020-09-14 18:07:57 
TT 577 281.5  45.4 281.5  45.4 4.68E-04 002.7 304.7  58.8 0.311671 1.987446 0.984031 hargrave 2020-09-16 10:35:59 
TT 590 307.9  42.8 307.9  42.8 1.49E-04 001.5 343.1  61.3 0.222942 0.317417 0.062314 hargrave 2020-09-16 17:15:22 
TT 610 281.1  70.6 281.1  70.6 3.78E-05 003.5 254.0  77.8 0.121789 0.168277 0.187207 hargrave 2020-09-17 14:08:04 
