BD8- 6a sun compass orientation
      0  33.9  66.0   0.0   0.0   1.0
NRM    284.1  56.0 284.1  56.0 2.14E-02 002.1 199.2  54.9 47.81774 60.75166 19.31257 hargrave 2020-08-22 11:30:26 
TT 150 281.1  54.6 281.1  54.6 2.11E-02 001.1 203.1  55.0 30.56942 19.53527 17.28166 hargrave 2020-08-23 09:54:41 
TT 250 283.0  55.0 283.0  55.0 2.04E-02 001.7 201.1  55.4 34.01875 45.47706 16.07568 hargrave 2020-08-23 16:45:46 
TT 300 279.4  53.7 279.4  53.7 2.00E-02 000.8 205.3  55.1 10.90139 26.02220 8.980031 hargrave 2020-08-24 13:24:37 
TT 350 280.6  54.1 280.6  54.1 1.96E-02 001.5 204.1  55.3 18.69733 48.40634 8.491312 hargrave 2020-08-25 11:06:51 
TT 400 280.5  54.2 280.5  54.2 1.96E-02 000.4 204.0  55.1 8.119052 9.933007 8.141094 hargrave 2020-08-26 09:44:39 
TT 425 282.9  55.1 282.9  55.1 1.94E-02 001.3 201.1  55.3 7.781610 42.48319 9.161886 hargrave 2020-08-26 16:03:14 
TT 450 283.1  55.3 283.1  55.3 1.92E-02 000.8 200.7  55.2 8.750756 25.05501 8.566183 hargrave 2020-08-27 12:08:26 
TT 475 282.3  55.0 282.3  55.0 2.01E-02 000.6 201.6  55.1 10.58532 16.34484 9.140604 hargrave 2020-08-27 18:14:15 
TT 500 283.8  55.5 283.8  55.5 1.87E-02 002.3 200.0  55.2 25.06444 71.17345 7.890844 hargrave 2020-08-28 16:08:39 
TT 520 282.5  55.2 282.5  55.2 1.73E-02 001.0 201.3  55.0 19.51803 22.27581 10.05546 hargrave 2020-08-29 16:02:26 
TT 530 288.0  54.7 288.0  54.7 9.52E-03 001.3 197.0  57.1 9.330108 18.96807 3.466728 hargrave 2020-08-30 14:41:09 
TT 534 290.3  55.3 290.3  55.3 8.16E-03 001.0 194.2  57.1 9.470173 8.249526 7.785101 hargrave 2020-08-31 14:51:31 
TT 537 287.7  52.2 287.7  52.2 4.78E-03 001.5 199.5  59.2 7.065803 8.568814 5.904866 hargrave 2020-09-01 12:48:15 
TT 542 286.5  52.2 286.5  52.2 3.82E-03 001.6 200.7  58.8 4.481536 8.212718 4.560292 hargrave 2020-09-02 12:27:53 
TT 546 286.1  53.1 286.1  53.1 3.40E-03 001.6 200.2  58.0 7.238714 4.905523 3.777981 hargrave 2020-09-02 19:58:42 
TT 551 282.2  51.5 282.2  51.5 2.59E-03 001.6 205.7  57.9 1.936790 6.059089 2.981964 hargrave 2020-09-03 14:19:42 
TT 555 286.0  53.0 286.0  53.0 2.11E-03 001.7 200.5  58.0 2.014346 5.472052 2.492960 hargrave 2020-09-04 11:44:55 
TT 560 281.5  50.8 281.5  50.8 1.71E-03 001.1 207.1  58.1 2.488871 0.937658 1.759280 hargrave 2020-09-04 19:48:09 
TT 567 285.4  49.2 285.4  49.2 1.20E-03 000.6 205.2  60.9 0.507598 0.775590 0.783286 hargrave 2020-09-14 18:10:48 
TT 577 279.7  51.9 279.7  51.9 6.23E-04 002.5 207.3  56.5 1.698089 2.129888 0.330162 hargrave 2020-09-16 10:38:44 
TT 590 327.3  57.6 327.3  57.6 1.92E-04 000.4 159.5  52.5 0.168043 0.141376 0.246168 hargrave 2020-09-16 17:18:05 
TT 610 232.6  55.8 232.6  55.8 8.39E-05 003.6 217.9  30.1 0.202324 0.456518 0.216541 hargrave 2020-09-17 14:10:50 
