BD8- 9a sun compass orientation
      0  37.3  48.0   0.0   0.0   1.0
NRM    296.9  54.4 296.9  54.4 1.51E-02 002.2 205.4  75.8 56.45468 7.776777 16.17207 hargrave 2020-08-22 11:34:46 
TT 150 295.1  53.4 295.1  53.4 1.49E-02 002.0 211.3  76.0 51.04225 8.104171 13.58280 hargrave 2020-08-23 09:59:07 
TT 250 294.5  52.9 294.5  52.9 1.44E-02 001.8 214.0  76.2 41.22122 12.29503 13.12734 hargrave 2020-08-23 16:50:07 
TT 300 294.2  52.4 294.2  52.4 1.41E-02 001.5 216.0  76.3 32.58937 16.06826 12.10976 hargrave 2020-08-24 13:28:57 
TT 350 294.8  52.6 294.8  52.6 1.39E-02 001.3 214.1  76.4 30.00098 6.688498 10.37331 hargrave 2020-08-25 11:11:12 
TT 400 294.7  52.4 294.7  52.4 1.39E-02 001.1 215.0  76.6 23.95758 6.905811 8.106227 hargrave 2020-08-26 09:49:04 
TT 425 294.8  52.6 294.8  52.6 1.37E-02 000.9 214.1  76.5 15.17287 12.06614 8.010980 hargrave 2020-08-26 16:07:37 
TT 450 295.3  52.5 295.3  52.5 1.33E-02 001.2 213.4  76.8 26.05231 9.460602 8.982063 hargrave 2020-08-27 12:12:46 
TT 475 295.9  52.6 295.9  52.6 1.31E-02 001.1 212.2  76.9 21.45266 8.130915 8.196155 hargrave 2020-08-27 18:18:36 
TT 500 295.4  52.5 295.4  52.5 1.22E-02 001.3 213.3  76.8 26.67988 5.103261 7.773451 hargrave 2020-08-28 16:13:01 
TT 520 295.3  52.5 295.3  52.5 1.16E-02 001.5 213.5  76.7 25.61619 13.58026 9.281295 hargrave 2020-08-29 16:06:49 
TT 530 296.3  53.2 296.3  53.2 1.07E-02 001.3 209.7  76.6 20.15331 11.50852 6.852427 hargrave 2020-08-30 14:46:19 
TT 534 295.1  54.1 295.1  54.1 9.77E-03 002.5 209.6  75.5 39.94421 5.919968 11.47086 hargrave 2020-08-31 14:55:54 
TT 537 295.3  55.0 295.3  55.0 6.93E-03 002.7 207.0  74.8 23.47483 21.25040 8.841729 hargrave 2020-09-01 12:52:36 
TT 542 292.8  54.5 292.8  54.5 4.48E-03 002.7 212.4  74.3 20.40748 2.631622 5.070915 hargrave 2020-09-02 12:32:15 
TT 546 291.5  55.3 291.5  55.3 3.12E-03 002.8 212.4  73.2 14.42766 3.248393 3.462375 hargrave 2020-09-02 20:02:54 
TT 551 288.3  53.7 288.3  53.7 1.86E-03 002.3 220.7  72.8 6.878564 1.521887 2.026953 hargrave 2020-09-03 14:24:04 
TT 555 288.5  54.0 288.5  54.0 1.41E-03 002.3 219.6  72.7 5.394274 1.069566 1.538747 hargrave 2020-09-04 11:49:17 
TT 560 286.6  51.7 286.6  51.7 1.14E-03 002.0 228.4  72.9 3.616521 1.357451 1.136061 hargrave 2020-09-04 19:53:21 
TT 567 284.0  51.3 284.0  51.3 7.93E-04 001.5 231.7  71.6 1.986957 0.375376 0.648148 hargrave 2020-09-14 18:15:57 
TT 577 284.9  54.2 284.9  54.2 4.66E-04 002.6 222.9  70.8 2.003348 0.212268 0.536753 hargrave 2020-09-16 10:43:04 
TT 590 314.3  34.3 314.3  34.3 1.22E-04 001.4 037.9  80.5 0.255038 0.152384 0.019014 hargrave 2020-09-16 17:22:26 
TT 610 257.3  25.5 257.3  25.5 6.87E-05 003.2 275.7  46.0 0.357829 0.209047 0.050033 hargrave 2020-09-17 14:15:59 
