BD9- 3a sun compass orientation
      0  95.6  37.0   0.0   0.0   1.0
NRM    102.0  54.4 102.0  54.4 2.32E-02 003.2 133.0  37.6 17.09509 86.66464 93.95441 hargrave 2020-08-22 11:43:58 
TT 150 104.9  56.1 104.9  56.1 2.30E-02 003.0 136.1  37.5 23.57661 74.62463 91.29584 hargrave 2020-08-23 10:08:13 
TT 250 104.6  54.2 104.6  54.2 2.23E-02 002.6 134.1  36.4 57.62732 15.30491 85.34216 hargrave 2020-08-23 16:59:20 
TT 300 106.6  54.9 106.6  54.9 2.21E-02 003.0 135.7  35.9 82.86401 14.49844 83.24387 hargrave 2020-08-24 13:38:03 
TT 350 104.8  53.0 104.8  53.0 2.18E-02 003.1 133.2  35.5 84.57490 20.70750 80.46933 hargrave 2020-08-25 11:20:23 
TT 400 110.7  56.1 110.7  56.1 2.16E-02 002.3 138.8  35.1 42.19328 17.73777 74.57541 hargrave 2020-08-26 09:57:28 
TT 425 108.3  54.2 108.3  54.2 2.09E-02 003.8 136.0  34.8 107.0556 54.12385 73.03809 hargrave 2020-08-26 16:16:00 
TT 450 107.2  52.2 107.2  52.2 1.98E-02 002.3 133.7  33.8 40.10886 15.68228 67.83909 hargrave 2020-08-27 12:21:06 
TT 475 111.2  53.8 111.2  53.8 1.81E-02 002.0 137.2  33.3 28.40772 16.41542 56.89790 hargrave 2020-08-27 18:27:45 
TT 500 107.5  51.3 107.5  51.3 1.69E-02 002.7 133.1  33.1 12.67883 53.11475 59.62699 hargrave 2020-08-28 16:21:21 
TT 520 106.7  50.8 106.7  50.8 1.51E-02 002.7 132.3  33.0 35.62874 18.05985 60.37515 hargrave 2020-08-29 16:15:57 
TT 530 107.2  48.7 107.2  48.7 1.17E-02 002.3 130.8  31.4 29.38788 7.614323 36.79671 hargrave 2020-08-30 14:56:20 
TT 534 111.6  51.2 111.6  51.2 9.88E-03 002.9 135.2  31.2 11.05297 24.92401 41.58850 hargrave 2020-08-31 15:05:07 
TT 537 113.3  52.2 113.3  52.2 7.00E-03 003.8 136.9  31.3 31.17093 2.794612 35.06906 hargrave 2020-09-01 13:03:17 
TT 542 111.1  52.0 111.1  52.0 4.47E-03 003.7 135.6  32.0 20.32745 3.589292 20.08601 hargrave 2020-09-02 12:40:36 
TT 546 108.7  51.1 108.7  51.1 2.65E-03 002.7 133.6  32.4 4.902026 4.449608 10.79953 hargrave 2020-09-02 20:10:23 
TT 551 107.9  50.1 107.9  50.1 1.50E-03 005.4 132.3  32.1 11.36271 5.857857 6.476604 hargrave 2020-09-03 14:34:02 
TT 555 105.0  52.0 105.0  52.0 1.10E-03 003.8 132.4  34.7 5.385964 1.259528 4.907869 hargrave 2020-09-04 11:56:57 
TT 560 106.1  51.5 106.1  51.5 8.14E-04 004.2 132.5  33.9 4.385020 2.239813 3.478265 hargrave 2020-09-04 20:02:30 
TT 567 109.6  54.2 109.6  54.2 5.24E-04 002.8 136.7  34.2 1.242112 0.363574 2.239817 hargrave 2020-09-14 18:24:10 
TT 577 111.9  61.7 111.9  61.7 2.43E-04 003.7 144.5  38.5 1.088017 0.667112 0.936499 hargrave 2020-09-16 10:50:35 
TT 590 087.3  38.5 087.3  38.5 1.54E-04 001.7 110.1  34.4 0.169641 0.323033 0.725884 hargrave 2020-09-16 17:29:57 
TT 610 313.9  63.9 313.9  63.9 2.15E-05 013.4 227.0  61.8 0.274029 0.422067 0.135495 hargrave 2020-09-17 14:25:04 
TT 610 309.4  46.5 309.4  46.5 2.18E-05 006.4 257.1  54.0 0.158015 0.156889 0.148124 hargrave 2020-09-17 16:23:05 
