BD9- 5a sun compass orientation
      0  34.1  72.0   0.0   0.0   1.0
NRM    272.0  14.4 272.0  14.4 1.57E-02 001.2 271.9  59.0 23.24740 18.49313 12.69054 hargrave 2020-08-22 11:46:55 
TT 150 272.4  14.4 272.4  14.4 1.55E-02 001.4 272.1  59.4 32.32183 16.83583 14.14934 hargrave 2020-08-23 10:11:09 
TT 250 272.8  13.6 272.8  13.6 1.52E-02 001.0 273.8  59.6 7.738092 21.97836 14.51846 hargrave 2020-08-23 17:02:16 
TT 300 272.8  14.6 272.8  14.6 1.50E-02 002.2 271.8  59.8 51.98500 20.55524 13.34491 hargrave 2020-08-24 13:41:00 
TT 350 273.3  11.8 273.3  11.8 1.48E-02 001.2 277.4  59.6 19.39350 19.84924 12.01942 hargrave 2020-08-25 11:23:20 
TT 400 273.4  11.8 273.4  11.8 1.45E-02 001.9 277.4  59.7 40.93581 23.59734 13.37396 hargrave 2020-08-26 10:00:27 
TT 425 273.4  12.8 273.4  12.8 1.42E-02 000.9 275.5  60.0 10.15264 15.49951 10.86119 hargrave 2020-08-26 16:18:58 
TT 450 274.0  12.2 274.0  12.2 1.38E-02 000.8 276.9  60.4 15.52440 10.38921 7.547444 hargrave 2020-08-27 12:24:02 
TT 475 274.5  11.8 274.5  11.8 1.31E-02 001.5 278.1  60.7 27.48962 17.40651 8.614033 hargrave 2020-08-27 18:30:42 
TT 500 274.0  15.3 274.0  15.3 1.22E-02 001.0 270.8  61.0 7.451431 17.85159 10.39218 hargrave 2020-08-28 16:24:18 
TT 520 274.3  12.3 274.3  12.3 1.13E-02 001.5 277.1  60.7 21.19927 17.05983 9.269042 hargrave 2020-08-29 16:18:55 
TT 530 274.6  12.5 274.6  12.5 9.18E-03 001.0 276.6  61.0 5.022428 12.75643 7.688846 hargrave 2020-08-30 14:59:18 
TT 534 273.8  14.2 273.8  14.2 7.70E-03 001.4 273.0  60.7 13.72242 11.31733 7.091184 hargrave 2020-08-31 15:08:55 
TT 537 273.0  13.0 273.0  13.0 5.63E-03 000.9 275.0  59.7 3.874237 6.722074 4.603486 hargrave 2020-09-01 13:06:13 
TT 542 272.6  13.5 272.6  13.5 3.63E-03 001.5 273.9  59.3 8.154514 4.595394 2.760881 hargrave 2020-09-02 12:43:33 
TT 546 273.2  12.9 273.2  12.9 2.19E-03 001.6 275.2  59.8 4.247271 3.730784 2.065410 hargrave 2020-09-02 20:12:44 
TT 551 272.7  12.5 272.7  12.5 1.27E-03 001.3 275.8  59.3 1.450466 2.065864 1.324823 hargrave 2020-09-03 14:36:59 
TT 555 272.9  13.1 272.9  13.1 8.99E-04 001.3 274.8  59.6 1.311482 1.412116 0.701997 hargrave 2020-09-04 11:59:55 
TT 560 270.5  11.3 270.5  11.3 7.46E-04 001.4 276.9  56.9 1.189495 1.161166 0.751701 hargrave 2020-09-04 20:05:26 
TT 567 274.4  11.1 274.4  11.1 4.71E-04 001.1 279.4  60.5 0.447694 0.732314 0.374913 hargrave 2020-09-14 18:27:06 
TT 577 272.6  15.1 272.6  15.1 3.03E-04 001.0 270.7  59.7 0.290689 0.408345 0.243406 hargrave 2020-09-16 10:53:31 
TT 590 264.0  17.5 264.0  17.5 1.63E-04 001.8 264.4  51.9 0.478725 0.158494 0.122705 hargrave 2020-09-16 17:32:53 
TT 610 274.5  04.0 274.5  04.0 9.24E-05 001.0 292.3  57.8 0.061071 0.161530 0.045196 hargrave 2020-09-17 14:27:59 
