BD9- 1a sun compass orientation
      0 103.7  46.0   0.0   0.0   1.0
NRM    276.6  41.2 276.6  41.2 4.60E-03 001.3 234.2  23.0 2.223364 4.747396 8.755825 hargrave 2020-08-22 11:40:48 
TT 150 274.8  39.7 274.8  39.7 4.48E-03 007.4 234.5  21.0 44.39993 36.33362 8.368854 hargrave 2020-08-23 10:05:08 
TT 250 270.8  40.3 270.8  40.3 4.29E-03 002.7 231.9  19.1 13.38264 13.72877 6.712317 hargrave 2020-08-23 16:56:06 
TT 300 267.7  42.3 267.7  42.3 4.18E-03 005.9 228.6  18.7 30.40072 29.78136 6.070567 hargrave 2020-08-24 13:34:58 
TT 350 271.8  38.6 271.8  38.6 4.09E-03 000.9 233.7  18.5 3.144216 1.414927 5.203601 hargrave 2020-08-25 11:17:12 
TT 400 275.0  35.6 275.0  35.6 3.99E-03 002.5 237.9  18.4 13.18353 10.75188 4.803037 hargrave 2020-08-26 09:54:21 
TT 425 274.4  36.8 274.4  36.8 3.86E-03 001.6 236.6  18.9 7.294051 6.891087 4.166589 hargrave 2020-08-26 16:12:52 
TT 450 272.7  38.3 272.7  38.3 3.66E-03 001.6 234.5  18.8 7.017793 6.463116 3.705245 hargrave 2020-08-27 12:18:00 
TT 475 271.3  41.0 271.3  41.0 3.30E-03 002.8 231.6  19.8 13.24242 8.891143 3.419726 hargrave 2020-08-27 18:24:37 
TT 500 274.3  39.3 274.3  39.3 2.98E-03 003.0 234.6  20.5 12.95576 7.447470 3.643226 hargrave 2020-08-28 16:18:15 
TT 520 274.1  39.6 274.1  39.6 2.68E-03 001.0 234.2  20.5 3.001132 0.893620 3.397509 hargrave 2020-08-29 16:12:50 
TT 530 274.6  39.6 274.6  39.6 2.11E-03 000.9 234.5  20.8 1.632404 2.040624 1.882303 hargrave 2020-08-30 14:52:23 
TT 534 278.6  37.6 278.6  37.6 1.84E-03 001.4 238.3  21.9 0.848580 2.004337 3.780750 hargrave 2020-08-31 15:01:59 
TT 537 275.9  37.6 275.9  37.6 1.35E-03 002.0 236.8  20.3 1.761895 2.849016 3.448174 hargrave 2020-09-01 12:59:23 
TT 542 280.5  33.0 280.5  33.0 9.99E-04 003.2 243.1  20.2 4.134727 3.277151 2.070847 hargrave 2020-09-02 12:37:29 
TT 546 279.0  35.5 279.0  35.5 7.48E-04 001.7 240.2  20.8 0.424034 1.244478 1.841719 hargrave 2020-09-02 20:07:52 
TT 551 283.9  34.4 283.9  34.4 4.61E-04 004.3 243.9  23.2 2.701355 1.907899 1.016508 hargrave 2020-09-03 14:30:06 
TT 555 273.5  39.9 273.5  39.9 3.54E-04 003.0 233.6  20.4 1.142222 1.158427 0.852399 hargrave 2020-09-04 11:53:50 
TT 560 279.0  36.0 279.0  36.0 2.46E-04 003.6 239.8  21.1 1.034140 0.995801 0.550580 hargrave 2020-09-04 19:59:23 
TT 567 282.2  34.6 282.2  34.6 1.48E-04 003.0 242.8  22.3 0.576161 0.432704 0.264103 hargrave 2020-09-14 18:20:18 
TT 577 272.4  44.6 272.4  44.6 9.06E-05 004.6 229.3  22.8 0.516902 0.497679 0.168160 hargrave 2020-09-16 10:47:29 
TT 590 005.9  44.4 005.9  44.4 2.07E-05 005.5 263.6  84.4 0.077823 0.181210 0.032898 hargrave 2020-09-16 17:26:51 
TT 610 000.5  50.1 000.5  50.1 1.52E-05 006.0 231.4  79.2 0.069252 0.143787 0.008978 hargrave 2020-09-17 14:21:11 
