BD9- 4a sun compass orientation
      0  81.5  46.0   0.0   0.0   1.0
NRM    289.0  46.4 289.0  46.4 8.89E-03 001.1 243.9  47.1 5.498889 13.88282 9.061340 hargrave 2020-08-22 11:45:26 
TT 150 288.8  44.9 288.8  44.9 8.78E-03 002.7 245.8  46.4 30.79179 27.37341 8.163495 hargrave 2020-08-23 10:09:40 
TT 250 286.0  47.1 286.0  47.1 8.40E-03 000.9 241.9  45.4 8.409444 6.559953 7.567372 hargrave 2020-08-23 17:00:48 
TT 300 286.0  46.6 286.0  46.6 8.26E-03 001.6 242.6  45.2 21.50660 5.211088 7.179630 hargrave 2020-08-24 13:39:31 
TT 350 286.3  45.1 286.3  45.1 8.14E-03 000.9 244.6  44.8 6.210796 10.05522 6.409517 hargrave 2020-08-25 11:21:51 
TT 400 287.9  42.3 287.9  42.3 8.03E-03 000.8 248.9  44.8 6.364763 8.178714 4.736676 hargrave 2020-08-26 09:58:58 
TT 425 286.3  44.8 286.3  44.8 7.80E-03 001.8 245.1  44.7 20.26083 12.57348 3.959519 hargrave 2020-08-26 16:17:29 
TT 450 287.1  44.5 287.1  44.5 7.52E-03 001.1 245.8  45.1 10.46726 8.717202 4.105599 hargrave 2020-08-27 12:22:34 
TT 475 285.6  46.6 285.6  46.6 6.98E-03 001.0 242.4  45.0 8.626322 8.542895 3.933852 hargrave 2020-08-27 18:29:13 
TT 500 284.8  47.8 284.8  47.8 6.40E-03 001.8 240.5  44.9 18.25036 6.360612 4.170803 hargrave 2020-08-28 16:22:48 
TT 520 284.8  47.8 284.8  47.8 5.68E-03 001.0 240.6  44.9 3.950495 7.490587 4.425746 hargrave 2020-08-29 16:17:26 
TT 530 286.4  49.2 286.4  49.2 4.44E-03 000.9 239.2  46.4 4.458205 5.275345 2.528735 hargrave 2020-08-30 14:57:49 
TT 534 286.6  46.0 286.6  46.0 3.64E-03 002.0 243.6  45.4 11.88272 1.736507 4.804132 hargrave 2020-08-31 15:07:26 
TT 537 284.9  45.5 284.9  45.5 2.86E-03 001.4 243.6  44.1 1.465896 5.214209 4.661298 hargrave 2020-09-01 13:04:45 
TT 542 283.2  42.2 283.2  42.2 2.02E-03 001.4 246.9  41.6 3.392806 2.047458 3.112600 hargrave 2020-09-02 12:42:04 
TT 546 280.7  44.9 280.7  44.9 1.37E-03 001.2 242.6  41.1 1.415370 1.408973 2.073385 hargrave 2020-09-02 20:11:33 
TT 551 277.3  46.1 277.3  46.1 8.11E-04 003.3 239.8  39.5 3.273258 3.167253 1.105036 hargrave 2020-09-03 14:35:30 
TT 555 279.8  43.6 279.8  43.6 6.19E-04 001.4 243.8  40.0 0.661695 1.135342 0.820093 hargrave 2020-09-04 11:58:26 
TT 560 275.1  45.6 275.1  45.6 4.91E-04 002.5 239.6  37.9 1.198325 1.565140 0.801117 hargrave 2020-09-04 20:03:58 
TT 567 275.5  49.7 275.5  49.7 3.15E-04 002.2 235.0  39.9 0.747041 0.915286 0.276549 hargrave 2020-09-14 18:25:37 
TT 577 283.2  47.4 283.2  47.4 1.40E-04 001.5 240.5  43.8 0.130440 0.364550 0.117243 hargrave 2020-09-16 10:52:03 
TT 590 302.3  32.9 302.3  32.9 4.23E-05 004.6 269.1  50.5 0.106625 0.320941 0.121401 hargrave 2020-09-16 17:31:25 
TT 610 296.8  18.6 296.8  18.6 1.92E-05 004.6 281.0  38.0 0.065809 0.211132 0.027369 hargrave 2020-09-17 14:26:32 
