BD9- 7a sun compass orientation
      0  14.8  70.0   0.0   0.0   1.0
NRM    280.7  42.6 280.7  42.6 7.98E-03 000.9 187.7  67.1 9.925116 6.404289 4.769781 hargrave 2020-08-22 11:50:48 
TT 150 280.4  41.7 280.4  41.7 7.78E-03 000.4 188.7  68.0 4.256528 4.332782 2.650751 hargrave 2020-08-23 10:14:12 
TT 250 281.5  41.2 281.5  41.2 7.35E-03 000.7 186.8  68.6 2.888810 8.297430 2.043045 hargrave 2020-08-23 17:05:19 
TT 300 280.1  40.8 280.1  40.8 7.21E-03 000.4 190.0  68.8 3.396841 3.945638 2.248559 hargrave 2020-08-24 13:44:04 
TT 350 280.8  40.7 280.8  40.7 7.07E-03 001.5 188.5  69.1 3.176992 18.67133 2.093697 hargrave 2020-08-25 11:26:24 
TT 400 279.5  40.0 279.5  40.0 6.84E-03 001.6 191.7  69.5 7.771961 17.06329 3.869480 hargrave 2020-08-26 10:04:22 
TT 425 280.8  40.7 280.8  40.7 6.56E-03 002.4 188.4  69.0 10.46411 25.70713 2.610301 hargrave 2020-08-26 16:22:03 
TT 450 281.2  40.3 281.2  40.3 6.29E-03 001.3 187.9  69.4 9.058192 10.05408 2.753598 hargrave 2020-08-27 12:27:10 
TT 475 281.3  40.8 281.3  40.8 5.96E-03 000.7 187.5  69.0 4.313615 5.132950 1.476705 hargrave 2020-08-27 18:33:44 
TT 500 282.0  40.7 282.0  40.7 5.56E-03 000.7 185.9  69.1 2.279900 6.133193 1.042584 hargrave 2020-08-28 16:27:22 
TT 520 280.1  39.6 280.1  39.6 5.15E-03 002.4 190.6  70.0 6.899692 20.44361 1.408846 hargrave 2020-08-29 16:24:27 
TT 530 281.8  40.5 281.8  40.5 4.35E-03 000.7 186.5  69.3 4.422124 2.437729 1.434614 hargrave 2020-08-30 15:02:25 
TT 534 279.9  40.1 279.9  40.1 3.69E-03 000.7 190.7  69.4 3.253209 2.367813 1.482413 hargrave 2020-08-31 15:12:00 
TT 537 280.5  39.9 280.5  39.9 3.06E-03 001.2 189.5  69.8 5.539346 1.965299 2.019590 hargrave 2020-09-01 13:09:17 
TT 542 278.8  39.8 278.8  39.8 2.46E-03 001.7 193.3  69.5 5.671838 4.235364 2.417187 hargrave 2020-09-02 12:46:38 
TT 546 280.5  38.8 280.5  38.8 2.02E-03 000.9 190.2  70.8 2.615894 1.687288 1.108004 hargrave 2020-09-02 20:15:12 
TT 551 279.4  38.6 279.4  38.6 1.62E-03 001.9 193.0  70.8 1.145943 5.156590 0.774442 hargrave 2020-09-03 14:40:04 
TT 555 279.0  40.3 279.0  40.3 1.40E-03 000.8 192.4  69.1 1.716999 0.817356 0.575451 hargrave 2020-09-04 12:03:05 
TT 560 276.7  38.6 276.7  38.6 1.22E-03 000.7 199.0  70.2 1.187704 0.755249 0.475423 hargrave 2020-09-04 20:08:30 
TT 567 280.1  41.0 280.1  41.0 9.41E-04 000.6 189.7  68.6 0.262785 0.952518 0.265373 hargrave 2020-09-14 18:30:07 
TT 577 276.7  36.7 276.7  36.7 4.70E-04 000.5 201.2  71.8 0.194656 0.313729 0.209984 hargrave 2020-09-16 10:56:36 
TT 590 281.6  44.9 281.6  44.9 2.25E-04 003.0 185.3  65.0 0.092007 1.192043 0.114709 hargrave 2020-09-16 17:35:57 
TT 610 291.5  54.4 291.5  54.4 9.06E-05 003.2 173.2  55.2 0.206884 0.458437 0.089358 hargrave 2020-09-17 14:31:04 
