BD9- 8a sun compass orientation
      0  11.8  51.0   0.0   0.0   1.0
NRM    272.6  38.6 272.6  38.6 1.21E-02 000.4 270.7  82.9 5.382729 6.311053 6.418683 hargrave 2020-08-22 11:52:16 
TT 150 272.0  38.4 272.0  38.4 1.19E-02 000.7 271.2  82.3 13.18254 4.789106 4.685584 hargrave 2020-08-23 10:15:42 
TT 250 271.6  37.6 271.6  37.6 1.15E-02 000.4 276.5  81.9 6.848718 4.620807 7.068735 hargrave 2020-08-23 17:06:52 
TT 300 271.4  36.8 271.4  36.8 1.13E-02 001.0 281.6  81.5 19.31132 6.139160 6.632638 hargrave 2020-08-24 13:45:33 
TT 350 271.1  36.8 271.1  36.8 1.12E-02 001.3 281.2  81.3 24.80844 5.845409 7.625525 hargrave 2020-08-25 11:27:53 
TT 400 271.3  36.4 271.3  36.4 1.10E-02 001.7 283.9  81.3 31.63660 4.384043 6.267561 hargrave 2020-08-26 10:05:51 
TT 425 272.0  35.3 272.0  35.3 1.07E-02 002.0 292.1  81.4 35.94181 5.694025 6.940226 hargrave 2020-08-26 16:23:33 
TT 450 271.8  35.9 271.8  35.9 1.04E-02 001.8 288.5  81.5 32.26224 4.231709 7.812591 hargrave 2020-08-27 12:28:38 
TT 475 271.9  35.9 271.9  35.9 9.92E-03 001.5 288.5  81.6 25.20901 4.757583 7.286446 hargrave 2020-08-27 18:35:12 
TT 500 272.4  34.9 272.4  34.9 9.24E-03 000.8 295.9  81.4 10.15436 5.285939 7.001790 hargrave 2020-08-28 16:28:51 
TT 520 271.8  35.3 271.8  35.3 8.55E-03 000.5 291.9  81.2 4.645704 5.142873 5.776223 hargrave 2020-08-29 16:25:58 
TT 530 273.1  34.6 273.1  34.6 6.63E-03 001.7 299.4  81.8 19.18960 4.110651 3.399907 hargrave 2020-08-30 15:03:54 
TT 534 273.7  34.0 273.7  34.0 4.87E-03 000.6 305.1  81.7 3.142164 4.027169 1.822027 hargrave 2020-08-31 15:13:30 
TT 537 273.9  35.1 273.9  35.1 3.45E-03 000.7 299.1  82.6 2.378841 3.180244 1.371808 hargrave 2020-09-01 13:10:46 
TT 542 273.1  37.2 273.1  37.2 2.14E-03 000.6 282.2  82.9 1.593184 1.687485 0.785323 hargrave 2020-09-02 12:48:07 
TT 546 273.9  37.7 273.9  37.7 1.51E-03 001.0 278.9  83.7 1.553691 1.960951 0.949205 hargrave 2020-09-02 20:16:23 
TT 551 278.1  38.7 278.1  38.7 9.95E-04 000.7 275.5  87.1 0.511564 1.017779 0.354607 hargrave 2020-09-03 14:41:33 
TT 555 279.4  42.2 279.4  42.2 8.31E-04 000.7 208.7  86.3 0.453417 0.922223 0.246045 hargrave 2020-09-04 12:04:38 
TT 560 276.1  39.7 276.1  39.7 6.67E-04 000.7 259.5  85.5 0.404882 0.690589 0.286821 hargrave 2020-09-04 20:09:59 
TT 567 281.3  44.4 281.3  44.4 4.50E-04 001.5 183.9  84.6 1.087931 0.478812 0.054538 hargrave 2020-09-14 18:31:36 
TT 577 271.9  39.6 271.9  39.6 2.27E-04 001.2 262.4  82.4 0.342171 0.339934 0.075808 hargrave 2020-09-16 10:58:04 
TT 590 284.7  28.7 284.7  28.7 1.05E-04 002.4 013.8  79.4 0.241294 0.361857 0.126647 hargrave 2020-09-16 17:37:26 
TT 610 253.3  20.1 253.3  20.1 4.41E-05 004.5 299.4  59.1 0.190294 0.275270 0.116719 hargrave 2020-09-17 14:33:21 
