BD9- 2a sun compass orientation
      0 110.6  41.0   0.0   0.0   1.0
NRM    282.9  35.0 282.9  35.0 8.45E-03 001.2 240.5  21.2 13.28801 8.633704 8.691983 hargrave 2020-08-22 11:42:23 
TT 150 280.3  35.7 280.3  35.7 8.33E-03 003.3 238.4  20.2 39.99828 25.15135 7.908237 hargrave 2020-08-23 10:06:42 
TT 250 280.7  33.7 280.7  33.7 8.05E-03 001.1 240.0  18.9 12.84115 6.391337 7.378491 hargrave 2020-08-23 16:57:45 
TT 300 279.8  33.4 279.8  33.4 7.93E-03 002.0 239.7  18.2 24.01381 12.56541 5.594008 hargrave 2020-08-24 13:36:32 
TT 350 282.1  31.0 282.1  31.0 7.80E-03 002.2 242.9  17.8 26.91880 11.52635 5.557137 hargrave 2020-08-25 11:18:47 
TT 400 281.1  31.5 281.1  31.5 7.68E-03 003.3 241.9  17.6 39.58570 19.54455 5.567556 hargrave 2020-08-26 09:55:56 
TT 425 281.1  31.5 281.1  31.5 7.47E-03 002.1 241.9  17.6 24.21567 10.46528 5.693278 hargrave 2020-08-26 16:14:27 
TT 450 281.2  31.1 281.2  31.1 7.16E-03 001.0 242.3  17.4 11.08881 3.674567 5.099866 hargrave 2020-08-27 12:19:35 
TT 475 276.3  34.8 276.3  34.8 6.66E-03 001.9 236.5  17.3 19.04375 9.654773 6.066085 hargrave 2020-08-27 18:26:11 
TT 500 280.0  32.1 280.0  32.1 6.23E-03 002.2 240.7  17.4 19.52275 13.78552 4.363797 hargrave 2020-08-28 16:19:49 
TT 520 277.0  34.3 277.0  34.3 5.63E-03 005.0 237.2  17.3 41.48380 26.71755 3.844737 hargrave 2020-08-29 16:14:25 
TT 530 277.5  33.5 277.5  33.5 4.75E-03 000.8 238.1  17.0 5.694019 2.537666 3.219542 hargrave 2020-08-30 14:53:59 
TT 534 279.8  32.0 279.8  32.0 4.22E-03 002.4 240.7  17.2 15.12695 8.306423 4.985651 hargrave 2020-08-31 15:03:35 
TT 537 278.8  31.0 278.8  31.0 3.33E-03 001.1 240.7  15.9 3.085842 2.757028 4.600852 hargrave 2020-09-01 13:00:58 
TT 542 277.0  32.4 277.0  32.4 2.00E-03 005.5 238.5  15.9 16.11293 10.56061 2.553207 hargrave 2020-09-02 12:39:04 
TT 546 275.7  32.5 275.7  32.5 1.50E-03 001.9 237.7  15.2 3.746096 2.803083 1.690905 hargrave 2020-09-02 20:09:09 
TT 551 275.4  35.1 275.4  35.1 8.57E-04 003.9 235.7  17.1 4.581299 3.525572 1.052193 hargrave 2020-09-03 14:32:30 
TT 555 273.9  36.0 273.9  36.0 5.89E-04 000.6 234.1  16.9 0.479762 0.301962 0.368923 hargrave 2020-09-04 11:55:25 
TT 560 285.2  37.3 285.2  37.3 4.39E-04 003.3 240.2  24.1 2.038296 1.399060 0.444235 hargrave 2020-09-04 20:00:58 
TT 567 270.7  43.7 270.7  43.7 2.59E-04 002.4 226.8  21.1 0.754892 0.752545 0.265836 hargrave 2020-09-14 18:21:51 
TT 577 274.2  33.6 274.2  33.6 1.66E-04 000.8 235.9  15.3 0.137325 0.155845 0.145126 hargrave 2020-09-16 10:49:03 
TT 590 100.7  51.4 100.7  51.4 2.73E-05 005.6 125.1  41.3 0.155929 0.268841 0.152858 hargrave 2020-09-16 17:28:26 
TT 610 269.1  13.6 269.1  13.6 4.83E-05 005.4 244.9 -03.2 0.305166 0.406335 0.109374 hargrave 2020-09-17 14:22:44 
