BD9- 6a sun compass orientation
      0  20.5  72.0   0.0   0.0   1.0
NRM    276.0  40.6 276.0  40.6 6.09E-03 001.7 205.8  64.2 16.00875 7.710627 5.381450 hargrave 2020-08-22 11:48:27 
TT 150 275.5  39.7 275.5  39.7 5.97E-03 001.9 207.8  64.7 15.34620 11.26434 4.359633 hargrave 2020-08-23 10:12:41 
TT 250 274.6  38.0 274.6  38.0 5.57E-03 000.9 211.5  65.6 7.448034 2.671522 4.022032 hargrave 2020-08-23 17:03:48 
TT 300 274.5  37.7 274.5  37.7 5.45E-03 000.7 212.1  65.8 5.257039 3.191374 3.081135 hargrave 2020-08-24 13:42:32 
TT 350 273.9  37.1 273.9  37.1 5.37E-03 000.5 213.9  66.0 2.124888 3.010892 2.450217 hargrave 2020-08-25 11:24:52 
TT 400 274.5  37.2 274.5  37.2 5.25E-03 000.8 213.0  66.2 4.515746 5.928915 2.316119 hargrave 2020-08-26 10:01:59 
TT 425 275.1  37.2 275.1  37.2 5.10E-03 000.5 212.0  66.5 2.486787 2.850395 2.080821 hargrave 2020-08-26 16:20:31 
TT 450 274.9  36.4 274.9  36.4 4.93E-03 001.8 213.6  67.0 6.940773 13.68349 2.124814 hargrave 2020-08-27 12:25:34 
TT 475 276.1  36.6 276.1  36.6 4.67E-03 001.1 211.4  67.5 4.222351 7.917749 2.054782 hargrave 2020-08-27 18:32:13 
TT 500 278.4  37.4 278.4  37.4 4.31E-03 002.0 206.3  67.9 7.992128 12.57601 1.831028 hargrave 2020-08-28 16:25:50 
TT 520 277.1  36.6 277.1  36.6 3.96E-03 000.9 209.6  67.9 2.066704 5.472690 1.850053 hargrave 2020-08-29 16:20:27 
TT 530 278.1  37.0 278.1  37.0 3.16E-03 001.2 207.3  68.1 3.831847 5.635405 1.009122 hargrave 2020-08-30 15:00:51 
TT 534 278.2  36.9 278.2  36.9 2.63E-03 001.8 207.4  68.2 7.276612 2.921246 2.255104 hargrave 2020-08-31 15:10:28 
TT 537 277.9  37.6 277.9  37.6 2.11E-03 001.8 206.9  67.5 6.147371 1.328649 2.217564 hargrave 2020-09-01 13:07:46 
TT 542 278.5  37.4 278.5  37.4 1.46E-03 001.5 206.0  67.9 3.592130 0.886968 1.393148 hargrave 2020-09-02 12:45:05 
TT 546 277.6  39.0 277.6  39.0 1.09E-03 001.7 205.5  66.2 2.857682 0.965128 1.084803 hargrave 2020-09-02 20:13:58 
TT 551 277.3  40.7 277.3  40.7 7.80E-04 001.5 203.8  64.6 1.547306 0.952423 0.848115 hargrave 2020-09-03 14:38:31 
TT 555 279.7  41.5 279.7  41.5 6.66E-04 001.6 199.2  64.8 1.682623 0.396650 0.769968 hargrave 2020-09-04 12:01:32 
TT 560 277.4  40.2 277.4  40.2 5.28E-04 001.5 204.4  65.1 0.971793 0.732251 0.620410 hargrave 2020-09-04 20:06:58 
TT 567 277.3  39.5 277.3  39.5 3.78E-04 001.2 205.4  65.6 0.648229 0.323200 0.279356 hargrave 2020-09-14 18:28:36 
TT 577 273.0  38.2 273.0  38.2 1.95E-04 002.4 213.4  64.7 0.699518 0.416961 0.129779 hargrave 2020-09-16 10:55:03 
TT 590 287.1  29.8 287.1  29.8 7.42E-05 001.7 194.0  77.8 0.102055 0.184280 0.062563 hargrave 2020-09-16 17:34:25 
TT 610 247.3  05.2 247.3  05.2 3.33E-05 005.8 281.5  45.9 0.294487 0.316482 0.041679 hargrave 2020-09-17 14:29:31 
